A01	1	1000000	0,100
A01	800001	1800000	0,100
A01	1600001	2600000	0,100
A01	4000001	5000000	0,100
A01	4800001	5800000	0,100
A01	7200001	8200000	0,100
A01	10400001	11400000	0,100
A01	11200001	12200000	0,100
A01	12000001	13000000	0,100
A01	16000001	17000000	0,100
A01	20800001	21800000	0,100
A01	23200001	24200000	0,100
A01	24000001	25000000	0,100
A01	30400001	31400000	0,100
A01	31200001	32200000	0,100
A01	33600001	34600000	0,100
A01	51200001	52200000	0,100
A01	52000001	53000000	0,100
A01	54400001	55400000	0,100
A01	55200001	56200000	0,100
A01	68000001	69000000	0,100
A01	68800001	69800000	0,100
A01	90400001	91400000	0,100
A01	91200001	92200000	0,100
A01	98400001	99400000	0,100
A01	99200001	99884700	0,100
A02	1	1000000	0,100
A02	800001	1800000	0,100
A02	1600001	2600000	0,100
A02	2400001	3400000	0,100
A02	3200001	4200000	0,100
A02	4800001	5800000	0,100
A02	10400001	11400000	0,100
A02	11200001	12200000	0,100
A02	12800001	13800000	0,100
A02	13600001	14600000	0,100
A02	28800001	29800000	0,100
A02	29600001	30600000	0,100
A02	40000001	41000000	0,100
A02	41600001	42600000	0,100
A02	43200001	44200000	0,100
A02	60000001	61000000	0,100
A02	71200001	72200000	0,100
A02	80800001	81800000	0,100
A02	82400001	83400000	0,100
A03	1	1000000	0,100
A03	800001	1800000	0,100
A03	1600001	2600000	0,100
A03	2400001	3400000	0,100
A03	3200001	4200000	0,100
A03	4000001	5000000	0,100
A03	8000001	9000000	0,100
A03	8800001	9800000	0,100
A03	13600001	14600000	0,100
A03	16800001	17800000	0,100
A03	17600001	18600000	0,100
A03	18400001	19400000	0,100
A03	28800001	29800000	0,100
A03	29600001	30600000	0,100
A03	32000001	33000000	0,100
A03	40000001	41000000	0,100
A03	40800001	41800000	0,100
A03	60000001	61000000	0,100
A03	60800001	61800000	0,100
A03	71200001	72200000	0,100
A03	74400001	75400000	0,100
A03	75200001	76200000	0,100
A03	76000001	77000000	0,100
A03	82400001	83400000	0,100
A03	83200001	84200000	5,95
A03	85600001	86600000	0,100
A03	86400001	87400000	0,100
A03	88000001	89000000	0,100
A03	88800001	89800000	0,100
A03	92800001	93800000	0,100
A03	93600001	94600000	0,100
A03	94400001	95400000	0,100
A03	95200001	96200000	0,100
A03	96800001	97800000	0,100
A03	97600001	98600000	0,100
A03	98400001	99400000	0,100
A03	99200001	100200000	0,100
A03	100000001	100263045	0,100
A04	800001	1800000	0,100
A04	10400001	11400000	0,100
A04	17600001	18600000	0,100
A04	36000001	37000000	0,100
A04	36800001	37800000	0,100
A04	48800001	49800000	0,100
A04	50400001	51400000	0,100
A04	51200001	52200000	0,100
A04	52000001	53000000	0,100
A04	52800001	53800000	0,100
A04	56000001	57000000	0,100
A04	57600001	58600000	0,100
A04	58400001	59400000	0,100
A04	59200001	60200000	0,100
A04	60000001	61000000	0,100
A04	60800001	61800000	25,75
A04	61600001	62600000	14.2857,85.7143
A04	62400001	62913772	0,100
A05	1	1000000	0,100
A05	800001	1800000	0,100
A05	8000001	9000000	0,100
A05	8800001	9800000	0,100
A05	15200001	16200000	0,100
A05	16000001	17000000	0,100
A05	17600001	18600000	0,100
A05	18400001	19400000	0,100
A05	19200001	20200000	0,100
A05	24000001	25000000	20,80
A05	24800001	25800000	0,100
A05	25600001	26600000	0,100
A05	26400001	27400000	0,100
A05	33600001	34600000	0,100
A05	34400001	35400000	0,100
A05	39200001	40200000	0,100
A05	43200001	44200000	0,100
A05	50400001	51400000	0,100
A05	56000001	57000000	0,100
A05	60800001	61800000	0,100
A05	61600001	62600000	0,100
A05	65600001	66600000	0,100
A05	66400001	67400000	0,100
A05	75200001	76200000	0,100
A05	80800001	81800000	0,100
A05	83200001	84200000	0,100
A06	1	1000000	33.3333,66.6667
A06	800001	1800000	0,100
A06	1600001	2600000	0,100
A06	2400001	3400000	0,100
A06	8800001	9800000	0,100
A06	9600001	10600000	0,100
A06	14400001	15400000	0,100
A06	15200001	16200000	0,100
A06	16000001	17000000	0,100
A06	16800001	17800000	0,100
A06	17600001	18600000	0,100
A06	40000001	41000000	0,100
A06	57600001	58600000	0,100
A06	58400001	59400000	0,100
A06	63200001	64200000	100,0
A06	69600001	70600000	0,100
A06	92000001	93000000	0,100
A06	92800001	93800000	0,100
A06	96800001	97800000	0,100
A06	98400001	99400000	0,100
A06	101600001	102600000	0,100
A07	1	1000000	0,100
A07	800001	1800000	0,100
A07	1600001	2600000	0,100
A07	2400001	3400000	0,100
A07	5600001	6600000	0,100
A07	11200001	12200000	0,100
A07	13600001	14600000	0,100
A07	20000001	21000000	0,100
A07	42400001	43400000	0,100
A07	49600001	50600000	0,100
A07	61600001	62600000	0,100
A07	64000001	65000000	0,100
A07	65600001	66600000	0,100
A07	68000001	69000000	0,100
A07	68800001	69800000	0,100
A07	69600001	70600000	0,100
A07	70400001	71400000	0,100
A07	72000001	73000000	0,100
A07	72800001	73800000	0,100
A08	1	1000000	0,100
A08	1600001	2600000	0,100
A08	2400001	3400000	0,100
A08	3200001	4200000	0,100
A08	4000001	5000000	0,100
A08	4800001	5800000	0,100
A08	6400001	7400000	0,100
A08	9600001	10600000	0,100
A08	10400001	11400000	0,100
A08	12800001	13800000	0,100
A08	26400001	27400000	0,100
A08	27200001	28200000	0,100
A08	29600001	30600000	0,100
A08	32800001	33800000	0,100
A08	33600001	34600000	0,100
A08	56800001	57800000	0,100
A08	70400001	71400000	0,100
A08	72000001	73000000	0,100
A08	84000001	85000000	0,100
A08	84800001	85800000	0,100
A08	89600001	90600000	0,100
A08	90400001	91400000	0,100
A08	92000001	93000000	0,100
A08	93600001	94600000	0,100
A08	95200001	96200000	0,100
A08	96000001	97000000	0,100
A08	99200001	100200000	0,100
A08	100800001	101800000	0,100
A08	101600001	102600000	0,100
A08	102400001	103400000	0,100
A09	23200001	24200000	0,100
A09	24000001	25000000	0,100
A09	32800001	33800000	0,100
A09	33600001	34600000	0,100
A09	34400001	35400000	0,100
A09	36800001	37800000	0,100
A09	48000001	49000000	0,100
A09	48800001	49800000	0,100
A09	51200001	52200000	0,100
A09	52000001	53000000	0,100
A09	58400001	59400000	0,100
A09	59200001	60200000	0,100
A09	66400001	67400000	0,100
A09	67200001	68200000	0,100
A09	70400001	71400000	20,80
A09	71200001	72200000	0,100
A09	72000001	73000000	0,100
A09	72800001	73800000	0,100
A10	1	1000000	0,100
A10	800001	1800000	50,50
A10	1600001	2600000	0,100
A10	2400001	3400000	0,100
A10	3200001	4200000	0,100
A10	11200001	12200000	100,0
A10	12800001	13800000	0,100
A10	18400001	19400000	0,100
A10	23200001	24200000	0,100
A10	25600001	26600000	0,100
A10	46400001	47400000	0,100
A10	47200001	48200000	0,100
A10	56800001	57800000	0,100
A10	58400001	59400000	0,100
A10	59200001	60200000	0,100
A10	62400001	63400000	0,100
A10	69600001	70600000	0,100
A10	72000001	73000000	0,100
A10	88000001	89000000	0,100
A10	92800001	93800000	0,100
A10	93600001	94600000	0,100
A10	94400001	95400000	0,100
A10	99200001	100200000	0,100
A10	100000001	101000000	0,100
A11	1	1000000	0,100
A11	800001	1800000	0,100
A11	2400001	3400000	0,100
A11	4000001	5000000	0,100
A11	4800001	5800000	0,100
A11	7200001	8200000	0,100
A11	8000001	9000000	0,100
A11	8800001	9800000	0,100
A11	9600001	10600000	0,100
A11	10400001	11400000	0,100
A11	13600001	14600000	0,100
A11	16800001	17800000	0,100
A11	17600001	18600000	0,100
A11	23200001	24200000	0,100
A11	24000001	25000000	0,100
A11	24800001	25800000	0,100
A11	25600001	26600000	0,100
A11	34400001	35400000	0,100
A11	46400001	47400000	0,100
A11	48800001	49800000	0,100
A11	49600001	50600000	0,100
A11	62400001	63400000	0,100
A11	63200001	64200000	0,100
A11	66400001	67400000	0,100
A11	67200001	68200000	0,100
A11	89600001	90600000	0,100
A11	91200001	92200000	0,100
A11	92000001	93000000	0,100
A11	92800001	93316192	0,100
A12	1	1000000	0,100
A12	800001	1800000	0,100
A12	1600001	2600000	0,100
A12	8000001	9000000	0,100
A12	8800001	9800000	0,100
A12	9600001	10600000	0,100
A12	10400001	11400000	0,100
A12	12800001	13800000	0,100
A12	13600001	14600000	0,100
A12	16000001	17000000	0,100
A12	36800001	37800000	0,100
A12	38400001	39400000	100,0
A12	39200001	40200000	100,0
A12	44800001	45800000	0,100
A12	59200001	60200000	0,100
A12	60800001	61800000	0,100
A12	64000001	65000000	0,100
A12	72800001	73800000	0,100
A12	73600001	74600000	0,100
A12	78400001	79400000	0,100
A12	80000001	81000000	0,100
A12	83200001	84200000	0,100
A12	84000001	85000000	0,100
A12	84800001	85800000	0,100
A12	85600001	86600000	0,100
A12	87200001	87484866	0,100
A13	1	1000000	100,0
A13	800001	1800000	0,100
A13	1600001	2600000	33.3333,66.6667
A13	3200001	4200000	0,100
A13	4800001	5800000	0,100
A13	10400001	11400000	0,100
A13	11200001	12200000	0,100
A13	12000001	13000000	0,100
A13	12800001	13800000	0,100
A13	13600001	14600000	0,100
A13	14400001	15400000	0,100
A13	20000001	21000000	0,100
A13	20800001	21800000	0,100
A13	23200001	24200000	0,100
A13	24800001	25800000	0,100
A13	60000001	61000000	0,100
A13	60800001	61800000	0,100
A13	71200001	72200000	0,100
A13	75200001	76200000	0,100
A13	76000001	77000000	0,100
A13	77600001	78600000	0,100
A13	78400001	79400000	0,100
A13	79200001	79961121	0,100
D01	1	1000000	0,100
D01	800001	1800000	0,100
D01	2400001	3400000	0,100
D01	4000001	5000000	0,100
D01	4800001	5800000	0,100
D01	5600001	6600000	0,100
D01	13600001	14600000	0,100
D01	16000001	17000000	0,100
D01	16800001	17800000	0,100
D01	18400001	19400000	0,100
D01	23200001	24200000	0,100
D01	24000001	25000000	0,100
D01	41600001	42600000	0,100
D01	50400001	51400000	0,100
D01	56800001	57800000	0,100
D02	1	1000000	0,100
D02	2400001	3400000	0,100
D02	3200001	4200000	0,100
D02	4000001	5000000	0,100
D02	4800001	5800000	0,100
D02	5600001	6600000	0,100
D02	6400001	7400000	0,100
D02	7200001	8200000	0,100
D02	8000001	9000000	0,100
D02	10400001	11400000	0,100
D02	12000001	13000000	0,100
D02	12800001	13800000	0,100
D02	15200001	16200000	0,100
D02	16000001	17000000	0,100
D02	48800001	49800000	0,100
D02	53600001	54600000	0,100
D02	54400001	55400000	0,100
D02	56000001	57000000	0,100
D02	56800001	57800000	0,100
D02	63200001	64200000	0,100
D02	64000001	65000000	0,100
D02	64800001	65800000	0,100
D02	65600001	66600000	0,100
D02	66400001	67400000	0,100
D03	1	1000000	0,100
D03	1600001	2600000	0,100
D03	2400001	3400000	0,100
D03	3200001	4200000	0,100
D03	14400001	15400000	0,100
D03	26400001	27400000	0,100
D03	27200001	28200000	0,100
D03	36800001	37800000	0,100
D03	37600001	38600000	0,100
D03	40000001	41000000	0,100
D03	40800001	41800000	0,100
D03	41600001	42600000	0,100
D03	42400001	43400000	0,100
D03	43200001	44200000	0,100
D03	44000001	45000000	0,100
D03	44800001	45800000	0,100
D04	1600001	2600000	0,100
D04	2400001	3400000	0,100
D04	3200001	4200000	0,100
D04	8800001	9800000	0,100
D04	9600001	10600000	0,100
D04	15200001	16200000	0,100
D04	27200001	28200000	0,100
D04	28000001	29000000	0,100
D04	32800001	33800000	0,100
D04	36800001	37800000	0,100
D04	39200001	40200000	0,100
D04	40800001	41800000	0,100
D04	41600001	42600000	0,100
D04	43200001	44200000	0,100
D04	44000001	45000000	0,100
D04	46400001	47400000	0,100
D04	47200001	48200000	0,100
D04	49600001	50600000	0,100
D05	1	1000000	0,100
D05	2400001	3400000	0,100
D05	4800001	5800000	0,100
D05	8000001	9000000	0,100
D05	9600001	10600000	0,100
D05	13600001	14600000	0,100
D05	14400001	15400000	0,100
D05	15200001	16200000	0,100
D05	16000001	17000000	0,100
D05	17600001	18600000	0,100
D05	18400001	19400000	100,0
D05	24000001	25000000	0,100
D05	24800001	25800000	0,100
D05	25600001	26600000	0,100
D05	28800001	29800000	0,100
D05	29600001	30600000	0,100
D05	30400001	31400000	0,100
D05	32000001	33000000	0,100
D05	32800001	33800000	0,100
D05	36800001	37800000	0,100
D05	44000001	45000000	0,100
D05	45600001	46600000	0,100
D05	46400001	47400000	0,100
D05	53600001	54600000	0,100
D05	55200001	56200000	0,100
D05	59200001	60200000	0,100
D05	60800001	61800000	0,100
D05	61600001	61933047	0,100
D06	1	1000000	12.5,87.5
D06	800001	1800000	25,75
D06	1600001	2600000	0,100
D06	5600001	6600000	0,100
D06	7200001	8200000	0,100
D06	12800001	13800000	0,100
D06	13600001	14600000	0,100
D06	14400001	15400000	0,100
D06	16800001	17800000	0,100
D06	19200001	20200000	0,100
D06	20000001	21000000	0,100
D06	52800001	53800000	0,100
D06	53600001	54600000	0,100
D06	54400001	55400000	0,100
D06	55200001	56200000	0,100
D06	56800001	57800000	0,100
D06	58400001	59400000	0,100
D06	60000001	61000000	0,100
D06	62400001	63400000	0,100
D06	63200001	64200000	0,100
D07	800001	1800000	0,100
D07	1600001	2600000	0,100
D07	5600001	6600000	0,100
D07	9600001	10600000	0,100
D07	11200001	12200000	0,100
D07	12800001	13800000	0,100
D07	51200001	52200000	33.3333,66.6667
D08	1	1000000	0,100
D08	3200001	4200000	0,100
D08	4000001	5000000	0,100
D08	4800001	5800000	0,100
D08	7200001	8200000	0,100
D08	8800001	9800000	0,100
D08	10400001	11400000	0,100
D08	15200001	16200000	0,100
D08	21600001	22600000	0,100
D08	22400001	23400000	0,100
D08	23200001	24200000	0,100
D08	24000001	25000000	0,100
D08	28800001	29800000	0,100
D08	35200001	36200000	0,100
D08	36000001	37000000	0,100
D08	41600001	42600000	0,100
D08	42400001	43400000	0,100
D08	43200001	44200000	0,100
D08	44000001	45000000	0,100
D08	47200001	48200000	0,100
D08	56000001	57000000	0,100
D08	57600001	58600000	0,100
D08	58400001	59400000	0,100
D08	61600001	62600000	0,100
D08	62400001	63400000	0,100
D08	63200001	64200000	0,100
D08	64000001	65000000	0,100
D08	64800001	65800000	0,100
D09	4000001	5000000	0,100
D09	11200001	12200000	0,100
D09	22400001	23400000	0,100
D09	23200001	24200000	0,100
D09	27200001	28200000	0,100
D09	28000001	29000000	0,100
D09	28800001	29800000	0,100
D09	29600001	30600000	0,100
D09	31200001	32200000	0,100
D09	32000001	33000000	0,100
D09	33600001	34600000	0,100
D09	35200001	36200000	0,100
D09	36000001	37000000	0,100
D09	36800001	37800000	0,100
D09	39200001	40200000	0,100
D09	40800001	41800000	0,100
D09	41600001	42600000	0,100
D09	44000001	45000000	0,100
D09	45600001	46600000	0,100
D09	48000001	49000000	0,100
D09	49600001	50600000	0,100
D09	50400001	50995436	0,100
D10	1	1000000	0,100
D10	800001	1800000	0,100
D10	1600001	2600000	0,100
D10	2400001	3400000	0,100
D10	3200001	4200000	0,100
D10	4000001	5000000	0,100
D10	4800001	5800000	0,100
D10	5600001	6600000	0,100
D10	6400001	7400000	0,100
D10	8800001	9800000	0,100
D10	10400001	11400000	0,100
D10	38400001	39400000	0,100
D10	42400001	43400000	0,100
D10	43200001	44200000	0,100
D10	44000001	45000000	0,100
D10	44800001	45800000	0,100
D10	47200001	48200000	0,100
D10	49600001	50600000	0,100
D10	51200001	52200000	0,100
D10	52000001	53000000	0,100
D10	54400001	55400000	0,100
D10	56000001	57000000	0,100
D10	56800001	57800000	0,100
D10	57600001	58600000	0,100
D10	58400001	59400000	33.3333,66.6667
D10	59200001	60200000	0,100
D10	60800001	61800000	0,100
D10	61600001	62600000	0,100
D10	62400001	63400000	0,100
D11	800001	1800000	0,100
D11	1600001	2600000	0,100
D11	2400001	3400000	0,100
D11	4000001	5000000	0,100
D11	4800001	5800000	0,100
D11	5600001	6600000	0,100
D11	6400001	7400000	33.3333,66.6667
D11	7200001	8200000	0,100
D11	8000001	9000000	0,100
D11	10400001	11400000	0,100
D11	11200001	12200000	0,100
D11	12000001	13000000	0,100
D11	12800001	13800000	0,100
D11	13600001	14600000	0,100
D11	14400001	15400000	0,100
D11	16800001	17800000	0,100
D11	17600001	18600000	0,100
D11	25600001	26600000	0,100
D11	26400001	27400000	0,100
D11	48800001	49800000	0,100
D11	60000001	61000000	0,100
D11	64800001	65800000	0,100
D11	65600001	66087774	0,100
D12	1	1000000	12.5,87.5
D12	800001	1800000	0,100
D12	1600001	2600000	0,100
D12	8000001	9000000	0,100
D12	16000001	17000000	0,100
D12	17600001	18600000	0,100
D12	19200001	20200000	0,100
D12	32000001	33000000	0,100
D12	34400001	35400000	0,100
D12	35200001	36200000	0,100
D12	36000001	37000000	0,100
D12	36800001	37800000	0,100
D12	37600001	38600000	66.6667,33.3333
D12	38400001	39400000	0,100
D12	39200001	40200000	0,100
D12	40000001	41000000	0,100
D12	40800001	41800000	0,100
D12	41600001	42600000	0,100
D12	50400001	51400000	0,100
D12	51200001	52200000	0,100
D12	52800001	53800000	0,100
D12	57600001	58600000	0,100
D12	58400001	59109837	0,100
D13	800001	1800000	0,100
D13	3200001	4200000	0,100
D13	4800001	5800000	0,100
D13	7200001	8200000	0,100
D13	8000001	9000000	0,100
D13	8800001	9800000	0,100
D13	14400001	15400000	0,100
D13	15200001	16200000	0,100
D13	35200001	36200000	0,100
D13	48000001	49000000	0,100
D13	48800001	49800000	0,100
D13	56000001	57000000	0,100
D13	57600001	58600000	0,100
D13	58400001	59400000	0,100
D13	59200001	60200000	0,100
