A01	1	1000000	37.8479,62.1521
A01	800001	1800000	50.8423,49.1577
A01	1600001	2600000	47.4178,52.5822
A01	2400001	3400000	71.4286,28.5714
A01	3200001	4200000	67.5122,32.4878
A01	4000001	5000000	70.4629,29.5371
A01	4800001	5800000	71.1027,28.8973
A01	5600001	6600000	73.4007,26.5993
A01	6400001	7400000	68.2861,31.7139
A01	7200001	8200000	65.2887,34.7113
A01	8000001	9000000	73.3949,26.6051
A01	8800001	9800000	74.384,25.616
A01	9600001	10600000	72.8679,27.1321
A01	10400001	11400000	70.2564,29.7436
A01	11200001	12200000	69.6461,30.3539
A01	12000001	13000000	68.2163,31.7837
A01	12800001	13800000	69.5276,30.4724
A01	13600001	14600000	69.9235,30.0765
A01	14400001	15400000	68.8744,31.1256
A01	15200001	16200000	73.7549,26.2451
A01	16000001	17000000	69.9805,30.0195
A01	16800001	17800000	70.3383,29.6617
A01	17600001	18600000	71.9844,28.0156
A01	18400001	19400000	68.3831,31.6169
A01	19200001	20200000	69.1892,30.8108
A01	20000001	21000000	69.5804,30.4196
A01	20800001	21800000	69.2635,30.7365
A01	21600001	22600000	73.5856,26.4144
A01	22400001	23400000	70.6142,29.3858
A01	23200001	24200000	66.3879,33.6121
A01	24000001	25000000	68.1784,31.8216
A01	24800001	25800000	68.8699,31.1301
A01	25600001	26600000	67.3688,32.6312
A01	26400001	27400000	66.2328,33.7672
A01	27200001	28200000	66.5102,33.4898
A01	28000001	29000000	65.4892,34.5108
A01	28800001	29800000	67.7889,32.2111
A01	29600001	30600000	67.0237,32.9763
A01	30400001	31400000	63.0538,36.9462
A01	31200001	32200000	68.0466,31.9534
A01	32000001	33000000	72.0368,27.9632
A01	32800001	33800000	68.6617,31.3383
A01	33600001	34600000	66.4573,33.5427
A01	34400001	35400000	66.9363,33.0637
A01	35200001	36200000	64.9823,35.0177
A01	36000001	37000000	63.587,36.413
A01	36800001	37800000	64.4267,35.5733
A01	37600001	38600000	63.8734,36.1266
A01	38400001	39400000	66.2796,33.7204
A01	39200001	40200000	65.534,34.466
A01	40000001	41000000	63.8246,36.1754
A01	40800001	41800000	64.3281,35.6719
A01	41600001	42600000	65.2469,34.7531
A01	42400001	43400000	65.0923,34.9077
A01	43200001	44200000	67.2185,32.7815
A01	44000001	45000000	64.4412,35.5588
A01	44800001	45800000	66.9508,33.0492
A01	45600001	46600000	62.7033,37.2967
A01	46400001	47400000	65.2637,34.7363
A01	47200001	48200000	63.9793,36.0207
A01	48000001	49000000	65.4412,34.5588
A01	48800001	49800000	64.4565,35.5435
A01	49600001	50600000	68.6519,31.3481
A01	50400001	51400000	65.3846,34.6154
A01	51200001	52200000	63.4492,36.5508
A01	52000001	53000000	65.0296,34.9704
A01	52800001	53800000	65.2759,34.7241
A01	53600001	54600000	64.2787,35.7213
A01	54400001	55400000	64.5461,35.4539
A01	55200001	56200000	63.2623,36.7377
A01	56000001	57000000	64.3777,35.6223
A01	56800001	57800000	64.5823,35.4177
A01	57600001	58600000	65.075,34.925
A01	58400001	59400000	64.1738,35.8262
A01	59200001	60200000	63.6464,36.3536
A01	60000001	61000000	64.803,35.197
A01	60800001	61800000	63.154,36.846
A01	61600001	62600000	67.4873,32.5127
A01	62400001	63400000	65.2703,34.7297
A01	63200001	64200000	62.3419,37.6581
A01	64000001	65000000	64.455,35.545
A01	64800001	65800000	66.0184,33.9816
A01	65600001	66600000	62.7721,37.2279
A01	66400001	67400000	60.4769,39.5231
A01	67200001	68200000	62.5793,37.4207
A01	68000001	69000000	68.4836,31.5164
A01	68800001	69800000	65.3355,34.6645
A01	69600001	70600000	63.27,36.73
A01	70400001	71400000	63.4077,36.5923
A01	71200001	72200000	66.0769,33.9231
A01	72000001	73000000	64.9144,35.0856
A01	72800001	73800000	62.1717,37.8283
A01	73600001	74600000	62.2192,37.7808
A01	74400001	75400000	68.3526,31.6474
A01	75200001	76200000	64.6975,35.3025
A01	76000001	77000000	62.9574,37.0426
A01	76800001	77800000	65.7074,34.2926
A01	77600001	78600000	63.5454,36.4546
A01	78400001	79400000	65.0398,34.9602
A01	79200001	80200000	60.6086,39.3914
A01	80000001	81000000	66.8549,33.1451
A01	80800001	81800000	65.8188,34.1812
A01	81600001	82600000	64.3725,35.6275
A01	82400001	83400000	66.1399,33.8601
A01	83200001	84200000	64.4495,35.5505
A01	84000001	85000000	64.8428,35.1572
A01	84800001	85800000	67.8584,32.1416
A01	85600001	86600000	66.8508,33.1492
A01	86400001	87400000	70.1577,29.8423
A01	87200001	88200000	68.5835,31.4165
A01	88000001	89000000	70.4601,29.5399
A01	88800001	89800000	72.9374,27.0626
A01	89600001	90600000	67.9748,32.0252
A01	90400001	91400000	69.1925,30.8075
A01	91200001	92200000	71.0455,28.9545
A01	92000001	93000000	73.1697,26.8303
A01	92800001	93800000	69.8679,30.1321
A01	93600001	94600000	69.7433,30.2567
A01	94400001	95400000	68.8938,31.1062
A01	95200001	96200000	68.8776,31.1224
A01	96000001	97000000	75.3174,24.6826
A01	96800001	97800000	72.3364,27.6636
A01	97600001	98600000	62.3608,37.6392
A01	98400001	99400000	46.2639,53.7361
A01	99200001	99884700	48.9655,51.0345
A02	1	1000000	38.6628,61.3372
A02	800001	1800000	50.6969,49.3031
A02	1600001	2600000	70.0402,29.9598
A02	2400001	3400000	62.2642,37.7358
A02	3200001	4200000	62.2363,37.7637
A02	4000001	5000000	72.3417,27.6583
A02	4800001	5800000	74.7879,25.2121
A02	5600001	6600000	75.2386,24.7614
A02	6400001	7400000	73.7517,26.2483
A02	7200001	8200000	66.2948,33.7052
A02	8000001	9000000	67.7585,32.2415
A02	8800001	9800000	72.7957,27.2043
A02	9600001	10600000	72.3218,27.6782
A02	10400001	11400000	70.8906,29.1094
A02	11200001	12200000	67.9382,32.0618
A02	12000001	13000000	75.5088,24.4912
A02	12800001	13800000	69.7321,30.2679
A02	13600001	14600000	70.3119,29.6881
A02	14400001	15400000	70.8509,29.1491
A02	15200001	16200000	66.2231,33.7769
A02	16000001	17000000	67.5751,32.4249
A02	16800001	17800000	66.6424,33.3576
A02	17600001	18600000	68.0843,31.9157
A02	18400001	19400000	69.707,30.293
A02	19200001	20200000	67.8067,32.1933
A02	20000001	21000000	66.7448,33.2552
A02	20800001	21800000	63.5929,36.4071
A02	21600001	22600000	62.7949,37.2051
A02	22400001	23400000	65.2214,34.7786
A02	23200001	24200000	62.6948,37.3052
A02	24000001	25000000	63.7709,36.2291
A02	24800001	25800000	64.0787,35.9213
A02	25600001	26600000	64.7126,35.2874
A02	26400001	27400000	62.881,37.119
A02	27200001	28200000	65.9206,34.0794
A02	28000001	29000000	62.7619,37.2381
A02	28800001	29800000	61.6115,38.3885
A02	29600001	30600000	63.748,36.252
A02	30400001	31400000	65.4268,34.5732
A02	31200001	32200000	66.3293,33.6707
A02	32000001	33000000	65.1061,34.8939
A02	32800001	33800000	64.454,35.546
A02	33600001	34600000	62.4271,37.5729
A02	34400001	35400000	64.7415,35.2585
A02	35200001	36200000	64.5176,35.4824
A02	36000001	37000000	65.0829,34.9171
A02	36800001	37800000	66.0913,33.9087
A02	37600001	38600000	64.1433,35.8567
A02	38400001	39400000	67.7656,32.2344
A02	39200001	40200000	67.7847,32.2153
A02	40000001	41000000	63.8836,36.1164
A02	40800001	41800000	67.7495,32.2505
A02	41600001	42600000	70.4581,29.5419
A02	42400001	43400000	69.8795,30.1205
A02	43200001	44200000	69.8092,30.1908
A02	44000001	45000000	72.3123,27.6877
A02	44800001	45800000	65.9742,34.0258
A02	45600001	46600000	65.0709,34.9291
A02	46400001	47400000	63.592,36.408
A02	47200001	48200000	64.1729,35.8271
A02	48000001	49000000	65.4731,34.5269
A02	48800001	49800000	67.735,32.265
A02	49600001	50600000	64.5869,35.4131
A02	50400001	51400000	63.5161,36.4839
A02	51200001	52200000	63.1291,36.8709
A02	52000001	53000000	62.2305,37.7695
A02	52800001	53800000	63.266,36.734
A02	53600001	54600000	62.4334,37.5666
A02	54400001	55400000	64.0901,35.9099
A02	55200001	56200000	65.9505,34.0495
A02	56000001	57000000	67.4419,32.5581
A02	56800001	57800000	64.8063,35.1937
A02	57600001	58600000	63.0314,36.9686
A02	58400001	59400000	63.5884,36.4116
A02	59200001	60200000	64.2105,35.7895
A02	60000001	61000000	66.9528,33.0472
A02	60800001	61800000	69.822,30.178
A02	61600001	62600000	68.9996,31.0004
A02	62400001	63400000	63.9522,36.0478
A02	63200001	64200000	64.0535,35.9465
A02	64000001	65000000	65.2877,34.7123
A02	64800001	65800000	65.4941,34.5059
A02	65600001	66600000	68.8389,31.1611
A02	66400001	67400000	68.3008,31.6992
A02	67200001	68200000	66.0151,33.9849
A02	68000001	69000000	64.6701,35.3299
A02	68800001	69800000	66.0586,33.9414
A02	69600001	70600000	64.7533,35.2467
A02	70400001	71400000	66.0529,33.9471
A02	71200001	72200000	66.875,33.125
A02	72000001	73000000	67.3833,32.6167
A02	72800001	73800000	66.9469,33.0531
A02	73600001	74600000	69.1221,30.8779
A02	74400001	75400000	71.7867,28.2133
A02	75200001	76200000	70.3612,29.6388
A02	76000001	77000000	69.8855,30.1145
A02	76800001	77800000	64.6594,35.3406
A02	77600001	78600000	69.4868,30.5132
A02	78400001	79400000	69.7894,30.2106
A02	79200001	80200000	70.6242,29.3758
A02	80000001	81000000	69.7657,30.2343
A02	80800001	81800000	69.5318,30.4682
A02	81600001	82600000	57.9977,42.0023
A02	82400001	83400000	17.4797,82.5203
A02	83200001	83447906	7.76699,92.233
A03	1	1000000	67.6742,32.3258
A03	800001	1800000	61.6339,38.3661
A03	1600001	2600000	57.8947,42.1053
A03	2400001	3400000	58.6127,41.3873
A03	3200001	4200000	63.6039,36.3961
A03	4000001	5000000	64.4118,35.5882
A03	4800001	5800000	71.9574,28.0426
A03	5600001	6600000	70.5287,29.4713
A03	6400001	7400000	72.7032,27.2968
A03	7200001	8200000	67.9898,32.0102
A03	8000001	9000000	67.2096,32.7904
A03	8800001	9800000	70.388,29.612
A03	9600001	10600000	70.8004,29.1996
A03	10400001	11400000	67.2091,32.7909
A03	11200001	12200000	65.5233,34.4767
A03	12000001	13000000	66.5076,33.4924
A03	12800001	13800000	66.7124,33.2876
A03	13600001	14600000	69.2513,30.7487
A03	14400001	15400000	71.0161,28.9839
A03	15200001	16200000	67.8918,32.1082
A03	16000001	17000000	67.0599,32.9401
A03	16800001	17800000	73.4403,26.5597
A03	17600001	18600000	72.7242,27.2758
A03	18400001	19400000	68.19,31.81
A03	19200001	20200000	68.9249,31.0751
A03	20000001	21000000	67.8365,32.1635
A03	20800001	21800000	68.8623,31.1377
A03	21600001	22600000	61.4185,38.5815
A03	22400001	23400000	62.4756,37.5244
A03	23200001	24200000	65.0222,34.9778
A03	24000001	25000000	67.6952,32.3048
A03	24800001	25800000	62.1172,37.8828
A03	25600001	26600000	64.7196,35.2804
A03	26400001	27400000	61.9875,38.0125
A03	27200001	28200000	62.4077,37.5923
A03	28000001	29000000	65.6359,34.3641
A03	28800001	29800000	66.2138,33.7862
A03	29600001	30600000	63.9913,36.0087
A03	30400001	31400000	66.129,33.871
A03	31200001	32200000	65.4687,34.5313
A03	32000001	33000000	67.0325,32.9675
A03	32800001	33800000	65.7025,34.2975
A03	33600001	34600000	60.131,39.869
A03	34400001	35400000	65.3277,34.6723
A03	35200001	36200000	62.4799,37.5201
A03	36000001	37000000	61.2565,38.7435
A03	36800001	37800000	66.9231,33.0769
A03	37600001	38600000	65.1252,34.8748
A03	38400001	39400000	65.2458,34.7542
A03	39200001	40200000	64.1221,35.8779
A03	40000001	41000000	68.039,31.961
A03	40800001	41800000	65.593,34.407
A03	41600001	42600000	63.1285,36.8715
A03	42400001	43400000	61.4336,38.5664
A03	43200001	44200000	66.2651,33.7349
A03	44000001	45000000	63.6235,36.3765
A03	44800001	45800000	62.737,37.263
A03	45600001	46600000	62.9896,37.0104
A03	46400001	47400000	64.0041,35.9959
A03	47200001	48200000	62.4552,37.5448
A03	48000001	49000000	62.8134,37.1866
A03	48800001	49800000	63.6326,36.3674
A03	49600001	50600000	61.2754,38.7246
A03	50400001	51400000	63.4369,36.5631
A03	51200001	52200000	63.7379,36.2621
A03	52000001	53000000	65.2384,34.7616
A03	52800001	53800000	61.7504,38.2496
A03	53600001	54600000	62.4936,37.5064
A03	54400001	55400000	68.2112,31.7888
A03	55200001	56200000	65.9011,34.0989
A03	56000001	57000000	64.3836,35.6164
A03	56800001	57800000	65.6915,34.3085
A03	57600001	58600000	66.9516,33.0484
A03	58400001	59400000	64.5458,35.4542
A03	59200001	60200000	65.9521,34.0479
A03	60000001	61000000	64.9522,35.0478
A03	60800001	61800000	63.7332,36.2668
A03	61600001	62600000	71.462,28.538
A03	62400001	63400000	66.202,33.798
A03	63200001	64200000	66.8693,33.1307
A03	64000001	65000000	65.6967,34.3033
A03	64800001	65800000	66.9462,33.0538
A03	65600001	66600000	66.3956,33.6044
A03	66400001	67400000	64.8162,35.1838
A03	67200001	68200000	61.2532,38.7468
A03	68000001	69000000	63.1016,36.8984
A03	68800001	69800000	63.8455,36.1545
A03	69600001	70600000	59.9152,40.0848
A03	70400001	71400000	62.4839,37.5161
A03	71200001	72200000	63.7194,36.2806
A03	72000001	73000000	68.3352,31.6648
A03	72800001	73800000	68.3886,31.6114
A03	73600001	74600000	66.9434,33.0566
A03	74400001	75400000	64.3298,35.6702
A03	75200001	76200000	70.1169,29.8831
A03	76000001	77000000	71.3737,28.6263
A03	76800001	77800000	65.3788,34.6212
A03	77600001	78600000	63.9586,36.0414
A03	78400001	79400000	63.5757,36.4243
A03	79200001	80200000	64.1043,35.8957
A03	80000001	81000000	67.7419,32.2581
A03	80800001	81800000	71.0721,28.9279
A03	81600001	82600000	70.8215,29.1785
A03	82400001	83400000	66.7247,33.2753
A03	83200001	84200000	66.0215,33.9785
A03	84000001	85000000	68.0018,31.9982
A03	84800001	85800000	66.7755,33.2245
A03	85600001	86600000	68.3394,31.6606
A03	86400001	87400000	68.56,31.44
A03	87200001	88200000	65.956,34.044
A03	88000001	89000000	69.1536,30.8464
A03	88800001	89800000	70.0558,29.9442
A03	89600001	90600000	69.4878,30.5122
A03	90400001	91400000	67.5818,32.4182
A03	91200001	92200000	66.2453,33.7547
A03	92000001	93000000	69.316,30.684
A03	92800001	93800000	69.6548,30.3452
A03	93600001	94600000	64.5041,35.4959
A03	94400001	95400000	68.5335,31.4665
A03	95200001	96200000	67.1767,32.8233
A03	96000001	97000000	68.4997,31.5003
A03	96800001	97800000	52.0301,47.9699
A03	97600001	98600000	57.697,42.303
A03	98400001	99400000	46.9231,53.0769
A03	99200001	100200000	41.4722,58.5278
A03	100000001	100263045	38.8128,61.1872
A04	1	1000000	65.4886,34.5114
A04	800001	1800000	63.06,36.94
A04	1600001	2600000	67.6056,32.3944
A04	2400001	3400000	71.1437,28.8563
A04	3200001	4200000	69.1155,30.8845
A04	4000001	5000000	74.0873,25.9127
A04	4800001	5800000	74.865,25.135
A04	5600001	6600000	72.65,27.35
A04	6400001	7400000	69.7252,30.2748
A04	7200001	8200000	69.0498,30.9502
A04	8000001	9000000	69.8897,30.1103
A04	8800001	9800000	71.1426,28.8574
A04	9600001	10600000	76.6073,23.3927
A04	10400001	11400000	73.5502,26.4498
A04	11200001	12200000	69.5773,30.4227
A04	12000001	13000000	65.6716,34.3284
A04	12800001	13800000	66.5998,33.4002
A04	13600001	14600000	65.4843,34.5157
A04	14400001	15400000	66.9374,33.0626
A04	15200001	16200000	65.9387,34.0613
A04	16000001	17000000	60.5233,39.4767
A04	16800001	17800000	63.5762,36.4238
A04	17600001	18600000	62.8861,37.1139
A04	18400001	19400000	61.1182,38.8818
A04	19200001	20200000	63.6902,36.3098
A04	20000001	21000000	62.0023,37.9977
A04	20800001	21800000	63.166,36.834
A04	21600001	22600000	61.9006,38.0994
A04	22400001	23400000	60.5263,39.4737
A04	23200001	24200000	66.1913,33.8087
A04	24000001	25000000	68.75,31.25
A04	24800001	25800000	68.9526,31.0474
A04	25600001	26600000	66.1057,33.8943
A04	26400001	27400000	63.6178,36.3822
A04	27200001	28200000	67.9258,32.0742
A04	28000001	29000000	63.4325,36.5675
A04	28800001	29800000	63.8845,36.1155
A04	29600001	30600000	63.8496,36.1504
A04	30400001	31400000	64.5096,35.4904
A04	31200001	32200000	64.5676,35.4324
A04	32000001	33000000	67.2742,32.7258
A04	32800001	33800000	63.3126,36.6874
A04	33600001	34600000	63.1795,36.8205
A04	34400001	35400000	62.6339,37.3661
A04	35200001	36200000	65.611,34.389
A04	36000001	37000000	66.1003,33.8997
A04	36800001	37800000	66.9434,33.0566
A04	37600001	38600000	66.242,33.758
A04	38400001	39400000	64.7263,35.2737
A04	39200001	40200000	65.7788,34.2212
A04	40000001	41000000	71.9775,28.0225
A04	40800001	41800000	67.2832,32.7168
A04	41600001	42600000	62.4756,37.5244
A04	42400001	43400000	68.9749,31.0251
A04	43200001	44200000	69.1038,30.8962
A04	44000001	45000000	67.1384,32.8616
A04	44800001	45800000	66.0039,33.9961
A04	45600001	46600000	68.3649,31.6351
A04	46400001	47400000	66.5661,33.4339
A04	47200001	48200000	67.285,32.715
A04	48000001	49000000	69.1367,30.8633
A04	48800001	49800000	73.7241,26.2759
A04	49600001	50600000	69.5816,30.4184
A04	50400001	51400000	70.6203,29.3797
A04	51200001	52200000	69.7994,30.2006
A04	52000001	53000000	71.2108,28.7892
A04	52800001	53800000	68.0842,31.9158
A04	53600001	54600000	69.2982,30.7018
A04	54400001	55400000	69.8431,30.1569
A04	55200001	56200000	68.1231,31.8769
A04	56000001	57000000	71.5528,28.4472
A04	56800001	57800000	74.1397,25.8603
A04	57600001	58600000	73.5747,26.4253
A04	58400001	59400000	70.9819,29.0181
A04	59200001	60200000	66.9098,33.0902
A04	60000001	61000000	57.5049,42.4951
A04	60800001	61800000	65.131,34.869
A04	61600001	62600000	45.0517,54.9483
A04	62400001	62913772	28.0702,71.9298
A05	1	1000000	54.717,45.283
A05	800001	1800000	51.4113,48.5887
A05	1600001	2600000	49.6815,50.3185
A05	2400001	3400000	49.497,50.503
A05	3200001	4200000	40.1826,59.8174
A05	4000001	5000000	47.8778,52.1222
A05	4800001	5800000	32.7146,67.2854
A05	5600001	6600000	37.3362,62.6638
A05	6400001	7400000	48.3146,51.6854
A05	7200001	8200000	44.1331,55.8669
A05	8000001	9000000	33.1034,66.8966
A05	8800001	9800000	42.7861,57.2139
A05	9600001	10600000	43.5816,56.4184
A05	10400001	11400000	46.6019,53.3981
A05	11200001	12200000	38.9513,61.0487
A05	12000001	13000000	50.7538,49.2462
A05	12800001	13800000	62.3932,37.6068
A05	13600001	14600000	56.9721,43.0279
A05	14400001	15400000	43.68,56.32
A05	15200001	16200000	49.0632,50.9368
A05	16000001	17000000	57.4034,42.5966
A05	16800001	17800000	56.9211,43.0789
A05	17600001	18600000	61.7585,38.2415
A05	18400001	19400000	52.5346,47.4654
A05	19200001	20200000	57.6048,42.3952
A05	20000001	21000000	71.2135,28.7865
A05	20800001	21800000	61.6813,38.3187
A05	21600001	22600000	65.8575,34.1425
A05	22400001	23400000	68.453,31.547
A05	23200001	24200000	61.4865,38.5135
A05	24000001	25000000	61.9902,38.0098
A05	24800001	25800000	69.3056,30.6944
A05	25600001	26600000	73.1343,26.8657
A05	26400001	27400000	67.7266,32.2734
A05	27200001	28200000	69.5716,30.4284
A05	28000001	29000000	72.5383,27.4617
A05	28800001	29800000	71.1592,28.8408
A05	29600001	30600000	72.0942,27.9058
A05	30400001	31400000	75.571,24.429
A05	31200001	32200000	74.1274,25.8726
A05	32000001	33000000	71.9512,28.0488
A05	32800001	33800000	73.3212,26.6788
A05	33600001	34600000	75.5738,24.4262
A05	34400001	35400000	73.2301,26.7699
A05	35200001	36200000	73.0289,26.9711
A05	36000001	37000000	73.2962,26.7038
A05	36800001	37800000	70.6866,29.3134
A05	37600001	38600000	71.203,28.797
A05	38400001	39400000	71.9668,28.0332
A05	39200001	40200000	68.1516,31.8484
A05	40000001	41000000	68.4185,31.5815
A05	40800001	41800000	69.0454,30.9546
A05	41600001	42600000	67.8409,32.1591
A05	42400001	43400000	64.4558,35.5442
A05	43200001	44200000	64.3176,35.6824
A05	44000001	45000000	67.1067,32.8933
A05	44800001	45800000	62.4828,37.5172
A05	45600001	46600000	65.3626,34.6374
A05	46400001	47400000	65.7288,34.2712
A05	47200001	48200000	67.304,32.696
A05	48000001	49000000	64.3182,35.6818
A05	48800001	49800000	64.9827,35.0173
A05	49600001	50600000	68.8224,31.1776
A05	50400001	51400000	66.3945,33.6055
A05	51200001	52200000	65.9193,34.0807
A05	52000001	53000000	65.9722,34.0278
A05	52800001	53800000	64.981,35.019
A05	53600001	54600000	67.8636,32.1364
A05	54400001	55400000	66.8513,33.1487
A05	55200001	56200000	68.6886,31.3114
A05	56000001	57000000	64.0598,35.9402
A05	56800001	57800000	67.398,32.602
A05	57600001	58600000	64.2032,35.7968
A05	58400001	59400000	64.3061,35.6939
A05	59200001	60200000	63.7791,36.2209
A05	60000001	61000000	64.5042,35.4958
A05	60800001	61800000	69.9741,30.0259
A05	61600001	62600000	80.942,19.058
A05	62400001	63400000	65.5646,34.4354
A05	63200001	64200000	64.7839,35.2161
A05	64000001	65000000	65.6179,34.3821
A05	64800001	65800000	64.7255,35.2745
A05	65600001	66600000	67.882,32.118
A05	66400001	67400000	66.422,33.578
A05	67200001	68200000	64.595,35.405
A05	68000001	69000000	64.7352,35.2648
A05	68800001	69800000	67.1009,32.8991
A05	69600001	70600000	67.9783,32.0217
A05	70400001	71400000	69.0574,30.9426
A05	71200001	72200000	68.1778,31.8222
A05	72000001	73000000	67.7049,32.2951
A05	72800001	73800000	70.3048,29.6952
A05	73600001	74600000	63.8114,36.1886
A05	74400001	75400000	64.2192,35.7808
A05	75200001	76200000	64.1703,35.8297
A05	76000001	77000000	64.4951,35.5049
A05	76800001	77800000	68.1712,31.8288
A05	77600001	78600000	68.0291,31.9709
A05	78400001	79400000	69.1145,30.8855
A05	79200001	80200000	69.7987,30.2013
A05	80000001	81000000	66.7516,33.2484
A05	80800001	81800000	72.0192,27.9808
A05	81600001	82600000	72.9012,27.0988
A05	82400001	83400000	74.5429,25.4571
A05	83200001	84200000	67.6735,32.3265
A05	84000001	85000000	68.8635,31.1365
A05	84800001	85800000	73.5065,26.4935
A05	85600001	86600000	63.6925,36.3075
A05	86400001	87400000	66.3971,33.6029
A05	87200001	88200000	70.0487,29.9513
A05	88000001	89000000	66.466,33.534
A05	88800001	89800000	60.2374,39.7626
A05	89600001	90600000	68.4746,31.5254
A05	90400001	91400000	56.9488,43.0512
A05	91200001	92200000	50.9091,49.0909
A05	92000001	92047023	38.4615,61.5385
A06	1	1000000	45.3875,54.6125
A06	800001	1800000	61.8579,38.1421
A06	1600001	2600000	64.3737,35.6263
A06	2400001	3400000	61.3153,38.6847
A06	3200001	4200000	71.5835,28.4165
A06	4000001	5000000	76.3629,23.6371
A06	4800001	5800000	70.5948,29.4052
A06	5600001	6600000	71.1607,28.8393
A06	6400001	7400000	68.5749,31.4251
A06	7200001	8200000	73.0581,26.9419
A06	8000001	9000000	67.7333,32.2667
A06	8800001	9800000	70.6432,29.3568
A06	9600001	10600000	73.7255,26.2745
A06	10400001	11400000	67.913,32.087
A06	11200001	12200000	64.4948,35.5052
A06	12000001	13000000	67.7367,32.2633
A06	12800001	13800000	65.9023,34.0977
A06	13600001	14600000	62.9958,37.0042
A06	14400001	15400000	67.7313,32.2687
A06	15200001	16200000	67.3984,32.6016
A06	16000001	17000000	67.0608,32.9392
A06	16800001	17800000	68.143,31.857
A06	17600001	18600000	67.3285,32.6715
A06	18400001	19400000	66.9544,33.0456
A06	19200001	20200000	64.5082,35.4918
A06	20000001	21000000	65.8968,34.1032
A06	20800001	21800000	68.0607,31.9393
A06	21600001	22600000	67.1318,32.8682
A06	22400001	23400000	65.4157,34.5843
A06	23200001	24200000	64.4381,35.5619
A06	24000001	25000000	64.5723,35.4277
A06	24800001	25800000	63.897,36.103
A06	25600001	26600000	65.4095,34.5905
A06	26400001	27400000	70.6406,29.3594
A06	27200001	28200000	64.4595,35.5405
A06	28000001	29000000	64.7001,35.2999
A06	28800001	29800000	66.6532,33.3468
A06	29600001	30600000	68.0705,31.9295
A06	30400001	31400000	67.2172,32.7828
A06	31200001	32200000	68.3864,31.6136
A06	32000001	33000000	65.3566,34.6434
A06	32800001	33800000	65.8463,34.1537
A06	33600001	34600000	65.3743,34.6257
A06	34400001	35400000	67.1593,32.8407
A06	35200001	36200000	68.5326,31.4674
A06	36000001	37000000	66.969,33.031
A06	36800001	37800000	68.2021,31.7979
A06	37600001	38600000	67.8704,32.1296
A06	38400001	39400000	63.3835,36.6165
A06	39200001	40200000	63.1409,36.8591
A06	40000001	41000000	62.7789,37.2211
A06	40800001	41800000	65.929,34.071
A06	41600001	42600000	65.9898,34.0102
A06	42400001	43400000	64.3854,35.6146
A06	43200001	44200000	63.1781,36.8219
A06	44000001	45000000	65.2692,34.7308
A06	44800001	45800000	65.6006,34.3994
A06	45600001	46600000	63.9004,36.0996
A06	46400001	47400000	65.3051,34.6949
A06	47200001	48200000	68.787,31.213
A06	48000001	49000000	64.2514,35.7486
A06	48800001	49800000	65.9007,34.0993
A06	49600001	50600000	65.6674,34.3326
A06	50400001	51400000	63.5675,36.4325
A06	51200001	52200000	61.7647,38.2353
A06	52000001	53000000	64.5658,35.4342
A06	52800001	53800000	65.641,34.359
A06	53600001	54600000	65.1674,34.8326
A06	54400001	55400000	61.406,38.594
A06	55200001	56200000	65.998,34.002
A06	56000001	57000000	64.8297,35.1703
A06	56800001	57800000	63.9368,36.0632
A06	57600001	58600000	65.3829,34.6171
A06	58400001	59400000	62.0556,37.9444
A06	59200001	60200000	63.8434,36.1566
A06	60000001	61000000	62.4004,37.5996
A06	60800001	61800000	61.6197,38.3803
A06	61600001	62600000	60.6402,39.3598
A06	62400001	63400000	60.5042,39.4958
A06	63200001	64200000	64.3021,35.6979
A06	64000001	65000000	67.3035,32.6965
A06	64800001	65800000	62.5375,37.4625
A06	65600001	66600000	63.1377,36.8623
A06	66400001	67400000	61.6051,38.3949
A06	67200001	68200000	63.9592,36.0408
A06	68000001	69000000	63.9351,36.0649
A06	68800001	69800000	59.5918,40.4082
A06	69600001	70600000	61.3716,38.6284
A06	70400001	71400000	68.4706,31.5294
A06	71200001	72200000	61.6689,38.3311
A06	72000001	73000000	64.0363,35.9637
A06	72800001	73800000	62.6735,37.3265
A06	73600001	74600000	62.4401,37.5599
A06	74400001	75400000	65.5592,34.4408
A06	75200001	76200000	64.1635,35.8365
A06	76000001	77000000	63.7906,36.2094
A06	76800001	77800000	64.0469,35.9531
A06	77600001	78600000	63.1518,36.8482
A06	78400001	79400000	63.2883,36.7117
A06	79200001	80200000	63.7106,36.2894
A06	80000001	81000000	66.1224,33.8776
A06	80800001	81800000	64.566,35.434
A06	81600001	82600000	64.6717,35.3283
A06	82400001	83400000	63.4041,36.5959
A06	83200001	84200000	63.0443,36.9557
A06	84000001	85000000	66.8799,33.1201
A06	84800001	85800000	67.3623,32.6377
A06	85600001	86600000	63.399,36.601
A06	86400001	87400000	62.8129,37.1871
A06	87200001	88200000	64.193,35.807
A06	88000001	89000000	70.9241,29.0759
A06	88800001	89800000	64.7912,35.2088
A06	89600001	90600000	60.9208,39.0792
A06	90400001	91400000	64.7797,35.2203
A06	91200001	92200000	66.963,33.037
A06	92000001	93000000	67.3221,32.6779
A06	92800001	93800000	65.8853,34.1147
A06	93600001	94600000	67.4236,32.5764
A06	94400001	95400000	70.1364,29.8636
A06	95200001	96200000	71.2144,28.7856
A06	96000001	97000000	73.2298,26.7702
A06	96800001	97800000	71.0306,28.9694
A06	97600001	98600000	70.9057,29.0943
A06	98400001	99400000	73.6816,26.3184
A06	99200001	100200000	67.5456,32.4544
A06	100000001	101000000	70.2776,29.7224
A06	100800001	101800000	66.1417,33.8583
A06	101600001	102600000	45.8636,54.1364
A06	102400001	103170444	34.2495,65.7505
A07	1	1000000	55.5556,44.4444
A07	800001	1800000	48.7069,51.2931
A07	1600001	2600000	46.7337,53.2663
A07	2400001	3400000	59.9499,40.0501
A07	3200001	4200000	59.4719,40.5281
A07	4000001	5000000	44.5687,55.4313
A07	4800001	5800000	66.6303,33.3697
A07	5600001	6600000	64.6829,35.3171
A07	6400001	7400000	71.1738,28.8262
A07	7200001	8200000	64.6524,35.3476
A07	8000001	9000000	63.0616,36.9384
A07	8800001	9800000	66.0633,33.9367
A07	9600001	10600000	74.3993,25.6007
A07	10400001	11400000	72.4391,27.5609
A07	11200001	12200000	73.2558,26.7442
A07	12000001	13000000	72.154,27.846
A07	12800001	13800000	65.977,34.023
A07	13600001	14600000	67.6488,32.3512
A07	14400001	15400000	72.7237,27.2763
A07	15200001	16200000	73.7397,26.2603
A07	16000001	17000000	73.6364,26.3636
A07	16800001	17800000	74.4888,25.5112
A07	17600001	18600000	63.9951,36.0049
A07	18400001	19400000	67.9179,32.0821
A07	19200001	20200000	72.5151,27.4849
A07	20000001	21000000	70.9144,29.0856
A07	20800001	21800000	72.0559,27.9441
A07	21600001	22600000	72.7207,27.2793
A07	22400001	23400000	68.0828,31.9172
A07	23200001	24200000	73.0754,26.9246
A07	24000001	25000000	73.5386,26.4614
A07	24800001	25800000	70.5882,29.4118
A07	25600001	26600000	68.9624,31.0376
A07	26400001	27400000	68.0817,31.9183
A07	27200001	28200000	69.9584,30.0416
A07	28000001	29000000	69.1939,30.8061
A07	28800001	29800000	67.5462,32.4538
A07	29600001	30600000	72.2048,27.7952
A07	30400001	31400000	69.9257,30.0743
A07	31200001	32200000	67.3637,32.6363
A07	32000001	33000000	69.4915,30.5085
A07	32800001	33800000	71.2924,28.7076
A07	33600001	34600000	66.7528,33.2472
A07	34400001	35400000	65.8596,34.1404
A07	35200001	36200000	63.9283,36.0717
A07	36000001	37000000	66.2634,33.7366
A07	36800001	37800000	64.9198,35.0802
A07	37600001	38600000	63.9067,36.0933
A07	38400001	39400000	66.9574,33.0426
A07	39200001	40200000	65.7745,34.2255
A07	40000001	41000000	68.1074,31.8926
A07	40800001	41800000	66.2206,33.7794
A07	41600001	42600000	63.6364,36.3636
A07	42400001	43400000	65.5901,34.4099
A07	43200001	44200000	64.7909,35.2091
A07	44000001	45000000	68.2247,31.7753
A07	44800001	45800000	69.127,30.873
A07	45600001	46600000	62.6406,37.3594
A07	46400001	47400000	65.545,34.455
A07	47200001	48200000	65.138,34.862
A07	48000001	49000000	65.1339,34.8661
A07	48800001	49800000	63.3949,36.6051
A07	49600001	50600000	64.8115,35.1885
A07	50400001	51400000	64.7718,35.2282
A07	51200001	52200000	64.8638,35.1362
A07	52000001	53000000	64.2661,35.7339
A07	52800001	53800000	65.3373,34.6627
A07	53600001	54600000	65.7484,34.2516
A07	54400001	55400000	64.7871,35.2129
A07	55200001	56200000	66.3579,33.6421
A07	56000001	57000000	63.2901,36.7099
A07	56800001	57800000	64.0797,35.9203
A07	57600001	58600000	64.459,35.541
A07	58400001	59400000	64.1049,35.8951
A07	59200001	60200000	67.7596,32.2404
A07	60000001	61000000	64.6711,35.3289
A07	60800001	61800000	65.1858,34.8142
A07	61600001	62600000	68.9335,31.0665
A07	62400001	63400000	68.8645,31.1355
A07	63200001	64200000	66.6667,33.3333
A07	64000001	65000000	66.4562,33.5438
A07	64800001	65800000	69.3763,30.6237
A07	65600001	66600000	68.5997,31.4003
A07	66400001	67400000	65.8516,34.1484
A07	67200001	68200000	70.7629,29.2371
A07	68000001	69000000	80.4863,19.5137
A07	68800001	69800000	73.6496,26.3504
A07	69600001	70600000	66.2085,33.7915
A07	70400001	71400000	72.7753,27.2247
A07	71200001	72200000	72.028,27.972
A07	72000001	73000000	71.3855,28.6145
A07	72800001	73800000	69.9656,30.0344
A07	73600001	74600000	68.5223,31.4777
A07	74400001	75400000	68.3761,31.6239
A07	75200001	76200000	70.0644,29.9356
A07	76000001	77000000	62.5882,37.4118
A07	76800001	77800000	65.0514,34.9486
A07	77600001	78251018	65.1163,34.8837
A08	1	1000000	40.107,59.893
A08	800001	1800000	54.1814,45.8186
A08	1600001	2600000	62.5621,37.4379
A08	2400001	3400000	66.3772,33.6228
A08	3200001	4200000	60.8145,39.1855
A08	4000001	5000000	72.5857,27.4143
A08	4800001	5800000	70.2767,29.7233
A08	5600001	6600000	68.1066,31.8934
A08	6400001	7400000	69.0323,30.9677
A08	7200001	8200000	71.2992,28.7008
A08	8000001	9000000	68.2843,31.7157
A08	8800001	9800000	72.1702,27.8298
A08	9600001	10600000	68.7472,31.2528
A08	10400001	11400000	68.1288,31.8712
A08	11200001	12200000	74.2081,25.7919
A08	12000001	13000000	69.7131,30.2869
A08	12800001	13800000	70.3282,29.6718
A08	13600001	14600000	67.3761,32.6239
A08	14400001	15400000	65.353,34.647
A08	15200001	16200000	70.8026,29.1974
A08	16000001	17000000	67.7646,32.2354
A08	16800001	17800000	70.0141,29.9859
A08	17600001	18600000	69.1418,30.8582
A08	18400001	19400000	67.7443,32.2557
A08	19200001	20200000	68.1872,31.8128
A08	20000001	21000000	63.2235,36.7765
A08	20800001	21800000	65.2328,34.7672
A08	21600001	22600000	61.0332,38.9668
A08	22400001	23400000	62.1181,37.8819
A08	23200001	24200000	63.2027,36.7973
A08	24000001	25000000	59.9839,40.0161
A08	24800001	25800000	64.894,35.106
A08	25600001	26600000	64.2276,35.7724
A08	26400001	27400000	61.6372,38.3628
A08	27200001	28200000	61.2029,38.7971
A08	28000001	29000000	65.7096,34.2904
A08	28800001	29800000	66.0075,33.9925
A08	29600001	30600000	62.2062,37.7938
A08	30400001	31400000	61.0307,38.9693
A08	31200001	32200000	62.7485,37.2515
A08	32000001	33000000	64.7802,35.2198
A08	32800001	33800000	62.4591,37.5409
A08	33600001	34600000	66.967,33.033
A08	34400001	35400000	62.7722,37.2278
A08	35200001	36200000	64.6733,35.3267
A08	36000001	37000000	65.0297,34.9703
A08	36800001	37800000	64.7376,35.2624
A08	37600001	38600000	63.4904,36.5096
A08	38400001	39400000	65.1705,34.8295
A08	39200001	40200000	64.5564,35.4436
A08	40000001	41000000	62.6551,37.3449
A08	40800001	41800000	63.8602,36.1398
A08	41600001	42600000	66.1345,33.8655
A08	42400001	43400000	64.3241,35.6759
A08	43200001	44200000	62.2253,37.7747
A08	44000001	45000000	63.8508,36.1492
A08	44800001	45800000	61.4865,38.5135
A08	45600001	46600000	63.7045,36.2955
A08	46400001	47400000	62.033,37.967
A08	47200001	48200000	60.488,39.512
A08	48000001	49000000	62.7637,37.2363
A08	48800001	49800000	64.7504,35.2496
A08	49600001	50600000	65.1604,34.8396
A08	50400001	51400000	65.3342,34.6658
A08	51200001	52200000	66.3355,33.6645
A08	52000001	53000000	64.7564,35.2436
A08	52800001	53800000	61.2059,38.7941
A08	53600001	54600000	59.6752,40.3248
A08	54400001	55400000	69.7906,30.2094
A08	55200001	56200000	64.8255,35.1745
A08	56000001	57000000	63.5752,36.4248
A08	56800001	57800000	63.1685,36.8315
A08	57600001	58600000	62.6068,37.3932
A08	58400001	59400000	64.9508,35.0492
A08	59200001	60200000	65.7776,34.2224
A08	60000001	61000000	64.5963,35.4037
A08	60800001	61800000	63.1111,36.8889
A08	61600001	62600000	64.2591,35.7409
A08	62400001	63400000	63.8158,36.1842
A08	63200001	64200000	66.7991,33.2009
A08	64000001	65000000	62.6877,37.3123
A08	64800001	65800000	63.5682,36.4318
A08	65600001	66600000	64.9536,35.0464
A08	66400001	67400000	61.2929,38.7071
A08	67200001	68200000	70.9477,29.0523
A08	68000001	69000000	67.6062,32.3938
A08	68800001	69800000	65.2731,34.7269
A08	69600001	70600000	67.5404,32.4596
A08	70400001	71400000	65.4001,34.5999
A08	71200001	72200000	67.3015,32.6985
A08	72000001	73000000	71.728,28.272
A08	72800001	73800000	67.6768,32.3232
A08	73600001	74600000	69.6294,30.3706
A08	74400001	75400000	67.3469,32.6531
A08	75200001	76200000	65.6311,34.3689
A08	76000001	77000000	65.0741,34.9259
A08	76800001	77800000	69.7944,30.2056
A08	77600001	78600000	63.0274,36.9726
A08	78400001	79400000	66.256,33.744
A08	79200001	80200000	67.5761,32.4239
A08	80000001	81000000	73.5863,26.4137
A08	80800001	81800000	72.3827,27.6173
A08	81600001	82600000	71.996,28.004
A08	82400001	83400000	70.9957,29.0043
A08	83200001	84200000	70.0947,29.9053
A08	84000001	85000000	71.0877,28.9123
A08	84800001	85800000	65.8369,34.1631
A08	85600001	86600000	69.106,30.894
A08	86400001	87400000	71.6412,28.3588
A08	87200001	88200000	71.7601,28.2399
A08	88000001	89000000	69.061,30.939
A08	88800001	89800000	71.6695,28.3305
A08	89600001	90600000	68.3703,31.6297
A08	90400001	91400000	68.4321,31.5679
A08	91200001	92200000	71.364,28.636
A08	92000001	93000000	69.1228,30.8772
A08	92800001	93800000	71.9528,28.0472
A08	93600001	94600000	70.1128,29.8872
A08	94400001	95400000	73.8063,26.1937
A08	95200001	96200000	65.2027,34.7973
A08	96000001	97000000	62.2624,37.7376
A08	96800001	97800000	61.8789,38.1211
A08	97600001	98600000	63.9004,36.0996
A08	98400001	99400000	60.3774,39.6226
A08	99200001	100200000	65.4331,34.5669
A08	100000001	101000000	60.6651,39.3349
A08	100800001	101800000	36.9963,63.0037
A08	101600001	102600000	35.6818,64.3182
A08	102400001	103400000	42.998,57.002
A08	103200001	103626341	52.4,47.6
A09	1	1000000	75.1645,24.8355
A09	800001	1800000	71.1797,28.8203
A09	1600001	2600000	68.5817,31.4183
A09	2400001	3400000	71.7391,28.2609
A09	3200001	4200000	71.3162,28.6838
A09	4000001	5000000	74.8,25.2
A09	4800001	5800000	78.2247,21.7753
A09	5600001	6600000	72.294,27.706
A09	6400001	7400000	72.3143,27.6857
A09	7200001	8200000	75.8971,24.1029
A09	8000001	9000000	75.2741,24.7259
A09	8800001	9800000	70.9034,29.0966
A09	9600001	10600000	71.1982,28.8018
A09	10400001	11400000	69.9783,30.0217
A09	11200001	12200000	71.7906,28.2094
A09	12000001	13000000	68.1122,31.8878
A09	12800001	13800000	69.4701,30.5299
A09	13600001	14600000	65.3258,34.6742
A09	14400001	15400000	63.114,36.886
A09	15200001	16200000	63.0167,36.9833
A09	16000001	17000000	61.142,38.858
A09	16800001	17800000	59.1879,40.8121
A09	17600001	18600000	62.2992,37.7008
A09	18400001	19400000	61.6004,38.3996
A09	19200001	20200000	63.109,36.891
A09	20000001	21000000	64.7619,35.2381
A09	20800001	21800000	61.8612,38.1388
A09	21600001	22600000	65.8763,34.1237
A09	22400001	23400000	64.0081,35.9919
A09	23200001	24200000	59.9894,40.0106
A09	24000001	25000000	61.4909,38.5091
A09	24800001	25800000	64.6218,35.3782
A09	25600001	26600000	64.805,35.195
A09	26400001	27400000	63.5586,36.4414
A09	27200001	28200000	64.6006,35.3994
A09	28000001	29000000	63.2313,36.7687
A09	28800001	29800000	62.794,37.206
A09	29600001	30600000	65.3347,34.6653
A09	30400001	31400000	65.2549,34.7451
A09	31200001	32200000	63.7938,36.2062
A09	32000001	33000000	61.8467,38.1533
A09	32800001	33800000	62.7686,37.2314
A09	33600001	34600000	61.9593,38.0407
A09	34400001	35400000	62.3241,37.6759
A09	35200001	36200000	61.7172,38.2828
A09	36000001	37000000	63.7311,36.2689
A09	36800001	37800000	65.169,34.831
A09	37600001	38600000	67.2538,32.7462
A09	38400001	39400000	67.2963,32.7037
A09	39200001	40200000	66.0069,33.9931
A09	40000001	41000000	68.419,31.581
A09	40800001	41800000	67.4722,32.5278
A09	41600001	42600000	69.3196,30.6804
A09	42400001	43400000	65.3771,34.6229
A09	43200001	44200000	68.8293,31.1707
A09	44000001	45000000	67.292,32.708
A09	44800001	45800000	65.4209,34.5791
A09	45600001	46600000	70.1712,29.8288
A09	46400001	47400000	70.0879,29.9121
A09	47200001	48200000	70.3843,29.6157
A09	48000001	49000000	65.3348,34.6652
A09	48800001	49800000	72.7035,27.2965
A09	49600001	50600000	69.1212,30.8788
A09	50400001	51400000	70.9011,29.0989
A09	51200001	52200000	74.2243,25.7757
A09	52000001	53000000	70.0822,29.9178
A09	52800001	53800000	67.5692,32.4308
A09	53600001	54600000	70.1022,29.8978
A09	54400001	55400000	69.993,30.007
A09	55200001	56200000	71.2318,28.7682
A09	56000001	57000000	69.3756,30.6244
A09	56800001	57800000	69.1223,30.8777
A09	57600001	58600000	73.1966,26.8034
A09	58400001	59400000	72.2069,27.7931
A09	59200001	60200000	70.0274,29.9726
A09	60000001	61000000	68.0851,31.9149
A09	60800001	61800000	67.4449,32.5551
A09	61600001	62600000	72.0022,27.9978
A09	62400001	63400000	64.6739,35.3261
A09	63200001	64200000	69.4093,30.5907
A09	64000001	65000000	64.5611,35.4389
A09	64800001	65800000	67.8532,32.1468
A09	65600001	66600000	67.9693,32.0307
A09	66400001	67400000	68.1818,31.8182
A09	67200001	68200000	56.2406,43.7594
A09	68000001	69000000	55.5834,44.4166
A09	68800001	69800000	48.2079,51.7921
A09	69600001	70600000	50.7576,49.2424
A09	70400001	71400000	48.8696,51.1304
A09	71200001	72200000	55.8779,44.1221
A09	72000001	73000000	52.4887,47.5113
A09	72800001	73800000	35.3774,64.6226
A09	73600001	74600000	57.0871,42.9129
A09	74400001	74999931	22.2603,77.7397
A10	1	1000000	39.1304,60.8696
A10	800001	1800000	55.4945,44.5055
A10	1600001	2600000	40.9938,59.0062
A10	2400001	3400000	45.8824,54.1176
A10	3200001	4200000	60.5617,39.4383
A10	4000001	5000000	63.3431,36.6569
A10	4800001	5800000	67.0293,32.9707
A10	5600001	6600000	70.3252,29.6748
A10	6400001	7400000	68.8039,31.1961
A10	7200001	8200000	71.5697,28.4303
A10	8000001	9000000	67.5383,32.4617
A10	8800001	9800000	67.3077,32.6923
A10	9600001	10600000	70.0313,29.9687
A10	10400001	11400000	68.8149,31.1851
A10	11200001	12200000	70.86,29.14
A10	12000001	13000000	73.8536,26.1464
A10	12800001	13800000	70.7513,29.2487
A10	13600001	14600000	69.2876,30.7124
A10	14400001	15400000	66.993,33.007
A10	15200001	16200000	67.3688,32.6312
A10	16000001	17000000	69.3878,30.6122
A10	16800001	17800000	73.928,26.072
A10	17600001	18600000	71.0449,28.9551
A10	18400001	19400000	71.8426,28.1574
A10	19200001	20200000	70.7291,29.2709
A10	20000001	21000000	67.3876,32.6124
A10	20800001	21800000	68.8853,31.1147
A10	21600001	22600000	65.3517,34.6483
A10	22400001	23400000	62.0152,37.9848
A10	23200001	24200000	64.8363,35.1637
A10	24000001	25000000	64.1889,35.8111
A10	24800001	25800000	62.9473,37.0527
A10	25600001	26600000	66.5414,33.4586
A10	26400001	27400000	63.9806,36.0194
A10	27200001	28200000	62.7722,37.2278
A10	28000001	29000000	64.0045,35.9955
A10	28800001	29800000	62.4226,37.5774
A10	29600001	30600000	68.6344,31.3656
A10	30400001	31400000	63.2225,36.7775
A10	31200001	32200000	62.6894,37.3106
A10	32000001	33000000	63.2417,36.7583
A10	32800001	33800000	64.053,35.947
A10	33600001	34600000	63.9451,36.0549
A10	34400001	35400000	63.8849,36.1151
A10	35200001	36200000	63.8152,36.1848
A10	36000001	37000000	61.0351,38.9649
A10	36800001	37800000	61.4258,38.5742
A10	37600001	38600000	61.7423,38.2577
A10	38400001	39400000	62.774,37.226
A10	39200001	40200000	65.3547,34.6453
A10	40000001	41000000	64.2727,35.7273
A10	40800001	41800000	63.6986,36.3014
A10	41600001	42600000	63.5879,36.4121
A10	42400001	43400000	62.236,37.764
A10	43200001	44200000	62.7599,37.2401
A10	44000001	45000000	63.8271,36.1729
A10	44800001	45800000	64.5276,35.4724
A10	45600001	46600000	67.3966,32.6034
A10	46400001	47400000	64.0355,35.9645
A10	47200001	48200000	64.5101,35.4899
A10	48000001	49000000	68.7888,31.2112
A10	48800001	49800000	66.9361,33.0639
A10	49600001	50600000	65.9023,34.0977
A10	50400001	51400000	65.0407,34.9593
A10	51200001	52200000	68.5702,31.4298
A10	52000001	53000000	66.9144,33.0856
A10	52800001	53800000	62.4198,37.5802
A10	53600001	54600000	64.8744,35.1256
A10	54400001	55400000	65.1731,34.8269
A10	55200001	56200000	70.0863,29.9137
A10	56000001	57000000	68.9283,31.0717
A10	56800001	57800000	67.7515,32.2485
A10	57600001	58600000	66.7697,33.2303
A10	58400001	59400000	68.576,31.424
A10	59200001	60200000	72.4099,27.5901
A10	60000001	61000000	72.1007,27.8993
A10	60800001	61800000	72.4984,27.5016
A10	61600001	62600000	70.484,29.516
A10	62400001	63400000	68.6121,31.3879
A10	63200001	64200000	68.206,31.794
A10	64000001	65000000	67.6582,32.3418
A10	64800001	65800000	71.6107,28.3893
A10	65600001	66600000	73.3256,26.6744
A10	66400001	67400000	71.7623,28.2377
A10	67200001	68200000	69.7834,30.2166
A10	68000001	69000000	67.1833,32.8167
A10	68800001	69800000	67.2617,32.7383
A10	69600001	70600000	71.6966,28.3034
A10	70400001	71400000	69.1115,30.8885
A10	71200001	72200000	70.2932,29.7068
A10	72000001	73000000	67.4177,32.5823
A10	72800001	73800000	68.9792,31.0208
A10	73600001	74600000	65.8416,34.1584
A10	74400001	75400000	66.7276,33.2724
A10	75200001	76200000	69.9003,30.0997
A10	76000001	77000000	69.6266,30.3734
A10	76800001	77800000	66.9889,33.0111
A10	77600001	78600000	66.0048,33.9952
A10	78400001	79400000	67.2692,32.7308
A10	79200001	80200000	66.4393,33.5607
A10	80000001	81000000	65.2056,34.7944
A10	80800001	81800000	71.2744,28.7256
A10	81600001	82600000	70.3274,29.6726
A10	82400001	83400000	66.8732,33.1268
A10	83200001	84200000	69.9669,30.0331
A10	84000001	85000000	71.2662,28.7338
A10	84800001	85800000	68.5008,31.4992
A10	85600001	86600000	72.549,27.451
A10	86400001	87400000	69.8287,30.1713
A10	87200001	88200000	73.223,26.777
A10	88000001	89000000	74.5368,25.4632
A10	88800001	89800000	73.3661,26.6339
A10	89600001	90600000	73.0051,26.9949
A10	90400001	91400000	71.2556,28.7444
A10	91200001	92200000	70.3085,29.6915
A10	92000001	93000000	71.5206,28.4794
A10	92800001	93800000	69.8768,30.1232
A10	93600001	94600000	67.2307,32.7693
A10	94400001	95400000	64.4868,35.5132
A10	95200001	96200000	71.2707,28.7293
A10	96000001	97000000	71.494,28.506
A10	96800001	97800000	71.3241,28.6759
A10	97600001	98600000	64.9194,35.0806
A10	98400001	99400000	64.6838,35.3162
A10	99200001	100200000	63.36,36.64
A10	100000001	101000000	59.5268,40.4732
A10	100800001	100866604	23.4043,76.5957
A11	1	1000000	51.5738,48.4262
A11	800001	1800000	46.4684,53.5316
A11	1600001	2600000	48.6486,51.3514
A11	2400001	3400000	36.9658,63.0342
A11	3200001	4200000	57.8526,42.1474
A11	4000001	5000000	58.0531,41.9469
A11	4800001	5800000	53.9773,46.0227
A11	5600001	6600000	55.3299,44.6701
A11	6400001	7400000	58.0803,41.9197
A11	7200001	8200000	52.9328,47.0672
A11	8000001	9000000	56.3452,43.6548
A11	8800001	9800000	65.2833,34.7167
A11	9600001	10600000	64.1995,35.8005
A11	10400001	11400000	65.1142,34.8858
A11	11200001	12200000	65.0138,34.9862
A11	12000001	13000000	63.3452,36.6548
A11	12800001	13800000	65.505,34.495
A11	13600001	14600000	69.1594,30.8406
A11	14400001	15400000	68.4515,31.5485
A11	15200001	16200000	70.948,29.052
A11	16000001	17000000	70.9955,29.0045
A11	16800001	17800000	61.5669,38.4331
A11	17600001	18600000	68.9888,31.0112
A11	18400001	19400000	70.4163,29.5837
A11	19200001	20200000	68.037,31.963
A11	20000001	21000000	65.3189,34.6811
A11	20800001	21800000	69.5787,30.4213
A11	21600001	22600000	70.2128,29.7872
A11	22400001	23400000	68.8745,31.1255
A11	23200001	24200000	68.5085,31.4915
A11	24000001	25000000	66.7374,33.2626
A11	24800001	25800000	69.1897,30.8103
A11	25600001	26600000	69.4295,30.5705
A11	26400001	27400000	66.8836,33.1164
A11	27200001	28200000	69.472,30.528
A11	28000001	29000000	67.7419,32.2581
A11	28800001	29800000	71.2076,28.7924
A11	29600001	30600000	69.1011,30.8989
A11	30400001	31400000	65.3353,34.6647
A11	31200001	32200000	68.3931,31.6069
A11	32000001	33000000	66.6164,33.3836
A11	32800001	33800000	66.101,33.899
A11	33600001	34600000	68.4926,31.5074
A11	34400001	35400000	67.2209,32.7791
A11	35200001	36200000	63.6698,36.3302
A11	36000001	37000000	63.6425,36.3575
A11	36800001	37800000	64.3105,35.6895
A11	37600001	38600000	61.7647,38.2353
A11	38400001	39400000	63.5009,36.4991
A11	39200001	40200000	65.8613,34.1387
A11	40000001	41000000	66.7037,33.2963
A11	40800001	41800000	64.271,35.729
A11	41600001	42600000	65.6464,34.3536
A11	42400001	43400000	68.8277,31.1723
A11	43200001	44200000	64.0242,35.9758
A11	44000001	45000000	64.5416,35.4584
A11	44800001	45800000	62.5128,37.4872
A11	45600001	46600000	63.5213,36.4787
A11	46400001	47400000	66.627,33.373
A11	47200001	48200000	67.5576,32.4424
A11	48000001	49000000	64.7426,35.2574
A11	48800001	49800000	65.4657,34.5343
A11	49600001	50600000	66.0608,33.9392
A11	50400001	51400000	67.8817,32.1183
A11	51200001	52200000	66.9887,33.0113
A11	52000001	53000000	68.7178,31.2822
A11	52800001	53800000	70.178,29.822
A11	53600001	54600000	66.5855,33.4145
A11	54400001	55400000	66.7014,33.2986
A11	55200001	56200000	70.8543,29.1457
A11	56000001	57000000	72.51,27.49
A11	56800001	57800000	69.3715,30.6285
A11	57600001	58600000	63.902,36.098
A11	58400001	59400000	66.6373,33.3627
A11	59200001	60200000	63.0642,36.9358
A11	60000001	61000000	67.1097,32.8903
A11	60800001	61800000	66.5463,33.4537
A11	61600001	62600000	64.8681,35.1319
A11	62400001	63400000	70.9097,29.0903
A11	63200001	64200000	71.5932,28.4068
A11	64000001	65000000	71.4114,28.5886
A11	64800001	65800000	68.3404,31.6596
A11	65600001	66600000	65.3061,34.6939
A11	66400001	67400000	69.4513,30.5487
A11	67200001	68200000	68.8494,31.1506
A11	68000001	69000000	66.3037,33.6963
A11	68800001	69800000	69.9578,30.0422
A11	69600001	70600000	69.4766,30.5234
A11	70400001	71400000	72.3452,27.6548
A11	71200001	72200000	72.8745,27.1255
A11	72000001	73000000	71.5232,28.4768
A11	72800001	73800000	69.7338,30.2662
A11	73600001	74600000	67.561,32.439
A11	74400001	75400000	64.0385,35.9615
A11	75200001	76200000	64.1997,35.8003
A11	76000001	77000000	70.242,29.758
A11	76800001	77800000	72.5037,27.4963
A11	77600001	78600000	74.1196,25.8804
A11	78400001	79400000	68.0821,31.9179
A11	79200001	80200000	68.846,31.154
A11	80000001	81000000	69.9754,30.0246
A11	80800001	81800000	69.9528,30.0472
A11	81600001	82600000	70.7397,29.2603
A11	82400001	83400000	71.6786,28.3214
A11	83200001	84200000	66.5175,33.4825
A11	84000001	85000000	64.5745,35.4255
A11	84800001	85800000	68.4976,31.5024
A11	85600001	86600000	67.3161,32.6839
A11	86400001	87400000	73.5028,26.4972
A11	87200001	88200000	65.7053,34.2947
A11	88000001	89000000	62.9817,37.0183
A11	88800001	89800000	70.7317,29.2683
A11	89600001	90600000	63.97,36.03
A11	90400001	91400000	66.2681,33.7319
A11	91200001	92200000	69.481,30.519
A11	92000001	93000000	60.0601,39.9399
A11	92800001	93316192	26.8041,73.1959
A12	1	1000000	58.4872,41.5128
A12	800001	1800000	61.6438,38.3562
A12	1600001	2600000	61.6894,38.3106
A12	2400001	3400000	67.8497,32.1503
A12	3200001	4200000	71.3802,28.6198
A12	4000001	5000000	70.7842,29.2158
A12	4800001	5800000	71.3822,28.6178
A12	5600001	6600000	71.5803,28.4197
A12	6400001	7400000	68.3938,31.6062
A12	7200001	8200000	72.4417,27.5583
A12	8000001	9000000	68.2635,31.7365
A12	8800001	9800000	70.6767,29.3233
A12	9600001	10600000	62.6684,37.3316
A12	10400001	11400000	71.1651,28.8349
A12	11200001	12200000	73.3595,26.6405
A12	12000001	13000000	75.501,24.499
A12	12800001	13800000	71.2963,28.7037
A12	13600001	14600000	69.2975,30.7025
A12	14400001	15400000	68.2171,31.7829
A12	15200001	16200000	63.9197,36.0803
A12	16000001	17000000	66.4488,33.5512
A12	16800001	17800000	66.9454,33.0546
A12	17600001	18600000	64.7444,35.2556
A12	18400001	19400000	63.0403,36.9597
A12	19200001	20200000	63.959,36.041
A12	20000001	21000000	65.2306,34.7694
A12	20800001	21800000	69.0679,30.9321
A12	21600001	22600000	65.6958,34.3042
A12	22400001	23400000	63.5213,36.4787
A12	23200001	24200000	63.508,36.492
A12	24000001	25000000	62.6453,37.3547
A12	24800001	25800000	65.2464,34.7536
A12	25600001	26600000	64.3342,35.6658
A12	26400001	27400000	63.0377,36.9623
A12	27200001	28200000	66.786,33.214
A12	28000001	29000000	67.9048,32.0952
A12	28800001	29800000	65.0619,34.9381
A12	29600001	30600000	65.8546,34.1454
A12	30400001	31400000	63.2805,36.7195
A12	31200001	32200000	60.4826,39.5174
A12	32000001	33000000	65.9462,34.0538
A12	32800001	33800000	68.6707,31.3293
A12	33600001	34600000	67.1098,32.8902
A12	34400001	35400000	62.1836,37.8164
A12	35200001	36200000	64.2066,35.7934
A12	36000001	37000000	64.4928,35.5072
A12	36800001	37800000	63.3398,36.6602
A12	37600001	38600000	64.7516,35.2484
A12	38400001	39400000	66.6156,33.3844
A12	39200001	40200000	64.2215,35.7785
A12	40000001	41000000	63.7461,36.2539
A12	40800001	41800000	64.8899,35.1101
A12	41600001	42600000	64.1962,35.8038
A12	42400001	43400000	62.0121,37.9879
A12	43200001	44200000	66.5801,33.4199
A12	44000001	45000000	64.0017,35.9983
A12	44800001	45800000	62.1663,37.8337
A12	45600001	46600000	62.8866,37.1134
A12	46400001	47400000	64.0854,35.9146
A12	47200001	48200000	65.4574,34.5426
A12	48000001	49000000	62.6523,37.3477
A12	48800001	49800000	62.853,37.147
A12	49600001	50600000	65.9251,34.0749
A12	50400001	51400000	65.16,34.84
A12	51200001	52200000	64.6166,35.3834
A12	52000001	53000000	63.6157,36.3843
A12	52800001	53800000	63.9332,36.0668
A12	53600001	54600000	69.6575,30.3425
A12	54400001	55400000	68.4354,31.5646
A12	55200001	56200000	66.0187,33.9813
A12	56000001	57000000	63.7937,36.2063
A12	56800001	57800000	65.5731,34.4269
A12	57600001	58600000	67.3983,32.6017
A12	58400001	59400000	65.2997,34.7003
A12	59200001	60200000	72.5815,27.4185
A12	60000001	61000000	71.308,28.692
A12	60800001	61800000	68.4891,31.5109
A12	61600001	62600000	70.8915,29.1085
A12	62400001	63400000	73.5907,26.4093
A12	63200001	64200000	74.3408,25.6592
A12	64000001	65000000	70.5688,29.4312
A12	64800001	65800000	67.5526,32.4474
A12	65600001	66600000	65.1279,34.8721
A12	66400001	67400000	72.3214,27.6786
A12	67200001	68200000	72.7019,27.2981
A12	68000001	69000000	73.1089,26.8911
A12	68800001	69800000	71.0106,28.9894
A12	69600001	70600000	73.2616,26.7384
A12	70400001	71400000	70.4014,29.5986
A12	71200001	72200000	74.3566,25.6434
A12	72000001	73000000	69.3523,30.6477
A12	72800001	73800000	70.0398,29.9602
A12	73600001	74600000	62.5949,37.4051
A12	74400001	75400000	67.4132,32.5868
A12	75200001	76200000	72.9674,27.0326
A12	76000001	77000000	68.8084,31.1916
A12	76800001	77800000	71.1244,28.8756
A12	77600001	78600000	68.0887,31.9113
A12	78400001	79400000	67.0732,32.9268
A12	79200001	80200000	71.5487,28.4513
A12	80000001	81000000	64.082,35.918
A12	80800001	81800000	56.8869,43.1131
A12	81600001	82600000	60.8398,39.1602
A12	82400001	83400000	59.9517,40.0483
A12	83200001	84200000	49.3902,50.6098
A12	84000001	85000000	43.5424,56.4576
A12	84800001	85800000	34.8519,65.1481
A12	85600001	86600000	46.1538,53.8462
A12	86400001	87400000	40.7745,59.2255
A12	87200001	87484866	29.6296,70.3704
A13	1	1000000	64.8672,35.1328
A13	800001	1800000	64.8045,35.1955
A13	1600001	2600000	64.3573,35.6427
A13	2400001	3400000	62.1649,37.8351
A13	3200001	4200000	63.0478,36.9522
A13	4000001	5000000	68.0412,31.9588
A13	4800001	5800000	67.6903,32.3097
A13	5600001	6600000	74.2366,25.7634
A13	6400001	7400000	67.1326,32.8674
A13	7200001	8200000	66.6667,33.3333
A13	8000001	9000000	66.8275,33.1725
A13	8800001	9800000	67.1375,32.8625
A13	9600001	10600000	69.6169,30.3831
A13	10400001	11400000	70.7437,29.2563
A13	11200001	12200000	76.5025,23.4975
A13	12000001	13000000	72.439,27.561
A13	12800001	13800000	72.1141,27.8859
A13	13600001	14600000	70.998,29.002
A13	14400001	15400000	74.331,25.669
A13	15200001	16200000	68.5061,31.4939
A13	16000001	17000000	66.2008,33.7992
A13	16800001	17800000	63.9306,36.0694
A13	17600001	18600000	62.6204,37.3796
A13	18400001	19400000	65.9658,34.0342
A13	19200001	20200000	66.0813,33.9187
A13	20000001	21000000	63.8248,36.1752
A13	20800001	21800000	64.3973,35.6027
A13	21600001	22600000	67.004,32.996
A13	22400001	23400000	66.9826,33.0174
A13	23200001	24200000	65.9765,34.0235
A13	24000001	25000000	64.5443,35.4557
A13	24800001	25800000	61.7079,38.2921
A13	25600001	26600000	62.7754,37.2246
A13	26400001	27400000	61.6925,38.3075
A13	27200001	28200000	61.4876,38.5124
A13	28000001	29000000	64.0073,35.9927
A13	28800001	29800000	63.3739,36.6261
A13	29600001	30600000	64.3252,35.6748
A13	30400001	31400000	63.1378,36.8622
A13	31200001	32200000	69.7917,30.2083
A13	32000001	33000000	60.6241,39.3759
A13	32800001	33800000	68.6869,31.3131
A13	33600001	34600000	64.6471,35.3529
A13	34400001	35400000	61.5147,38.4853
A13	35200001	36200000	64.8536,35.1464
A13	36000001	37000000	65.5397,34.4603
A13	36800001	37800000	68.2232,31.7768
A13	37600001	38600000	71.5486,28.4514
A13	38400001	39400000	66.3405,33.6595
A13	39200001	40200000	67.6241,32.3759
A13	40000001	41000000	69.857,30.143
A13	40800001	41800000	66.1386,33.8614
A13	41600001	42600000	67.8819,32.1181
A13	42400001	43400000	65.1977,34.8023
A13	43200001	44200000	66.5045,33.4955
A13	44000001	45000000	67.1958,32.8042
A13	44800001	45800000	64.9964,35.0036
A13	45600001	46600000	69.9439,30.0561
A13	46400001	47400000	68.5267,31.4733
A13	47200001	48200000	68.5884,31.4116
A13	48000001	49000000	66.1944,33.8056
A13	48800001	49800000	66.1759,33.8241
A13	49600001	50600000	69.3868,30.6132
A13	50400001	51400000	67.6814,32.3186
A13	51200001	52200000	62.1777,37.8223
A13	52000001	53000000	64.1882,35.8118
A13	52800001	53800000	66.5134,33.4866
A13	53600001	54600000	65.6553,34.3447
A13	54400001	55400000	67.5955,32.4045
A13	55200001	56200000	75.3893,24.6107
A13	56000001	57000000	71.4136,28.5864
A13	56800001	57800000	68.2268,31.7732
A13	57600001	58600000	67.5526,32.4474
A13	58400001	59400000	74.431,25.569
A13	59200001	60200000	73.1682,26.8318
A13	60000001	61000000	71.8451,28.1549
A13	60800001	61800000	71.2675,28.7325
A13	61600001	62600000	70.7865,29.2135
A13	62400001	63400000	70.3573,29.6427
A13	63200001	64200000	67.5214,32.4786
A13	64000001	65000000	68.5879,31.4121
A13	64800001	65800000	70.2595,29.7405
A13	65600001	66600000	67.4071,32.5929
A13	66400001	67400000	69.7309,30.2691
A13	67200001	68200000	71.7803,28.2197
A13	68000001	69000000	70.8609,29.1391
A13	68800001	69800000	74.4324,25.5676
A13	69600001	70600000	75.3182,24.6818
A13	70400001	71400000	74.5384,25.4616
A13	71200001	72200000	75.2101,24.7899
A13	72000001	73000000	72.0276,27.9724
A13	72800001	73800000	70.3633,29.6367
A13	73600001	74600000	68.5611,31.4389
A13	74400001	75400000	59.4005,40.5995
A13	75200001	76200000	51.9068,48.0932
A13	76000001	77000000	61.8677,38.1323
A13	76800001	77800000	76.4621,23.5379
A13	77600001	78600000	49.0706,50.9294
A13	78400001	79400000	27.5992,72.4008
A13	79200001	79961121	38.6364,61.3636
D01	1	1000000	44.0549,55.9451
D01	800001	1800000	55.4302,44.5698
D01	1600001	2600000	55.6161,44.3839
D01	2400001	3400000	67.0339,32.9661
D01	3200001	4200000	65.5236,34.4764
D01	4000001	5000000	63.904,36.096
D01	4800001	5800000	60.0333,39.9667
D01	5600001	6600000	68.5076,31.4924
D01	6400001	7400000	73.1199,26.8801
D01	7200001	8200000	72.4865,27.5135
D01	8000001	9000000	68.7023,31.2977
D01	8800001	9800000	67.1088,32.8912
D01	9600001	10600000	64.4805,35.5195
D01	10400001	11400000	67.0273,32.9727
D01	11200001	12200000	71.1794,28.8206
D01	12000001	13000000	69.7363,30.2637
D01	12800001	13800000	69.6513,30.3487
D01	13600001	14600000	65.0668,34.9332
D01	14400001	15400000	71.7936,28.2064
D01	15200001	16200000	66.3079,33.6921
D01	16000001	17000000	69.893,30.107
D01	16800001	17800000	69.9744,30.0256
D01	17600001	18600000	70.2189,29.7811
D01	18400001	19400000	69.359,30.641
D01	19200001	20200000	64.8795,35.1205
D01	20000001	21000000	64.261,35.739
D01	20800001	21800000	66.7084,33.2916
D01	21600001	22600000	67.5147,32.4853
D01	22400001	23400000	67.7494,32.2506
D01	23200001	24200000	65.0016,34.9984
D01	24000001	25000000	66.719,33.281
D01	24800001	25800000	68.3206,31.6794
D01	25600001	26600000	69.369,30.631
D01	26400001	27400000	67.0559,32.9441
D01	27200001	28200000	64.6384,35.3616
D01	28000001	29000000	66.9104,33.0896
D01	28800001	29800000	63.1208,36.8792
D01	29600001	30600000	64.2621,35.7379
D01	30400001	31400000	69.4973,30.5027
D01	31200001	32200000	65.0252,34.9748
D01	32000001	33000000	63.772,36.228
D01	32800001	33800000	61.9189,38.0811
D01	33600001	34600000	64.4289,35.5711
D01	34400001	35400000	62.1827,37.8173
D01	35200001	36200000	64.8803,35.1197
D01	36000001	37000000	61.8373,38.1627
D01	36800001	37800000	64.0708,35.9292
D01	37600001	38600000	69.5059,30.4941
D01	38400001	39400000	71.2662,28.7338
D01	39200001	40200000	64.8489,35.1511
D01	40000001	41000000	63.1834,36.8166
D01	40800001	41800000	66.1612,33.8388
D01	41600001	42600000	66.7153,33.2847
D01	42400001	43400000	68.9593,31.0407
D01	43200001	44200000	67.158,32.842
D01	44000001	45000000	68.4624,31.5376
D01	44800001	45800000	74.4681,25.5319
D01	45600001	46600000	65.2636,34.7364
D01	46400001	47400000	66.0345,33.9655
D01	47200001	48200000	64.3216,35.6784
D01	48000001	49000000	69.8501,30.1499
D01	48800001	49800000	66.0571,33.9429
D01	49600001	50600000	67.8312,32.1688
D01	50400001	51400000	67.196,32.804
D01	51200001	52200000	68.6283,31.3717
D01	52000001	53000000	71.1395,28.8605
D01	52800001	53800000	64.369,35.631
D01	53600001	54600000	70.4378,29.5622
D01	54400001	55400000	70.7974,29.2026
D01	55200001	56200000	69.9465,30.0535
D01	56000001	57000000	68.3333,31.6667
D01	56800001	57800000	57.7659,42.2341
D01	57600001	58600000	65.843,34.157
D01	58400001	59400000	68.0215,31.9785
D01	59200001	60200000	60.2576,39.7424
D01	60000001	61000000	46.5668,53.4332
D01	60800001	61456009	39.2111,60.7889
D02	1	1000000	37.027,62.973
D02	800001	1800000	50.3731,49.6269
D02	1600001	2600000	62.2517,37.7483
D02	2400001	3400000	63.2085,36.7915
D02	3200001	4200000	59.6455,40.3545
D02	4000001	5000000	47.8535,52.1465
D02	4800001	5800000	63.5579,36.4421
D02	5600001	6600000	61.6188,38.3812
D02	6400001	7400000	63.3333,36.6667
D02	7200001	8200000	69.1539,30.8461
D02	8000001	9000000	65.3427,34.6573
D02	8800001	9800000	68.7344,31.2656
D02	9600001	10600000	67.7549,32.2451
D02	10400001	11400000	66.0677,33.9323
D02	11200001	12200000	66.7822,33.2178
D02	12000001	13000000	65.6542,34.3458
D02	12800001	13800000	67.9307,32.0693
D02	13600001	14600000	69.8624,30.1376
D02	14400001	15400000	68.5772,31.4228
D02	15200001	16200000	66.3104,33.6896
D02	16000001	17000000	65.7769,34.2231
D02	16800001	17800000	68.5185,31.4815
D02	17600001	18600000	64.0474,35.9526
D02	18400001	19400000	64.4904,35.5096
D02	19200001	20200000	66.7594,33.2406
D02	20000001	21000000	65.6583,34.3417
D02	20800001	21800000	66.6807,33.3193
D02	21600001	22600000	70.8232,29.1768
D02	22400001	23400000	66.9697,33.0303
D02	23200001	24200000	66.7453,33.2547
D02	24000001	25000000	65.4217,34.5783
D02	24800001	25800000	66.1161,33.8839
D02	25600001	26600000	64.5197,35.4803
D02	26400001	27400000	65.8333,34.1667
D02	27200001	28200000	62.4589,37.5411
D02	28000001	29000000	65.2311,34.7689
D02	28800001	29800000	63.1722,36.8278
D02	29600001	30600000	65.1931,34.8069
D02	30400001	31400000	65.929,34.071
D02	31200001	32200000	63.2419,36.7581
D02	32000001	33000000	63.2036,36.7964
D02	32800001	33800000	65.9725,34.0275
D02	33600001	34600000	68.5623,31.4377
D02	34400001	35400000	70.8302,29.1698
D02	35200001	36200000	68.2774,31.7226
D02	36000001	37000000	64.5147,35.4853
D02	36800001	37800000	66.2168,33.7832
D02	37600001	38600000	63.2475,36.7525
D02	38400001	39400000	66.0793,33.9207
D02	39200001	40200000	66.4673,33.5327
D02	40000001	41000000	63.006,36.994
D02	40800001	41800000	65.3583,34.6417
D02	41600001	42600000	64.9417,35.0583
D02	42400001	43400000	68.0371,31.9629
D02	43200001	44200000	68.794,31.206
D02	44000001	45000000	73.7468,26.2532
D02	44800001	45800000	70.7291,29.2709
D02	45600001	46600000	68.5791,31.4209
D02	46400001	47400000	65.5244,34.4756
D02	47200001	48200000	65.9922,34.0078
D02	48000001	49000000	68.7032,31.2968
D02	48800001	49800000	69.4298,30.5702
D02	49600001	50600000	68.5446,31.4554
D02	50400001	51400000	71.5755,28.4245
D02	51200001	52200000	66.5754,33.4246
D02	52000001	53000000	65.8737,34.1263
D02	52800001	53800000	68.8343,31.1657
D02	53600001	54600000	72.8698,27.1302
D02	54400001	55400000	71.9717,28.0283
D02	55200001	56200000	68.8713,31.1287
D02	56000001	57000000	65.0465,34.9535
D02	56800001	57800000	61.6915,38.3085
D02	57600001	58600000	65.6305,34.3695
D02	58400001	59400000	69.7408,30.2592
D02	59200001	60200000	71.5827,28.4173
D02	60000001	61000000	68.4142,31.5858
D02	60800001	61800000	67.6113,32.3887
D02	61600001	62600000	65.8228,34.1772
D02	62400001	63400000	62.0968,37.9032
D02	63200001	64200000	53.9088,46.0912
D02	64000001	65000000	60.8746,39.1254
D02	64800001	65800000	49.7245,50.2755
D02	65600001	66600000	44.1099,55.8901
D02	66400001	67400000	33.0784,66.9216
D02	67200001	67284553	51.5625,48.4375
D03	1	1000000	36.7461,63.2539
D03	800001	1800000	58.8372,41.1628
D03	1600001	2600000	66.2912,33.7088
D03	2400001	3400000	63.9033,36.0967
D03	3200001	4200000	66.5436,33.4564
D03	4000001	5000000	66.2804,33.7196
D03	4800001	5800000	68.736,31.264
D03	5600001	6600000	69.4331,30.5669
D03	6400001	7400000	73.4606,26.5394
D03	7200001	8200000	69.1667,30.8333
D03	8000001	9000000	72.0165,27.9835
D03	8800001	9800000	68.615,31.385
D03	9600001	10600000	65.7001,34.2999
D03	10400001	11400000	65.7334,34.2666
D03	11200001	12200000	67.3767,32.6233
D03	12000001	13000000	67.8227,32.1773
D03	12800001	13800000	62.8178,37.1822
D03	13600001	14600000	61.7526,38.2474
D03	14400001	15400000	61.8787,38.1213
D03	15200001	16200000	64.8733,35.1267
D03	16000001	17000000	66.8769,33.1231
D03	16800001	17800000	63.0975,36.9025
D03	17600001	18600000	62.5351,37.4649
D03	18400001	19400000	62.8231,37.1769
D03	19200001	20200000	61.9718,38.0282
D03	20000001	21000000	62.1525,37.8475
D03	20800001	21800000	59.3761,40.6239
D03	21600001	22600000	61.9392,38.0608
D03	22400001	23400000	62.2133,37.7867
D03	23200001	24200000	65.2542,34.7458
D03	24000001	25000000	72,28
D03	24800001	25800000	70.3099,29.6901
D03	25600001	26600000	71.6927,28.3073
D03	26400001	27400000	68.3354,31.6646
D03	27200001	28200000	69.3556,30.6444
D03	28000001	29000000	66.7618,33.2382
D03	28800001	29800000	68.8537,31.1463
D03	29600001	30600000	66.3721,33.6279
D03	30400001	31400000	65.7712,34.2288
D03	31200001	32200000	69.2905,30.7095
D03	32000001	33000000	67.8388,32.1612
D03	32800001	33800000	70.5723,29.4277
D03	33600001	34600000	71.8378,28.1622
D03	34400001	35400000	66.0874,33.9126
D03	35200001	36200000	63.4708,36.5292
D03	36000001	37000000	68.3279,31.6721
D03	36800001	37800000	68.0907,31.9093
D03	37600001	38600000	66.385,33.615
D03	38400001	39400000	67.0423,32.9577
D03	39200001	40200000	71.9245,28.0755
D03	40000001	41000000	66.3057,33.6943
D03	40800001	41800000	65.3683,34.6317
D03	41600001	42600000	61.4626,38.5374
D03	42400001	43400000	59.6809,40.3191
D03	43200001	44200000	55.3829,44.6171
D03	44000001	45000000	59.9271,40.0729
D03	44800001	45800000	63.8639,36.1361
D03	45600001	46600000	52.6462,47.3538
D03	46400001	46690656	28.3186,71.6814
D04	1	1000000	54.7798,45.2202
D04	800001	1800000	56.4058,43.5942
D04	1600001	2600000	56.7471,43.2529
D04	2400001	3400000	54.6859,45.3141
D04	3200001	4200000	66.5068,33.4932
D04	4000001	5000000	61.1755,38.8245
D04	4800001	5800000	63.8241,36.1759
D04	5600001	6600000	64.7577,35.2423
D04	6400001	7400000	70.618,29.382
D04	7200001	8200000	70.7918,29.2082
D04	8000001	9000000	69.0899,30.9101
D04	8800001	9800000	63.9702,36.0298
D04	9600001	10600000	63.2037,36.7963
D04	10400001	11400000	69.7686,30.2314
D04	11200001	12200000	64.8714,35.1286
D04	12000001	13000000	68.6594,31.3406
D04	12800001	13800000	67.3581,32.6419
D04	13600001	14600000	65.7972,34.2028
D04	14400001	15400000	64.512,35.488
D04	15200001	16200000	65.4973,34.5027
D04	16000001	17000000	67.0775,32.9225
D04	16800001	17800000	66.3737,33.6263
D04	17600001	18600000	63.3234,36.6766
D04	18400001	19400000	63.4268,36.5732
D04	19200001	20200000	63.4178,36.5822
D04	20000001	21000000	61.6878,38.3122
D04	20800001	21800000	63.0409,36.9591
D04	21600001	22600000	66.8677,33.1323
D04	22400001	23400000	64.7727,35.2273
D04	23200001	24200000	63.9322,36.0678
D04	24000001	25000000	63.6364,36.3636
D04	24800001	25800000	64.2992,35.7008
D04	25600001	26600000	65.2549,34.7451
D04	26400001	27400000	65.1786,34.8214
D04	27200001	28200000	62.3176,37.6824
D04	28000001	29000000	62.3228,37.6772
D04	28800001	29800000	68.9441,31.0559
D04	29600001	30600000	73.6396,26.3604
D04	30400001	31400000	66.4026,33.5974
D04	31200001	32200000	65.7952,34.2048
D04	32000001	33000000	70.9704,29.0296
D04	32800001	33800000	64.9282,35.0718
D04	33600001	34600000	70.2395,29.7605
D04	34400001	35400000	69.0635,30.9365
D04	35200001	36200000	68.3694,31.6306
D04	36000001	37000000	69.5728,30.4272
D04	36800001	37800000	67.4291,32.5709
D04	37600001	38600000	67.6073,32.3927
D04	38400001	39400000	71.7233,28.2767
D04	39200001	40200000	70.2877,29.7123
D04	40000001	41000000	64.6104,35.3896
D04	40800001	41800000	69.3844,30.6156
D04	41600001	42600000	69.9419,30.0581
D04	42400001	43400000	70.1452,29.8548
D04	43200001	44200000	65.307,34.693
D04	44000001	45000000	69.0999,30.9001
D04	44800001	45800000	72.9517,27.0483
D04	45600001	46600000	66.4317,33.5683
D04	46400001	47400000	66.2362,33.7638
D04	47200001	48200000	59.7166,40.2834
D04	48000001	49000000	55.2113,44.7887
D04	48800001	49800000	59.285,40.715
D04	49600001	50600000	56.0664,43.9336
D04	50400001	51400000	50.7784,49.2216
D04	51200001	51454130	37.2263,62.7737
D05	1	1000000	44.4646,55.5354
D05	800001	1800000	44.5826,55.4174
D05	1600001	2600000	45.709,54.291
D05	2400001	3400000	30.0207,69.9793
D05	3200001	4200000	42.0664,57.9336
D05	4000001	5000000	38.3513,61.6487
D05	4800001	5800000	38.21,61.79
D05	5600001	6600000	36.7209,63.2791
D05	6400001	7400000	36.9732,63.0268
D05	7200001	8200000	48.6641,51.3359
D05	8000001	9000000	41.527,58.473
D05	8800001	9800000	35.4671,64.5329
D05	9600001	10600000	41.8831,58.1169
D05	10400001	11400000	44.9132,55.0868
D05	11200001	12200000	38.0952,61.9048
D05	12000001	13000000	42.2727,57.7273
D05	12800001	13800000	50.6192,49.3808
D05	13600001	14600000	52.1519,47.8481
D05	14400001	15400000	46.6381,53.3619
D05	15200001	16200000	42.9549,57.0451
D05	16000001	17000000	43.8066,56.1934
D05	16800001	17800000	50.97,49.03
D05	17600001	18600000	52.6178,47.3822
D05	18400001	19400000	56.3798,43.6202
D05	19200001	20200000	54.2067,45.7933
D05	20000001	21000000	64.335,35.665
D05	20800001	21800000	51.194,48.806
D05	21600001	22600000	61.4191,38.5809
D05	22400001	23400000	64.0689,35.9311
D05	23200001	24200000	53.6346,46.3654
D05	24000001	25000000	63.0872,36.9128
D05	24800001	25800000	62.2283,37.7717
D05	25600001	26600000	60.6372,39.3628
D05	26400001	27400000	64.5477,35.4523
D05	27200001	28200000	63.3205,36.6795
D05	28000001	29000000	66.9173,33.0827
D05	28800001	29800000	66.8385,33.1615
D05	29600001	30600000	70.4835,29.5165
D05	30400001	31400000	65.7627,34.2373
D05	31200001	32200000	67.4237,32.5763
D05	32000001	33000000	66.8761,33.1239
D05	32800001	33800000	64.2545,35.7455
D05	33600001	34600000	68.9241,31.0759
D05	34400001	35400000	68.1857,31.8143
D05	35200001	36200000	66.4567,33.5433
D05	36000001	37000000	68.616,31.384
D05	36800001	37800000	66.8129,33.1871
D05	37600001	38600000	61.4268,38.5732
D05	38400001	39400000	68.1481,31.8519
D05	39200001	40200000	66.4403,33.5597
D05	40000001	41000000	67.3644,32.6356
D05	40800001	41800000	62.7617,37.2383
D05	41600001	42600000	64.4151,35.5849
D05	42400001	43400000	65.2415,34.7585
D05	43200001	44200000	65.3742,34.6258
D05	44000001	45000000	65.9925,34.0075
D05	44800001	45800000	66.3541,33.6459
D05	45600001	46600000	78.2967,21.7033
D05	46400001	47400000	75.9783,24.0217
D05	47200001	48200000	64.8591,35.1409
D05	48000001	49000000	66.8478,33.1522
D05	48800001	49800000	67.4497,32.5503
D05	49600001	50600000	66.4931,33.5069
D05	50400001	51400000	63.8251,36.1749
D05	51200001	52200000	64.2481,35.7519
D05	52000001	53000000	64.5394,35.4606
D05	52800001	53800000	62.6878,37.3122
D05	53600001	54600000	64.3583,35.6417
D05	54400001	55400000	58.9827,41.0173
D05	55200001	56200000	62.2386,37.7614
D05	56000001	57000000	66.9539,33.0461
D05	56800001	57800000	68.4645,31.5355
D05	57600001	58600000	68.6034,31.3966
D05	58400001	59400000	67.6408,32.3592
D05	59200001	60200000	60.5516,39.4484
D05	60000001	61000000	65.0249,34.9751
D05	60800001	61800000	60.254,39.746
D05	61600001	61933047	51.9868,48.0132
D06	1	1000000	51.8182,48.1818
D06	800001	1800000	54.8348,45.1652
D06	1600001	2600000	48.4517,51.5483
D06	2400001	3400000	52.8131,47.1869
D06	3200001	4200000	70.8167,29.1833
D06	4000001	5000000	70.6085,29.3915
D06	4800001	5800000	67.0959,32.9041
D06	5600001	6600000	64.9425,35.0575
D06	6400001	7400000	69.279,30.721
D06	7200001	8200000	61.9406,38.0594
D06	8000001	9000000	69.4286,30.5714
D06	8800001	9800000	62.8557,37.1443
D06	9600001	10600000	63.2705,36.7295
D06	10400001	11400000	66.0215,33.9785
D06	11200001	12200000	67.2588,32.7412
D06	12000001	13000000	65.6156,34.3844
D06	12800001	13800000	65.3017,34.6983
D06	13600001	14600000	68.3824,31.6176
D06	14400001	15400000	68.5797,31.4203
D06	15200001	16200000	69.809,30.191
D06	16000001	17000000	65.051,34.949
D06	16800001	17800000	66.1965,33.8035
D06	17600001	18600000	66.5058,33.4942
D06	18400001	19400000	68.0968,31.9032
D06	19200001	20200000	66.2895,33.7105
D06	20000001	21000000	64.927,35.073
D06	20800001	21800000	66.1623,33.8377
D06	21600001	22600000	66.1925,33.8075
D06	22400001	23400000	66.469,33.531
D06	23200001	24200000	65.1515,34.8485
D06	24000001	25000000	65.8477,34.1523
D06	24800001	25800000	63.7566,36.2434
D06	25600001	26600000	65.9149,34.0851
D06	26400001	27400000	63.8197,36.1803
D06	27200001	28200000	63.4649,36.5351
D06	28000001	29000000	63.1973,36.8027
D06	28800001	29800000	68.0769,31.9231
D06	29600001	30600000	67.2453,32.7547
D06	30400001	31400000	63.1113,36.8887
D06	31200001	32200000	62.3288,37.6712
D06	32000001	33000000	58.8853,41.1147
D06	32800001	33800000	65.7088,34.2912
D06	33600001	34600000	61.9406,38.0594
D06	34400001	35400000	59.9502,40.0498
D06	35200001	36200000	62.2731,37.7269
D06	36000001	37000000	60.2265,39.7735
D06	36800001	37800000	61.7423,38.2577
D06	37600001	38600000	61.7801,38.2199
D06	38400001	39400000	66.3043,33.6957
D06	39200001	40200000	68.1433,31.8567
D06	40000001	41000000	64.6712,35.3288
D06	40800001	41800000	72.1305,27.8695
D06	41600001	42600000	68.4068,31.5932
D06	42400001	43400000	68.4759,31.5241
D06	43200001	44200000	67.5138,32.4862
D06	44000001	45000000	67.6736,32.3264
D06	44800001	45800000	67.0251,32.9749
D06	45600001	46600000	69.877,30.123
D06	46400001	47400000	67.7953,32.2047
D06	47200001	48200000	66.0425,33.9575
D06	48000001	49000000	63.5365,36.4635
D06	48800001	49800000	70.2224,29.7776
D06	49600001	50600000	66.037,33.963
D06	50400001	51400000	66.5381,33.4619
D06	51200001	52200000	68.2152,31.7848
D06	52000001	53000000	62.3619,37.6381
D06	52800001	53800000	66.844,33.156
D06	53600001	54600000	65.9245,34.0755
D06	54400001	55400000	65.5088,34.4912
D06	55200001	56200000	65.8363,34.1637
D06	56000001	57000000	65.1839,34.8161
D06	56800001	57800000	66,34
D06	57600001	58600000	64.6572,35.3428
D06	58400001	59400000	65.625,34.375
D06	59200001	60200000	59.3066,40.6934
D06	60000001	61000000	61.2006,38.7994
D06	60800001	61800000	60.4282,39.5718
D06	61600001	62600000	63.8535,36.1465
D06	62400001	63400000	56.5582,43.4418
D06	63200001	64200000	46.7456,53.2544
D06	64000001	64294643	50,50
D07	1	1000000	54.5455,45.4545
D07	800001	1800000	51.1538,48.8462
D07	1600001	2600000	65.5827,34.4173
D07	2400001	3400000	57.1795,42.8205
D07	3200001	4200000	62.0561,37.9439
D07	4000001	5000000	58.9633,41.0367
D07	4800001	5800000	74.5734,25.4266
D07	5600001	6600000	69.1002,30.8998
D07	6400001	7400000	74.5072,25.4928
D07	7200001	8200000	64.7152,35.2848
D07	8000001	9000000	70.9877,29.0123
D07	8800001	9800000	76.4237,23.5763
D07	9600001	10600000	75.617,24.383
D07	10400001	11400000	75.5618,24.4382
D07	11200001	12200000	73.8357,26.1643
D07	12000001	13000000	80,20
D07	12800001	13800000	79.0259,20.9741
D07	13600001	14600000	77.4848,22.5152
D07	14400001	15400000	73.6059,26.3941
D07	15200001	16200000	72.1401,27.8599
D07	16000001	17000000	75.804,24.196
D07	16800001	17800000	76.9679,23.0321
D07	17600001	18600000	77.0222,22.9778
D07	18400001	19400000	72.3887,27.6113
D07	19200001	20200000	76.1538,23.8462
D07	20000001	21000000	77.7778,22.2222
D07	20800001	21800000	72.6124,27.3876
D07	21600001	22600000	78.2098,21.7902
D07	22400001	23400000	78.4836,21.5164
D07	23200001	24200000	74.8971,25.1029
D07	24000001	25000000	73.1034,26.8966
D07	24800001	25800000	73.9806,26.0194
D07	25600001	26600000	72.017,27.983
D07	26400001	27400000	70.1025,29.8975
D07	27200001	28200000	72.4014,27.5986
D07	28000001	29000000	78.5714,21.4286
D07	28800001	29800000	74.6309,25.3691
D07	29600001	30600000	73.7222,26.2778
D07	30400001	31400000	75.3695,24.6305
D07	31200001	32200000	74.0789,25.9211
D07	32000001	33000000	75.573,24.427
D07	32800001	33800000	71.5834,28.4166
D07	33600001	34600000	70.0668,29.9332
D07	34400001	35400000	70.8473,29.1527
D07	35200001	36200000	71.0042,28.9958
D07	36000001	37000000	71.787,28.213
D07	36800001	37800000	68.9006,31.0994
D07	37600001	38600000	71.7577,28.2423
D07	38400001	39400000	70.4394,29.5606
D07	39200001	40200000	67.5985,32.4015
D07	40000001	41000000	70.4366,29.5634
D07	40800001	41800000	70.6446,29.3554
D07	41600001	42600000	69.4939,30.5061
D07	42400001	43400000	75.4323,24.5677
D07	43200001	44200000	71.9267,28.0733
D07	44000001	45000000	69.7956,30.2044
D07	44800001	45800000	70.8809,29.1191
D07	45600001	46600000	71.4603,28.5397
D07	46400001	47400000	77.0891,22.9109
D07	47200001	48200000	76.1062,23.8938
D07	48000001	49000000	69.2149,30.7851
D07	48800001	49800000	75.0958,24.9042
D07	49600001	50600000	69.3966,30.6034
D07	50400001	51400000	74.6849,25.3151
D07	51200001	52200000	69.3356,30.6644
D07	52000001	53000000	69.6101,30.3899
D07	52800001	53800000	70.9756,29.0244
D07	53600001	54600000	71.6692,28.3308
D07	54400001	55400000	75.9184,24.0816
D07	55200001	55312611	80.3109,19.6891
D08	1	1000000	48.5137,51.4863
D08	800001	1800000	51.4851,48.5149
D08	1600001	2600000	52.1505,47.8495
D08	2400001	3400000	59.454,40.546
D08	3200001	4200000	56.8439,43.1561
D08	4000001	5000000	63.3889,36.6111
D08	4800001	5800000	63.2479,36.7521
D08	5600001	6600000	66.689,33.311
D08	6400001	7400000	68.0667,31.9333
D08	7200001	8200000	70.2452,29.7548
D08	8000001	9000000	65.7694,34.2306
D08	8800001	9800000	66.8626,33.1374
D08	9600001	10600000	69.4329,30.5671
D08	10400001	11400000	70.0202,29.9798
D08	11200001	12200000	63.613,36.387
D08	12000001	13000000	70.3091,29.6909
D08	12800001	13800000	67.3826,32.6174
D08	13600001	14600000	67.9785,32.0215
D08	14400001	15400000	66.1734,33.8266
D08	15200001	16200000	69.6847,30.3153
D08	16000001	17000000	65.4326,34.5674
D08	16800001	17800000	65.3501,34.6499
D08	17600001	18600000	66.272,33.728
D08	18400001	19400000	64.9667,35.0333
D08	19200001	20200000	65.8082,34.1918
D08	20000001	21000000	64.3764,35.6236
D08	20800001	21800000	65.0846,34.9154
D08	21600001	22600000	65.5984,34.4016
D08	22400001	23400000	67.1364,32.8636
D08	23200001	24200000	65.9396,34.0604
D08	24000001	25000000	67.6538,32.3462
D08	24800001	25800000	65.5079,34.4921
D08	25600001	26600000	62.4378,37.5622
D08	26400001	27400000	63.6041,36.3959
D08	27200001	28200000	60.4839,39.5161
D08	28000001	29000000	60.9756,39.0244
D08	28800001	29800000	62.1317,37.8683
D08	29600001	30600000	64.3785,35.6215
D08	30400001	31400000	64.866,35.134
D08	31200001	32200000	63.0764,36.9236
D08	32000001	33000000	62.9136,37.0864
D08	32800001	33800000	60.5762,39.4238
D08	33600001	34600000	64.9116,35.0884
D08	34400001	35400000	67.3197,32.6803
D08	35200001	36200000	68.3554,31.6446
D08	36000001	37000000	66.2955,33.7045
D08	36800001	37800000	65.4658,34.5342
D08	37600001	38600000	67.7157,32.2843
D08	38400001	39400000	66.9676,33.0324
D08	39200001	40200000	68.2839,31.7161
D08	40000001	41000000	64.7226,35.2774
D08	40800001	41800000	65.4718,34.5282
D08	41600001	42600000	64.5443,35.4557
D08	42400001	43400000	68.4354,31.5646
D08	43200001	44200000	70.7159,29.2841
D08	44000001	45000000	68.3922,31.6078
D08	44800001	45800000	63.6232,36.3768
D08	45600001	46600000	66.5026,33.4974
D08	46400001	47400000	69.3908,30.6092
D08	47200001	48200000	66.8998,33.1002
D08	48000001	49000000	67.8427,32.1573
D08	48800001	49800000	68.8105,31.1895
D08	49600001	50600000	63.1473,36.8527
D08	50400001	51400000	67.5199,32.4801
D08	51200001	52200000	67.6002,32.3998
D08	52000001	53000000	70.6154,29.3846
D08	52800001	53800000	66.7647,33.2353
D08	53600001	54600000	65.7679,34.2321
D08	54400001	55400000	68.2652,31.7348
D08	55200001	56200000	68.4864,31.5136
D08	56000001	57000000	66.53,33.47
D08	56800001	57800000	70.006,29.994
D08	57600001	58600000	67.6306,32.3694
D08	58400001	59400000	66.9973,33.0027
D08	59200001	60200000	57.9452,42.0548
D08	60000001	61000000	68.2986,31.7014
D08	60800001	61800000	55.4348,44.5652
D08	61600001	62600000	57.3503,42.6497
D08	62400001	63400000	61.3982,38.6018
D08	63200001	64200000	46.1049,53.8951
D08	64000001	65000000	41.5435,58.4565
D08	64800001	65800000	39.4649,60.5351
D08	65600001	65894135	38.1443,61.8557
D09	1	1000000	65.7895,34.2105
D09	800001	1800000	59.7365,40.2635
D09	1600001	2600000	58.7995,41.2005
D09	2400001	3400000	63.5781,36.4219
D09	3200001	4200000	66.8607,33.1393
D09	4000001	5000000	60.5337,39.4663
D09	4800001	5800000	64.9433,35.0567
D09	5600001	6600000	63.9958,36.0042
D09	6400001	7400000	59.4189,40.5811
D09	7200001	8200000	64.6871,35.3129
D09	8000001	9000000	62.3703,37.6297
D09	8800001	9800000	61.8364,38.1636
D09	9600001	10600000	61.9508,38.0492
D09	10400001	11400000	60.6808,39.3192
D09	11200001	12200000	67.1276,32.8724
D09	12000001	13000000	61.0143,38.9857
D09	12800001	13800000	60.5732,39.4268
D09	13600001	14600000	65.9686,34.0314
D09	14400001	15400000	66.9398,33.0602
D09	15200001	16200000	62.9491,37.0509
D09	16000001	17000000	65.3012,34.6988
D09	16800001	17800000	64.1036,35.8964
D09	17600001	18600000	60.8345,39.1655
D09	18400001	19400000	59.753,40.247
D09	19200001	20200000	58.3333,41.6667
D09	20000001	21000000	60.2802,39.7198
D09	20800001	21800000	60.566,39.434
D09	21600001	22600000	62.728,37.272
D09	22400001	23400000	66.3447,33.6553
D09	23200001	24200000	67.4178,32.5822
D09	24000001	25000000	64.3687,35.6313
D09	24800001	25800000	64.246,35.754
D09	25600001	26600000	66.2354,33.7646
D09	26400001	27400000	67.6072,32.3928
D09	27200001	28200000	66.7822,33.2178
D09	28000001	29000000	69.7215,30.2785
D09	28800001	29800000	68.4534,31.5466
D09	29600001	30600000	68.0581,31.9419
D09	30400001	31400000	67.8218,32.1782
D09	31200001	32200000	66.496,33.504
D09	32000001	33000000	61.9672,38.0328
D09	32800001	33800000	70.2643,29.7357
D09	33600001	34600000	67.2857,32.7143
D09	34400001	35400000	68.0199,31.9801
D09	35200001	36200000	64.3172,35.6828
D09	36000001	37000000	59.9303,40.0697
D09	36800001	37800000	59.4306,40.5694
D09	37600001	38600000	59.3819,40.6181
D09	38400001	39400000	61.6842,38.3158
D09	39200001	40200000	57.4944,42.5056
D09	40000001	41000000	60.0546,39.9454
D09	40800001	41800000	65.9595,34.0405
D09	41600001	42600000	50.6494,49.3506
D09	42400001	43400000	57.0487,42.9513
D09	43200001	44200000	55.2255,44.7745
D09	44000001	45000000	58.9207,41.0793
D09	44800001	45800000	55.7159,44.2841
D09	45600001	46600000	51.0802,48.9198
D09	46400001	47400000	46.2057,53.7943
D09	47200001	48200000	40.2923,59.7077
D09	48000001	49000000	43.8976,56.1024
D09	48800001	49800000	49.2832,50.7168
D09	49600001	50600000	48.1962,51.8038
D09	50400001	50995436	22.8571,77.1429
D10	1	1000000	33.7261,66.2739
D10	800001	1800000	37.7495,62.2505
D10	1600001	2600000	41.2308,58.7692
D10	2400001	3400000	48.1833,51.8167
D10	3200001	4200000	58.7106,41.2894
D10	4000001	5000000	52.4793,47.5207
D10	4800001	5800000	62.387,37.613
D10	5600001	6600000	61.0799,38.9201
D10	6400001	7400000	65.0123,34.9877
D10	7200001	8200000	68.0316,31.9684
D10	8000001	9000000	67.0677,32.9323
D10	8800001	9800000	66.8639,33.1361
D10	9600001	10600000	68.7898,31.2102
D10	10400001	11400000	71.0588,28.9412
D10	11200001	12200000	66.7576,33.2424
D10	12000001	13000000	69.1754,30.8246
D10	12800001	13800000	67.9215,32.0785
D10	13600001	14600000	70.0812,29.9188
D10	14400001	15400000	70.1935,29.8065
D10	15200001	16200000	67.6195,32.3805
D10	16000001	17000000	64.7722,35.2278
D10	16800001	17800000	66.4584,33.5416
D10	17600001	18600000	69.6774,30.3226
D10	18400001	19400000	70.7089,29.2911
D10	19200001	20200000	69.9115,30.0885
D10	20000001	21000000	70.1501,29.8499
D10	20800001	21800000	71.0503,28.9497
D10	21600001	22600000	69.5406,30.4594
D10	22400001	23400000	68.8394,31.1606
D10	23200001	24200000	68.7601,31.2399
D10	24000001	25000000	67.3794,32.6206
D10	24800001	25800000	67.7173,32.2827
D10	25600001	26600000	68.6548,31.3452
D10	26400001	27400000	66.9325,33.0675
D10	27200001	28200000	66.7734,33.2266
D10	28000001	29000000	67.6854,32.3146
D10	28800001	29800000	67.8625,32.1375
D10	29600001	30600000	68.622,31.378
D10	30400001	31400000	74.7705,25.2295
D10	31200001	32200000	63.8183,36.1817
D10	32000001	33000000	61.8593,38.1407
D10	32800001	33800000	62.8247,37.1753
D10	33600001	34600000	64.0351,35.9649
D10	34400001	35400000	62.7141,37.2859
D10	35200001	36200000	63.3569,36.6431
D10	36000001	37000000	60.5022,39.4978
D10	36800001	37800000	62.2213,37.7787
D10	37600001	38600000	62.2841,37.7159
D10	38400001	39400000	60.8955,39.1045
D10	39200001	40200000	66.0756,33.9244
D10	40000001	41000000	65.0433,34.9567
D10	40800001	41800000	68.0999,31.9001
D10	41600001	42600000	66.5168,33.4832
D10	42400001	43400000	66.0645,33.9355
D10	43200001	44200000	70.7233,29.2767
D10	44000001	45000000	67.2139,32.7861
D10	44800001	45800000	67.0487,32.9513
D10	45600001	46600000	67.8279,32.1721
D10	46400001	47400000	71.9557,28.0443
D10	47200001	48200000	70.0037,29.9963
D10	48000001	49000000	73.7585,26.2415
D10	48800001	49800000	63.5129,36.4871
D10	49600001	50600000	69.4336,30.5664
D10	50400001	51400000	66.4441,33.5559
D10	51200001	52200000	64.845,35.155
D10	52000001	53000000	65.7183,34.2817
D10	52800001	53800000	68.1169,31.8831
D10	53600001	54600000	66.8093,33.1907
D10	54400001	55400000	63.1436,36.8564
D10	55200001	56200000	60.1799,39.8201
D10	56000001	57000000	69.3801,30.6199
D10	56800001	57800000	64.9518,35.0482
D10	57600001	58600000	59.5765,40.4235
D10	58400001	59400000	63.8515,36.1485
D10	59200001	60200000	60.8098,39.1902
D10	60000001	61000000	63.2365,36.7635
D10	60800001	61800000	62.49,37.51
D10	61600001	62600000	58.8101,41.1899
D10	62400001	63400000	46.4463,53.5537
D10	63200001	63374666	30.2326,69.7674
D11	1	1000000	48.3516,51.6484
D11	800001	1800000	43.5337,56.4663
D11	1600001	2600000	41.9355,58.0645
D11	2400001	3400000	33.5196,66.4804
D11	3200001	4200000	46.4169,53.5831
D11	4000001	5000000	52.8701,47.1299
D11	4800001	5800000	31.1558,68.8442
D11	5600001	6600000	56.1626,43.8374
D11	6400001	7400000	56.0714,43.9286
D11	7200001	8200000	55.8659,44.1341
D11	8000001	9000000	52.5917,47.4083
D11	8800001	9800000	57.9832,42.0168
D11	9600001	10600000	60.495,39.505
D11	10400001	11400000	66.5145,33.4855
D11	11200001	12200000	59.3672,40.6328
D11	12000001	13000000	61.7124,38.2876
D11	12800001	13800000	61.9705,38.0295
D11	13600001	14600000	62.9085,37.0915
D11	14400001	15400000	59.3934,40.6066
D11	15200001	16200000	62.5899,37.4101
D11	16000001	17000000	66.4021,33.5979
D11	16800001	17800000	67.1374,32.8626
D11	17600001	18600000	65.8348,34.1652
D11	18400001	19400000	66.0013,33.9987
D11	19200001	20200000	67.5648,32.4352
D11	20000001	21000000	67.0814,32.9186
D11	20800001	21800000	66.5345,33.4655
D11	21600001	22600000	62.3438,37.6562
D11	22400001	23400000	64.9285,35.0715
D11	23200001	24200000	71.7232,28.2768
D11	24000001	25000000	65.529,34.471
D11	24800001	25800000	67.0488,32.9512
D11	25600001	26600000	71.0855,28.9145
D11	26400001	27400000	65.4676,34.5324
D11	27200001	28200000	68.0821,31.9179
D11	28000001	29000000	71.4544,28.5456
D11	28800001	29800000	69.7971,30.2029
D11	29600001	30600000	72.9718,27.0282
D11	30400001	31400000	68.8734,31.1266
D11	31200001	32200000	65.5629,34.4371
D11	32000001	33000000	66.7048,33.2952
D11	32800001	33800000	63.3624,36.6376
D11	33600001	34600000	70.3936,29.6064
D11	34400001	35400000	65.8921,34.1079
D11	35200001	36200000	62.5961,37.4039
D11	36000001	37000000	63.6668,36.3332
D11	36800001	37800000	63.9351,36.0649
D11	37600001	38600000	65.0416,34.9584
D11	38400001	39400000	63.7801,36.2199
D11	39200001	40200000	66.5732,33.4268
D11	40000001	41000000	64.55,35.45
D11	40800001	41800000	62.1956,37.8044
D11	41600001	42600000	66.435,33.565
D11	42400001	43400000	66.5486,33.4514
D11	43200001	44200000	66.3158,33.6842
D11	44000001	45000000	66.268,33.732
D11	44800001	45800000	71.4232,28.5768
D11	45600001	46600000	71.4159,28.5841
D11	46400001	47400000	70.1389,29.8611
D11	47200001	48200000	66.6003,33.3997
D11	48000001	49000000	67.4834,32.5166
D11	48800001	49800000	72.7273,27.2727
D11	49600001	50600000	66.3028,33.6972
D11	50400001	51400000	66.2958,33.7042
D11	51200001	52200000	68.1412,31.8588
D11	52000001	53000000	67.0886,32.9114
D11	52800001	53800000	66.6667,33.3333
D11	53600001	54600000	70.4113,29.5887
D11	54400001	55400000	65.8385,34.1615
D11	55200001	56200000	61.3902,38.6098
D11	56000001	57000000	67.1074,32.8926
D11	56800001	57800000	66.4411,33.5589
D11	57600001	58600000	54.3767,45.6233
D11	58400001	59400000	55.3645,44.6355
D11	59200001	60200000	59.0296,40.9704
D11	60000001	61000000	57.0563,42.9437
D11	60800001	61800000	60.2929,39.7071
D11	61600001	62600000	56.9149,43.0851
D11	62400001	63400000	61.1111,38.8889
D11	63200001	64200000	67.1821,32.8179
D11	64000001	65000000	55.3444,44.6556
D11	64800001	65800000	45.9184,54.0816
D11	65600001	66087774	30.1325,69.8675
D12	1	1000000	59.638,40.362
D12	800001	1800000	55.3447,44.6553
D12	1600001	2600000	57.0513,42.9487
D12	2400001	3400000	63.3308,36.6692
D12	3200001	4200000	64.0187,35.9813
D12	4000001	5000000	66.6667,33.3333
D12	4800001	5800000	68.6543,31.3457
D12	5600001	6600000	68.0788,31.9212
D12	6400001	7400000	65.8537,34.1463
D12	7200001	8200000	70.09,29.91
D12	8000001	9000000	70.6203,29.3797
D12	8800001	9800000	76.1226,23.8774
D12	9600001	10600000	72.002,27.998
D12	10400001	11400000	70.4521,29.5479
D12	11200001	12200000	68.7271,31.2729
D12	12000001	13000000	69.432,30.568
D12	12800001	13800000	68.9091,31.0909
D12	13600001	14600000	67.2735,32.7265
D12	14400001	15400000	66.9428,33.0572
D12	15200001	16200000	64.8347,35.1653
D12	16000001	17000000	66.3511,33.6489
D12	16800001	17800000	65.7644,34.2356
D12	17600001	18600000	70.5551,29.4449
D12	18400001	19400000	67.8295,32.1705
D12	19200001	20200000	65.1327,34.8673
D12	20000001	21000000	66.597,33.403
D12	20800001	21800000	62.463,37.537
D12	21600001	22600000	67.3545,32.6455
D12	22400001	23400000	74.1756,25.8244
D12	23200001	24200000	61.9774,38.0226
D12	24000001	25000000	61.2657,38.7343
D12	24800001	25800000	63.5836,36.4164
D12	25600001	26600000	61.5797,38.4203
D12	26400001	27400000	62.5168,37.4832
D12	27200001	28200000	65.5589,34.4411
D12	28000001	29000000	65.9606,34.0394
D12	28800001	29800000	63.3217,36.6783
D12	29600001	30600000	59.2866,40.7134
D12	30400001	31400000	60.9155,39.0845
D12	31200001	32200000	66.4617,33.5383
D12	32000001	33000000	63.7578,36.2422
D12	32800001	33800000	61.612,38.388
D12	33600001	34600000	69.2465,30.7535
D12	34400001	35400000	67.6562,32.3438
D12	35200001	36200000	65.3846,34.6154
D12	36000001	37000000	70.2649,29.7351
D12	36800001	37800000	70.1835,29.8165
D12	37600001	38600000	66.7937,33.2063
D12	38400001	39400000	68.4632,31.5368
D12	39200001	40200000	66.7592,33.2408
D12	40000001	41000000	70.0463,29.9537
D12	40800001	41800000	65.2397,34.7603
D12	41600001	42600000	69.4238,30.5762
D12	42400001	43400000	69.6395,30.3605
D12	43200001	44200000	70.8449,29.1551
D12	44000001	45000000	69.0287,30.9713
D12	44800001	45800000	68.7105,31.2895
D12	45600001	46600000	68.6418,31.3582
D12	46400001	47400000	65.6574,34.3426
D12	47200001	48200000	62.5693,37.4307
D12	48000001	49000000	64.877,35.123
D12	48800001	49800000	63.1621,36.8379
D12	49600001	50600000	60.7822,39.2178
D12	50400001	51400000	64.6792,35.3208
D12	51200001	52200000	68.8623,31.1377
D12	52000001	53000000	63.4806,36.5194
D12	52800001	53800000	56.978,43.022
D12	53600001	54600000	53.3502,46.6498
D12	54400001	55400000	65.2876,34.7124
D12	55200001	56200000	49.1404,50.8596
D12	56000001	57000000	52.8244,47.1756
D12	56800001	57800000	43.3735,56.6265
D12	57600001	58600000	48.0216,51.9784
D12	58400001	59109837	47.6821,52.3179
D13	1	1000000	49.7878,50.2122
D13	800001	1800000	53.8551,46.1449
D13	1600001	2600000	58.4926,41.5074
D13	2400001	3400000	57.5413,42.4587
D13	3200001	4200000	63.5314,36.4686
D13	4000001	5000000	65.6402,34.3598
D13	4800001	5800000	69.4292,30.5708
D13	5600001	6600000	68.8429,31.1571
D13	6400001	7400000	68.495,31.505
D13	7200001	8200000	68.4508,31.5492
D13	8000001	9000000	71.1037,28.8963
D13	8800001	9800000	68.454,31.546
D13	9600001	10600000	67.9943,32.0057
D13	10400001	11400000	67.6439,32.3561
D13	11200001	12200000	67.4266,32.5734
D13	12000001	13000000	66.3104,33.6896
D13	12800001	13800000	67.7704,32.2296
D13	13600001	14600000	67.5874,32.4126
D13	14400001	15400000	63.6761,36.3239
D13	15200001	16200000	65.4021,34.5979
D13	16000001	17000000	65.166,34.834
D13	16800001	17800000	65.0641,34.9359
D13	17600001	18600000	70.4752,29.5248
D13	18400001	19400000	68.32,31.68
D13	19200001	20200000	67.6543,32.3457
D13	20000001	21000000	65.8678,34.1322
D13	20800001	21800000	65.2455,34.7545
D13	21600001	22600000	66.437,33.563
D13	22400001	23400000	64.5409,35.4591
D13	23200001	24200000	62.1447,37.8553
D13	24000001	25000000	63.7751,36.2249
D13	24800001	25800000	59.9835,40.0165
D13	25600001	26600000	63.0217,36.9783
D13	26400001	27400000	61.3626,38.6374
D13	27200001	28200000	67.3746,32.6254
D13	28000001	29000000	68.6394,31.3606
D13	28800001	29800000	70.4503,29.5497
D13	29600001	30600000	69.7451,30.2549
D13	30400001	31400000	68.1275,31.8725
D13	31200001	32200000	66.0148,33.9852
D13	32000001	33000000	66.9636,33.0364
D13	32800001	33800000	69.0769,30.9231
D13	33600001	34600000	68.3456,31.6544
D13	34400001	35400000	67.8888,32.1112
D13	35200001	36200000	67.5413,32.4587
D13	36000001	37000000	69.9037,30.0963
D13	36800001	37800000	70.1159,29.8841
D13	37600001	38600000	65.7117,34.2883
D13	38400001	39400000	66.2512,33.7488
D13	39200001	40200000	64.3387,35.6613
D13	40000001	41000000	66.0615,33.9385
D13	40800001	41800000	71.6404,28.3596
D13	41600001	42600000	69.3689,30.6311
D13	42400001	43400000	71.1974,28.8026
D13	43200001	44200000	67.9165,32.0835
D13	44000001	45000000	69.4847,30.5153
D13	44800001	45800000	67.9307,32.0693
D13	45600001	46600000	64.9351,35.0649
D13	46400001	47400000	66.8246,33.1754
D13	47200001	48200000	63.6658,36.3342
D13	48000001	49000000	70.5314,29.4686
D13	48800001	49800000	68.0818,31.9182
D13	49600001	50600000	65.0636,34.9364
D13	50400001	51400000	69.8248,30.1752
D13	51200001	52200000	73.7183,26.2817
D13	52000001	53000000	68.6806,31.3194
D13	52800001	53800000	62.1572,37.8428
D13	53600001	54600000	67.0077,32.9923
D13	54400001	55400000	61.8094,38.1906
D13	55200001	56200000	64.1938,35.8062
D13	56000001	57000000	59.0131,40.9869
D13	56800001	57800000	56.2849,43.7151
D13	57600001	58600000	43.2099,56.7901
D13	58400001	59400000	49.1289,50.8711
D13	59200001	60200000	53.8462,46.1538
D13	60000001	60534298	38.3085,61.6915
