A01	1	1000000	0,100
A01	800001	1800000	0,100
A01	1600001	2600000	0,100
A01	2400001	3400000	0,100
A01	3200001	4200000	0,100
A01	4000001	5000000	0,100
A01	4800001	5800000	0,100
A01	7200001	8200000	0,100
A01	11200001	12200000	0,100
A01	12800001	13800000	0,100
A01	13600001	14600000	0,100
A01	18400001	19400000	100,0
A01	20000001	21000000	0,100
A01	24000001	25000000	0,100
A01	32000001	33000000	0,100
A01	32800001	33800000	0,100
A01	33600001	34600000	0,100
A01	39200001	40200000	0,100
A01	40000001	41000000	0,100
A01	49600001	50600000	0,100
A01	51200001	52200000	0,100
A01	52000001	53000000	0,100
A01	55200001	56200000	0,100
A01	56000001	57000000	0,100
A01	67200001	68200000	100,0
A01	70400001	71400000	0,100
A01	74400001	75400000	0,100
A01	88000001	89000000	0,100
A01	98400001	99400000	0,100
A02	1	1000000	0,100
A02	800001	1800000	0,100
A02	2400001	3400000	0,100
A02	3200001	4200000	0,100
A02	8000001	9000000	0,100
A02	9600001	10600000	0,100
A02	11200001	12200000	0,100
A02	12000001	13000000	0,100
A02	19200001	20200000	100,0
A02	20000001	21000000	0,100
A02	20800001	21800000	0,100
A02	24800001	25800000	0,100
A02	28800001	29800000	0,100
A02	29600001	30600000	0,100
A02	34400001	35400000	0,100
A02	35200001	36200000	0,100
A02	41600001	42600000	0,100
A02	49600001	50600000	100,0
A02	50400001	51400000	100,0
A02	79200001	80200000	0,100
A02	81600001	82600000	0,100
A02	82400001	83400000	0,100
A02	83200001	83447906	0,100
A03	800001	1800000	0,100
A03	1600001	2600000	0,100
A03	4000001	5000000	0,100
A03	5600001	6600000	0,100
A03	6400001	7400000	0,100
A03	7200001	8200000	25,75
A03	8000001	9000000	0,100
A03	8800001	9800000	0,100
A03	11200001	12200000	0,100
A03	12000001	13000000	0,100
A03	13600001	14600000	0,100
A03	14400001	15400000	0,100
A03	15200001	16200000	0,100
A03	53600001	54600000	100,0
A03	54400001	55400000	100,0
A03	60000001	61000000	0,100
A03	60800001	61800000	0,100
A03	61600001	62600000	0,100
A03	72000001	73000000	100,0
A03	77600001	78600000	0,100
A03	80000001	81000000	0,100
A03	80800001	81800000	0,100
A03	83200001	84200000	0,100
A03	93600001	94600000	0,100
A03	94400001	95400000	0,100
A03	96000001	97000000	0,100
A03	96800001	97800000	0,100
A03	97600001	98600000	0,100
A03	98400001	99400000	0,100
A04	800001	1800000	0,100
A04	1600001	2600000	0,100
A04	3200001	4200000	0,100
A04	5600001	6600000	0,100
A04	8000001	9000000	0,100
A04	10400001	11400000	0,100
A04	17600001	18600000	0,100
A04	32800001	33800000	0,100
A04	48800001	49800000	0,100
A04	52800001	53800000	0,100
A04	53600001	54600000	100,0
A04	56800001	57800000	0,100
A04	57600001	58600000	0,100
A04	58400001	59400000	0,100
A04	59200001	60200000	0,100
A04	61600001	62600000	0,100
A04	62400001	62913772	0,100
A05	1	1000000	0,100
A05	800001	1800000	0,100
A05	2400001	3400000	0,100
A05	3200001	4200000	0,100
A05	4000001	5000000	0,100
A05	5600001	6600000	0,100
A05	6400001	7400000	0,100
A05	7200001	8200000	0,100
A05	8000001	9000000	0,100
A05	8800001	9800000	0,100
A05	9600001	10600000	0,100
A05	10400001	11400000	0,100
A05	11200001	12200000	0,100
A05	12000001	13000000	0,100
A05	12800001	13800000	0,100
A05	15200001	16200000	0,100
A05	17600001	18600000	0,100
A05	18400001	19400000	0,100
A05	19200001	20200000	0,100
A05	20800001	21800000	0,100
A05	21600001	22600000	0,100
A05	22400001	23400000	0,100
A05	23200001	24200000	0,100
A05	24000001	25000000	0,100
A05	24800001	25800000	0,100
A05	25600001	26600000	0,100
A05	26400001	27400000	0,100
A05	28000001	29000000	0,100
A05	29600001	30600000	0,100
A05	33600001	34600000	0,100
A05	38400001	39400000	0,100
A05	39200001	40200000	0,100
A05	43200001	44200000	0,100
A05	53600001	54600000	0,100
A05	56000001	57000000	0,100
A05	62400001	63400000	0,100
A05	64000001	65000000	0,100
A05	64800001	65800000	0,100
A05	74400001	75400000	100,0
A05	76000001	77000000	100,0
A05	78400001	79400000	25,75
A05	79200001	80200000	0,100
A05	84000001	85000000	50,50
A05	84800001	85800000	50,50
A05	85600001	86600000	0,100
A05	86400001	87400000	0,100
A05	88800001	89800000	0,100
A05	89600001	90600000	0,100
A05	90400001	91400000	0,100
A06	1	1000000	0,100
A06	800001	1800000	50,50
A06	1600001	2600000	50,50
A06	2400001	3400000	0,100
A06	3200001	4200000	0,100
A06	4800001	5800000	0,100
A06	5600001	6600000	0,100
A06	6400001	7400000	0,100
A06	8000001	9000000	0,100
A06	14400001	15400000	0,100
A06	15200001	16200000	0,100
A06	16000001	17000000	0,100
A06	20000001	21000000	0,100
A06	20800001	21800000	0,100
A06	28000001	29000000	0,100
A06	28800001	29800000	0,100
A06	29600001	30600000	0,100
A06	30400001	31400000	0,100
A06	31200001	32200000	0,100
A06	32800001	33800000	0,100
A06	33600001	34600000	50,50
A06	59200001	60200000	0,100
A06	64000001	65000000	0,100
A06	69600001	70600000	0,100
A06	73600001	74600000	100,0
A06	89600001	90600000	0,100
A06	92000001	93000000	0,100
A06	92800001	93800000	0,100
A06	96800001	97800000	0,100
A06	97600001	98600000	0,100
A06	99200001	100200000	0,100
A06	100800001	101800000	0,100
A06	101600001	102600000	0,100
A07	1	1000000	0,100
A07	800001	1800000	0,100
A07	1600001	2600000	0,100
A07	2400001	3400000	0,100
A07	8800001	9800000	0,100
A07	9600001	10600000	0,100
A07	17600001	18600000	0,100
A07	20800001	21800000	0,100
A07	28800001	29800000	0,100
A07	34400001	35400000	0,100
A07	38400001	39400000	100,0
A07	39200001	40200000	0,100
A07	40000001	41000000	0,100
A07	57600001	58600000	0,100
A07	61600001	62600000	0,100
A07	62400001	63400000	0,100
A07	64000001	65000000	0,100
A07	72800001	73800000	0,100
A07	73600001	74600000	0,100
A07	74400001	75400000	50,50
A07	76000001	77000000	0,100
A07	77600001	78251018	100,0
A08	1	1000000	44.4444,55.5556
A08	800001	1800000	0,100
A08	1600001	2600000	0,100
A08	2400001	3400000	0,100
A08	3200001	4200000	0,100
A08	4000001	5000000	0,100
A08	6400001	7400000	0,100
A08	12800001	13800000	0,100
A08	14400001	15400000	0,100
A08	18400001	19400000	0,100
A08	19200001	20200000	0,100
A08	22400001	23400000	0,100
A08	23200001	24200000	0,100
A08	27200001	28200000	0,100
A08	44000001	45000000	100,0
A08	47200001	48200000	0,100
A08	50400001	51400000	0,100
A08	56800001	57800000	0,100
A08	76000001	77000000	0,100
A08	80000001	81000000	0,100
A08	80800001	81800000	0,100
A08	84000001	85000000	0,100
A08	84800001	85800000	0,100
A08	92000001	93000000	0,100
A08	95200001	96200000	0,100
A08	96000001	97000000	0,100
A08	96800001	97800000	0,100
A08	97600001	98600000	0,100
A08	98400001	99400000	0,100
A08	99200001	100200000	0,100
A08	100000001	101000000	0,100
A08	100800001	101800000	33.3333,66.6667
A08	101600001	102600000	25,75
A08	102400001	103400000	33.3333,66.6667
A08	103200001	103626341	0,100
A09	4000001	5000000	0,100
A09	12000001	13000000	0,100
A09	19200001	20200000	0,100
A09	24000001	25000000	100,0
A09	33600001	34600000	0,100
A09	34400001	35400000	0,100
A09	38400001	39400000	0,100
A09	40800001	41800000	0,100
A09	48000001	49000000	0,100
A09	49600001	50600000	0,100
A09	51200001	52200000	0,100
A09	53600001	54600000	0,100
A09	54400001	55400000	0,100
A09	58400001	59400000	0,100
A09	59200001	60200000	0,100
A09	66400001	67400000	0,100
A09	67200001	68200000	0,100
A09	68000001	69000000	0,100
A09	68800001	69800000	0,100
A09	69600001	70600000	0,100
A09	70400001	71400000	0,100
A09	71200001	72200000	0,100
A09	72800001	73800000	0,100
A09	73600001	74600000	0,100
A09	74400001	74999931	0,100
A10	1	1000000	0,100
A10	800001	1800000	0,100
A10	1600001	2600000	0,100
A10	2400001	3400000	0,100
A10	3200001	4200000	0,100
A10	4000001	5000000	0,100
A10	4800001	5800000	0,100
A10	9600001	10600000	0,100
A10	10400001	11400000	0,100
A10	11200001	12200000	0,100
A10	12800001	13800000	0,100
A10	35200001	36200000	0,100
A10	36000001	37000000	0,100
A10	60800001	61800000	0,100
A10	61600001	62600000	0,100
A10	70400001	71400000	0,100
A10	71200001	72200000	0,100
A10	74400001	75400000	0,100
A10	75200001	76200000	0,100
A10	76000001	77000000	0,100
A10	76800001	77800000	0,100
A10	85600001	86600000	0,100
A10	92000001	93000000	0,100
A10	92800001	93800000	33.3333,66.6667
A10	94400001	95400000	0,100
A10	95200001	96200000	0,100
A10	97600001	98600000	0,100
A11	1	1000000	0,100
A11	800001	1800000	0,100
A11	1600001	2600000	0,100
A11	2400001	3400000	0,100
A11	3200001	4200000	0,100
A11	4000001	5000000	0,100
A11	4800001	5800000	0,100
A11	5600001	6600000	0,100
A11	6400001	7400000	0,100
A11	7200001	8200000	0,100
A11	8000001	9000000	0,100
A11	8800001	9800000	0,100
A11	9600001	10600000	0,100
A11	11200001	12200000	0,100
A11	12800001	13800000	0,100
A11	13600001	14600000	0,100
A11	14400001	15400000	0,100
A11	15200001	16200000	0,100
A11	16800001	17800000	0,100
A11	17600001	18600000	0,100
A11	21600001	22600000	0,100
A11	22400001	23400000	0,100
A11	23200001	24200000	0,100
A11	24800001	25800000	0,100
A11	25600001	26600000	0,100
A11	26400001	27400000	0,100
A11	27200001	28200000	0,100
A11	44000001	45000000	0,100
A11	44800001	45800000	0,100
A11	52800001	53800000	0,100
A11	56000001	57000000	0,100
A11	63200001	64200000	0,100
A11	79200001	80200000	0,100
A11	80800001	81800000	0,100
A11	82400001	83400000	0,100
A11	83200001	84200000	0,100
A11	84800001	85800000	0,100
A11	85600001	86600000	0,100
A11	89600001	90600000	0,100
A11	92000001	93000000	0,100
A11	92800001	93316192	0,100
A12	1	1000000	0,100
A12	800001	1800000	0,100
A12	1600001	2600000	0,100
A12	2400001	3400000	0,100
A12	3200001	4200000	0,100
A12	6400001	7400000	0,100
A12	7200001	8200000	0,100
A12	8000001	9000000	0,100
A12	8800001	9800000	0,100
A12	9600001	10600000	0,100
A12	12800001	13800000	0,100
A12	13600001	14600000	0,100
A12	15200001	16200000	0,100
A12	16800001	17800000	0,100
A12	17600001	18600000	0,100
A12	20800001	21800000	0,100
A12	23200001	24200000	100,0
A12	40800001	41800000	0,100
A12	41600001	42600000	0,100
A12	43200001	44200000	0,100
A12	44000001	45000000	0,100
A12	44800001	45800000	0,100
A12	47200001	48200000	0,100
A12	56000001	57000000	0,100
A12	57600001	58600000	50,50
A12	58400001	59400000	0,100
A12	60000001	61000000	0,100
A12	60800001	61800000	0,100
A12	62400001	63400000	0,100
A12	65600001	66600000	0,100
A12	66400001	67400000	0,100
A12	69600001	70600000	0,100
A12	70400001	71400000	0,100
A12	72800001	73800000	0,100
A12	73600001	74600000	50,50
A12	76000001	77000000	0,100
A12	78400001	79400000	0,100
A12	79200001	80200000	0,100
A12	80000001	81000000	0,100
A12	80800001	81800000	0,100
A12	81600001	82600000	0,100
A12	83200001	84200000	0,100
A12	84000001	85000000	0,100
A12	84800001	85800000	0,100
A12	85600001	86600000	0,100
A12	86400001	87400000	0,100
A12	87200001	87484866	0,100
A13	1	1000000	0,100
A13	800001	1800000	0,100
A13	1600001	2600000	33.3333,66.6667
A13	11200001	12200000	0,100
A13	12800001	13800000	0,100
A13	13600001	14600000	0,100
A13	14400001	15400000	0,100
A13	22400001	23400000	0,100
A13	24800001	25800000	0,100
A13	27200001	28200000	0,100
A13	34400001	35400000	100,0
A13	38400001	39400000	0,100
A13	40000001	41000000	0,100
A13	46400001	47400000	0,100
A13	60800001	61800000	0,100
A13	68000001	69000000	0,100
A13	69600001	70600000	0,100
A13	75200001	76200000	0,100
A13	76000001	77000000	0,100
A13	76800001	77800000	0,100
A13	77600001	78600000	25,75
A13	78400001	79400000	0,100
A13	79200001	79961121	0,100
D01	1	1000000	33.3333,66.6667
D01	800001	1800000	0,100
D01	1600001	2600000	50,50
D01	2400001	3400000	100,0
D01	4800001	5800000	0,100
D01	5600001	6600000	0,100
D01	6400001	7400000	0,100
D01	7200001	8200000	0,100
D01	8000001	9000000	0,100
D01	8800001	9800000	0,100
D01	9600001	10600000	0,100
D01	10400001	11400000	0,100
D01	13600001	14600000	0,100
D01	15200001	16200000	0,100
D01	16000001	17000000	100,0
D01	17600001	18600000	0,100
D01	20800001	21800000	0,100
D01	21600001	22600000	0,100
D01	24800001	25800000	0,100
D01	36800001	37800000	0,100
D01	40000001	41000000	0,100
D01	42400001	43400000	0,100
D01	44800001	45800000	0,100
D01	51200001	52200000	0,100
D01	52800001	53800000	0,100
D01	53600001	54600000	0,100
D01	54400001	55400000	0,100
D01	58400001	59400000	0,100
D01	59200001	60200000	0,100
D01	60000001	61000000	33.3333,66.6667
D01	60800001	61456009	50,50
D02	1	1000000	0,100
D02	800001	1800000	0,100
D02	1600001	2600000	0,100
D02	2400001	3400000	0,100
D02	4000001	5000000	0,100
D02	4800001	5800000	0,100
D02	7200001	8200000	0,100
D02	8000001	9000000	0,100
D02	8800001	9800000	0,100
D02	11200001	12200000	0,100
D02	12000001	13000000	0,100
D02	12800001	13800000	0,100
D02	22400001	23400000	0,100
D02	31200001	32200000	0,100
D02	34400001	35400000	0,100
D02	36800001	37800000	0,100
D02	38400001	39400000	0,100
D02	39200001	40200000	0,100
D02	42400001	43400000	0,100
D02	43200001	44200000	0,100
D02	44800001	45800000	0,100
D02	55200001	56200000	0,100
D02	57600001	58600000	0,100
D02	58400001	59400000	0,100
D02	61600001	62600000	0,100
D02	62400001	63400000	0,100
D02	64000001	65000000	0,100
D02	64800001	65800000	0,100
D02	65600001	66600000	0,100
D02	66400001	67400000	0,100
D03	1	1000000	0,100
D03	800001	1800000	0,100
D03	2400001	3400000	0,100
D03	3200001	4200000	0,100
D03	5600001	6600000	0,100
D03	9600001	10600000	0,100
D03	11200001	12200000	100,0
D03	14400001	15400000	0,100
D03	16000001	17000000	0,100
D03	16800001	17800000	0,100
D03	20000001	21000000	0,100
D03	25600001	26600000	0,100
D03	26400001	27400000	0,100
D03	27200001	28200000	0,100
D03	28800001	29800000	0,100
D03	34400001	35400000	0,100
D03	35200001	36200000	0,100
D03	36000001	37000000	0,100
D03	36800001	37800000	14.2857,85.7143
D03	37600001	38600000	14.2857,85.7143
D03	38400001	39400000	0,100
D03	39200001	40200000	0,100
D03	40800001	41800000	0,100
D03	41600001	42600000	0,100
D03	43200001	44200000	0,100
D03	44000001	45000000	0,100
D03	44800001	45800000	0,100
D03	45600001	46600000	0,100
D03	46400001	46690656	0,100
D04	1600001	2600000	0,100
D04	2400001	3400000	0,100
D04	3200001	4200000	0,100
D04	4000001	5000000	0,100
D04	8800001	9800000	0,100
D04	9600001	10600000	0,100
D04	10400001	11400000	0,100
D04	12000001	13000000	0,100
D04	15200001	16200000	0,100
D04	16800001	17800000	50,50
D04	27200001	28200000	0,100
D04	28000001	29000000	0,100
D04	31200001	32200000	0,100
D04	32000001	33000000	0,100
D04	33600001	34600000	0,100
D04	36000001	37000000	0,100
D04	39200001	40200000	0,100
D04	42400001	43400000	0,100
D04	44000001	45000000	0,100
D04	44800001	45800000	0,100
D04	45600001	46600000	0,100
D04	46400001	47400000	0,100
D04	49600001	50600000	0,100
D04	50400001	51400000	0,100
D05	800001	1800000	0,100
D05	2400001	3400000	0,100
D05	3200001	4200000	0,100
D05	4000001	5000000	0,100
D05	5600001	6600000	50,50
D05	6400001	7400000	100,0
D05	7200001	8200000	0,100
D05	8000001	9000000	0,100
D05	8800001	9800000	0,100
D05	9600001	10600000	0,100
D05	11200001	12200000	0,100
D05	12000001	13000000	0,100
D05	12800001	13800000	0,100
D05	13600001	14600000	0,100
D05	14400001	15400000	0,100
D05	15200001	16200000	0,100
D05	16000001	17000000	0,100
D05	16800001	17800000	0,100
D05	17600001	18600000	0,100
D05	19200001	20200000	0,100
D05	22400001	23400000	0,100
D05	23200001	24200000	0,100
D05	24000001	25000000	0,100
D05	24800001	25800000	0,100
D05	25600001	26600000	0,100
D05	26400001	27400000	0,100
D05	27200001	28200000	0,100
D05	28000001	29000000	0,100
D05	28800001	29800000	0,100
D05	29600001	30600000	0,100
D05	30400001	31400000	0,100
D05	31200001	32200000	0,100
D05	33600001	34600000	0,100
D05	34400001	35400000	0,100
D05	35200001	36200000	0,100
D05	46400001	47400000	0,100
D05	48000001	49000000	100,0
D05	49600001	50600000	0,100
D05	54400001	55400000	0,100
D05	55200001	56200000	0,100
D05	57600001	58600000	0,100
D05	59200001	60200000	0,100
D05	60000001	61000000	0,100
D06	1	1000000	0,100
D06	800001	1800000	0,100
D06	1600001	2600000	0,100
D06	2400001	3400000	0,100
D06	4000001	5000000	0,100
D06	4800001	5800000	0,100
D06	6400001	7400000	50,50
D06	7200001	8200000	0,100
D06	8000001	9000000	0,100
D06	8800001	9800000	0,100
D06	13600001	14600000	25,75
D06	14400001	15400000	25,75
D06	16000001	17000000	0,100
D06	18400001	19400000	0,100
D06	22400001	23400000	0,100
D06	23200001	24200000	0,100
D06	25600001	26600000	0,100
D06	26400001	27400000	0,100
D06	38400001	39400000	0,100
D06	49600001	50600000	0,100
D06	50400001	51400000	0,100
D06	52000001	53000000	0,100
D06	52800001	53800000	0,100
D06	53600001	54600000	0,100
D06	54400001	55400000	0,100
D06	55200001	56200000	0,100
D06	56800001	57800000	0,100
D06	57600001	58600000	0,100
D06	59200001	60200000	0,100
D06	60000001	61000000	0,100
D06	60800001	61800000	0,100
D06	62400001	63400000	0,100
D06	63200001	64200000	0,100
D06	64000001	64294643	0,100
D07	800001	1800000	0,100
D07	3200001	4200000	0,100
D07	4000001	5000000	0,100
D07	11200001	12200000	0,100
D07	13600001	14600000	0,100
D07	26400001	27400000	100,0
D07	27200001	28200000	100,0
D07	28000001	29000000	0,100
D07	33600001	34600000	0,100
D07	37600001	38600000	100,0
D07	43200001	44200000	0,100
D07	44000001	45000000	0,100
D07	51200001	52200000	100,0
D08	1	1000000	0,100
D08	800001	1800000	0,100
D08	1600001	2600000	0,100
D08	2400001	3400000	0,100
D08	3200001	4200000	0,100
D08	4000001	5000000	0,100
D08	4800001	5800000	0,100
D08	7200001	8200000	0,100
D08	8000001	9000000	0,100
D08	12000001	13000000	0,100
D08	12800001	13800000	0,100
D08	20000001	21000000	0,100
D08	20800001	21800000	0,100
D08	22400001	23400000	0,100
D08	41600001	42600000	0,100
D08	44000001	45000000	0,100
D08	46400001	47400000	0,100
D08	48800001	49800000	0,100
D08	49600001	50600000	0,100
D08	52800001	53800000	0,100
D08	53600001	54600000	0,100
D08	54400001	55400000	0,100
D08	55200001	56200000	0,100
D08	56000001	57000000	33.3333,66.6667
D08	56800001	57800000	50,50
D08	57600001	58600000	0,100
D08	59200001	60200000	0,100
D08	61600001	62600000	0,100
D08	62400001	63400000	0,100
D08	63200001	64200000	0,100
D08	64000001	65000000	0,100
D08	64800001	65800000	0,100
D08	65600001	65894135	0,100
D09	1	1000000	0,100
D09	6400001	7400000	0,100
D09	8000001	9000000	0,100
D09	8800001	9800000	0,100
D09	14400001	15400000	0,100
D09	15200001	16200000	0,100
D09	16800001	17800000	0,100
D09	17600001	18600000	50,50
D09	18400001	19400000	100,0
D09	22400001	23400000	0,100
D09	23200001	24200000	0,100
D09	27200001	28200000	0,100
D09	28800001	29800000	0,100
D09	29600001	30600000	0,100
D09	31200001	32200000	0,100
D09	32000001	33000000	0,100
D09	32800001	33800000	0,100
D09	33600001	34600000	0,100
D09	34400001	35400000	0,100
D09	39200001	40200000	0,100
D09	40000001	41000000	0,100
D09	40800001	41800000	0,100
D09	41600001	42600000	0,100
D09	43200001	44200000	0,100
D09	45600001	46600000	0,100
D09	46400001	47400000	0,100
D09	47200001	48200000	0,100
D09	48000001	49000000	0,100
D09	48800001	49800000	0,100
D09	49600001	50600000	0,100
D09	50400001	50995436	33.3333,66.6667
D10	1	1000000	33.3333,66.6667
D10	800001	1800000	0,100
D10	1600001	2600000	0,100
D10	4000001	5000000	0,100
D10	4800001	5800000	0,100
D10	7200001	8200000	0,100
D10	8000001	9000000	0,100
D10	8800001	9800000	0,100
D10	12000001	13000000	0,100
D10	14400001	15400000	0,100
D10	15200001	16200000	0,100
D10	21600001	22600000	0,100
D10	23200001	24200000	0,100
D10	24000001	25000000	0,100
D10	28000001	29000000	0,100
D10	38400001	39400000	0,100
D10	39200001	40200000	0,100
D10	41600001	42600000	0,100
D10	42400001	43400000	0,100
D10	43200001	44200000	0,100
D10	44800001	45800000	0,100
D10	45600001	46600000	0,100
D10	46400001	47400000	0,100
D10	48800001	49800000	0,100
D10	49600001	50600000	0,100
D10	50400001	51400000	0,100
D10	51200001	52200000	0,100
D10	52000001	53000000	0,100
D10	56000001	57000000	0,100
D10	58400001	59400000	0,100
D10	59200001	60200000	0,100
D10	61600001	62600000	0,100
D10	62400001	63400000	0,100
D10	63200001	63374666	0,100
D11	800001	1800000	0,100
D11	1600001	2600000	0,100
D11	2400001	3400000	0,100
D11	3200001	4200000	0,100
D11	4000001	5000000	0,100
D11	4800001	5800000	0,100
D11	5600001	6600000	0,100
D11	6400001	7400000	0,100
D11	7200001	8200000	0,100
D11	8000001	9000000	0,100
D11	8800001	9800000	0,100
D11	9600001	10600000	0,100
D11	11200001	12200000	0,100
D11	12000001	13000000	50,50
D11	12800001	13800000	0,100
D11	13600001	14600000	0,100
D11	14400001	15400000	0,100
D11	15200001	16200000	0,100
D11	20000001	21000000	0,100
D11	21600001	22600000	0,100
D11	25600001	26600000	0,100
D11	26400001	27400000	0,100
D11	28000001	29000000	0,100
D11	36800001	37800000	0,100
D11	41600001	42600000	0,100
D11	42400001	43400000	0,100
D11	44000001	45000000	0,100
D11	44800001	45800000	0,100
D11	47200001	48200000	0,100
D11	52800001	53800000	0,100
D11	54400001	55400000	0,100
D11	55200001	56200000	0,100
D11	58400001	59400000	0,100
D11	59200001	60200000	0,100
D11	60800001	61800000	0,100
D11	61600001	62600000	0,100
D11	62400001	63400000	100,0
D11	63200001	64200000	0,100
D11	64000001	65000000	0,100
D11	64800001	65800000	0,100
D11	65600001	66087774	0,100
D12	1	1000000	0,100
D12	1600001	2600000	0,100
D12	3200001	4200000	0,100
D12	5600001	6600000	0,100
D12	6400001	7400000	0,100
D12	7200001	8200000	0,100
D12	8000001	9000000	0,100
D12	9600001	10600000	0,100
D12	12800001	13800000	0,100
D12	14400001	15400000	0,100
D12	19200001	20200000	0,100
D12	23200001	24200000	0,100
D12	24800001	25800000	0,100
D12	25600001	26600000	0,100
D12	34400001	35400000	0,100
D12	35200001	36200000	0,100
D12	40000001	41000000	0,100
D12	40800001	41800000	0,100
D12	43200001	44200000	0,100
D12	44800001	45800000	0,100
D12	45600001	46600000	0,100
D12	46400001	47400000	0,100
D12	47200001	48200000	0,100
D12	48000001	49000000	0,100
D12	49600001	50600000	0,100
D12	50400001	51400000	0,100
D12	51200001	52200000	0,100
D12	53600001	54600000	0,100
D12	54400001	55400000	0,100
D12	55200001	56200000	0,100
D12	56000001	57000000	0,100
D12	56800001	57800000	0,100
D12	57600001	58600000	0,100
D12	58400001	59109837	0,100
D13	1	1000000	0,100
D13	800001	1800000	0,100
D13	1600001	2600000	0,100
D13	4000001	5000000	50,50
D13	4800001	5800000	0,100
D13	7200001	8200000	0,100
D13	10400001	11400000	0,100
D13	11200001	12200000	0,100
D13	12000001	13000000	0,100
D13	19200001	20200000	100,0
D13	35200001	36200000	50,50
D13	36000001	37000000	0,100
D13	43200001	44200000	0,100
D13	44000001	45000000	0,100
D13	44800001	45800000	0,100
D13	45600001	46600000	0,100
D13	46400001	47400000	0,100
D13	48800001	49800000	0,100
D13	49600001	50600000	0,100
D13	51200001	52200000	0,100
D13	52000001	53000000	0,100
D13	52800001	53800000	16.6667,83.3333
D13	53600001	54600000	0,100
D13	55200001	56200000	0,100
D13	58400001	59400000	0,100
D13	59200001	60200000	0,100
D13	60000001	60534298	0,100
