A01	1	1000000	204	335
A01	800001	1800000	332	321
A01	1600001	2600000	303	336
A01	2400001	3400000	855	342
A01	3200001	4200000	692	333
A01	4000001	5000000	959	402
A01	4800001	5800000	1122	456
A01	5600001	6600000	1090	395
A01	6400001	7400000	1012	470
A01	7200001	8200000	916	487
A01	8000001	9000000	1829	663
A01	8800001	9800000	1902	655
A01	9600001	10600000	1743	649
A01	10400001	11400000	1507	638
A01	11200001	12200000	1161	506
A01	12000001	13000000	1350	629
A01	12800001	13800000	1207	529
A01	13600001	14600000	1188	511
A01	14400001	15400000	2111	954
A01	15200001	16200000	2088	743
A01	16000001	17000000	1795	770
A01	16800001	17800000	1705	719
A01	17600001	18600000	1480	576
A01	18400001	19400000	1328	614
A01	19200001	20200000	1280	570
A01	20000001	21000000	1791	783
A01	20800001	21800000	1627	722
A01	21600001	22600000	2003	719
A01	22400001	23400000	1598	665
A01	23200001	24200000	1667	844
A01	24000001	25000000	1834	856
A01	24800001	25800000	1938	876
A01	25600001	26600000	1823	883
A01	26400001	27400000	1781	908
A01	27200001	28200000	1559	785
A01	28000001	29000000	1613	850
A01	28800001	29800000	2235	1062
A01	29600001	30600000	1752	862
A01	30400001	31400000	1594	934
A01	31200001	32200000	2104	988
A01	32000001	33000000	1878	729
A01	32800001	33800000	1652	754
A01	33600001	34600000	1799	908
A01	34400001	35400000	1324	654
A01	35200001	36200000	1286	693
A01	36000001	37000000	1404	804
A01	36800001	37800000	1534	847
A01	37600001	38600000	1715	970
A01	38400001	39400000	1484	755
A01	39200001	40200000	1620	852
A01	40000001	41000000	1849	1048
A01	40800001	41800000	1733	961
A01	41600001	42600000	1440	767
A01	42400001	43400000	1199	643
A01	43200001	44200000	1624	792
A01	44000001	45000000	1747	964
A01	44800001	45800000	1728	853
A01	45600001	46600000	1619	963
A01	46400001	47400000	1349	718
A01	47200001	48200000	1730	974
A01	48000001	49000000	1691	893
A01	48800001	49800000	1429	788
A01	49600001	50600000	1706	779
A01	50400001	51400000	1632	864
A01	51200001	52200000	1387	799
A01	52000001	53000000	1430	769
A01	52800001	53800000	1893	1007
A01	53600001	54600000	1965	1092
A01	54400001	55400000	1948	1070
A01	55200001	56200000	1691	982
A01	56000001	57000000	1500	830
A01	56800001	57800000	1291	708
A01	57600001	58600000	1649	885
A01	58400001	59400000	1639	915
A01	59200001	60200000	1721	983
A01	60000001	61000000	1727	938
A01	60800001	61800000	1726	1007
A01	61600001	62600000	1727	832
A01	62400001	63400000	1340	713
A01	63200001	64200000	1528	923
A01	64000001	65000000	1768	975
A01	64800001	65800000	1290	664
A01	65600001	66600000	1413	838
A01	66400001	67400000	1192	779
A01	67200001	68200000	1184	708
A01	68000001	69000000	1671	769
A01	68800001	69800000	1996	1059
A01	69600001	70600000	1366	793
A01	70400001	71400000	1790	1033
A01	71200001	72200000	1718	882
A01	72000001	73000000	1630	881
A01	72800001	73800000	1586	965
A01	73600001	74600000	1385	841
A01	74400001	75400000	1892	876
A01	75200001	76200000	1369	747
A01	76000001	77000000	1669	982
A01	76800001	77800000	1918	1001
A01	77600001	78600000	1588	911
A01	78400001	79400000	1879	1010
A01	79200001	80200000	1474	958
A01	80000001	81000000	1539	763
A01	80800001	81800000	1475	766
A01	81600001	82600000	1590	880
A01	82400001	83400000	1674	857
A01	83200001	84200000	1405	775
A01	84000001	85000000	1588	861
A01	84800001	85800000	1917	908
A01	85600001	86600000	1936	960
A01	86400001	87400000	1735	738
A01	87200001	88200000	1622	743
A01	88000001	89000000	1715	719
A01	88800001	89800000	2051	761
A01	89600001	90600000	1403	661
A01	90400001	91400000	1251	557
A01	91200001	92200000	1563	637
A01	92000001	93000000	1699	623
A01	92800001	93800000	1375	593
A01	93600001	94600000	1277	554
A01	94400001	95400000	1258	568
A01	95200001	96200000	1080	488
A01	96000001	97000000	1483	486
A01	96800001	97800000	1161	444
A01	97600001	98600000	560	338
A01	98400001	99400000	291	338
A01	99200001	99884700	284	296
A02	1	1000000	266	422
A02	800001	1800000	291	283
A02	1600001	2600000	872	373
A02	2400001	3400000	726	440
A02	3200001	4200000	590	358
A02	4000001	5000000	1211	463
A02	4800001	5800000	1234	416
A02	5600001	6600000	1340	441
A02	6400001	7400000	1093	389
A02	7200001	8200000	1129	574
A02	8000001	9000000	1448	689
A02	8800001	9800000	1742	651
A02	9600001	10600000	1735	664
A02	10400001	11400000	1393	572
A02	11200001	12200000	1407	664
A02	12000001	13000000	2152	698
A02	12800001	13800000	1926	836
A02	13600001	14600000	1871	790
A02	14400001	15400000	1682	692
A02	15200001	16200000	1692	863
A02	16000001	17000000	1934	928
A02	16800001	17800000	1830	916
A02	17600001	18600000	1905	893
A02	18400001	19400000	1689	734
A02	19200001	20200000	2161	1026
A02	20000001	21000000	1708	851
A02	20800001	21800000	1862	1066
A02	21600001	22600000	1730	1025
A02	22400001	23400000	1399	746
A02	23200001	24200000	1810	1077
A02	24000001	25000000	1637	930
A02	24800001	25800000	1791	1004
A02	25600001	26600000	1689	921
A02	26400001	27400000	1506	889
A02	27200001	28200000	1561	807
A02	28000001	29000000	1318	782
A02	28800001	29800000	1751	1091
A02	29600001	30600000	1609	915
A02	30400001	31400000	1671	883
A02	31200001	32200000	1704	865
A02	32000001	33000000	1780	954
A02	32800001	33800000	1505	830
A02	33600001	34600000	1605	966
A02	34400001	35400000	1603	873
A02	35200001	36200000	1411	776
A02	36000001	37000000	1767	948
A02	36800001	37800000	1838	943
A02	37600001	38600000	1898	1061
A02	38400001	39400000	1850	880
A02	39200001	40200000	1637	778
A02	40000001	41000000	1339	757
A02	40800001	41800000	1439	685
A02	41600001	42600000	1815	761
A02	42400001	43400000	2030	875
A02	43200001	44200000	1829	791
A02	44000001	45000000	1695	649
A02	44800001	45800000	1842	950
A02	45600001	46600000	1699	912
A02	46400001	47400000	1565	896
A02	47200001	48200000	1544	862
A02	48000001	49000000	1536	810
A02	48800001	49800000	1564	745
A02	49600001	50600000	1884	1033
A02	50400001	51400000	1633	938
A02	51200001	52200000	1844	1077
A02	52000001	53000000	1501	911
A02	52800001	53800000	1786	1037
A02	53600001	54600000	1524	917
A02	54400001	55400000	1708	957
A02	55200001	56200000	1627	840
A02	56000001	57000000	1653	798
A02	56800001	57800000	1556	845
A02	57600001	58600000	1809	1061
A02	58400001	59400000	1446	828
A02	59200001	60200000	1830	1020
A02	60000001	61000000	1404	693
A02	60800001	61800000	1608	695
A02	61600001	62600000	1745	784
A02	62400001	63400000	1712	965
A02	63200001	64200000	1438	807
A02	64000001	65000000	1373	730
A02	64800001	65800000	1564	824
A02	65600001	66600000	1743	789
A02	66400001	67400000	1853	860
A02	67200001	68200000	1486	765
A02	68000001	69000000	1490	814
A02	68800001	69800000	2028	1042
A02	69600001	70600000	1365	743
A02	70400001	71400000	1722	885
A02	71200001	72200000	1926	954
A02	72000001	73000000	2194	1062
A02	72800001	73800000	1752	865
A02	73600001	74600000	1811	809
A02	74400001	75400000	1575	619
A02	75200001	76200000	1422	599
A02	76000001	77000000	1831	789
A02	76800001	77800000	1965	1074
A02	77600001	78600000	1503	660
A02	78400001	79400000	961	416
A02	79200001	80200000	1041	433
A02	80000001	81000000	923	400
A02	80800001	81800000	906	397
A02	81600001	82600000	504	365
A02	82400001	83400000	86	406
A02	83200001	83447906	8	95
A03	1	1000000	806	385
A03	800001	1800000	596	371
A03	1600001	2600000	429	312
A03	2400001	3400000	507	358
A03	3200001	4200000	713	408
A03	4000001	5000000	876	484
A03	4800001	5800000	1555	606
A03	5600001	6600000	1254	524
A03	6400001	7400000	1100	413
A03	7200001	8200000	1336	629
A03	8000001	9000000	1568	765
A03	8800001	9800000	1778	748
A03	9600001	10600000	1433	591
A03	10400001	11400000	1652	806
A03	11200001	12200000	1490	784
A03	12000001	13000000	1533	772
A03	12800001	13800000	1944	970
A03	13600001	14600000	1813	805
A03	14400001	15400000	1943	793
A03	15200001	16200000	1958	926
A03	16000001	17000000	1535	754
A03	16800001	17800000	1648	596
A03	17600001	18600000	2173	815
A03	18400001	19400000	1895	884
A03	19200001	20200000	1404	633
A03	20000001	21000000	1759	834
A03	20800001	21800000	1725	780
A03	21600001	22600000	1221	767
A03	22400001	23400000	1600	961
A03	23200001	24200000	1463	787
A03	24000001	25000000	1777	848
A03	24800001	25800000	1420	866
A03	25600001	26600000	1385	755
A03	26400001	27400000	1285	788
A03	27200001	28200000	1690	1018
A03	28000001	29000000	1316	689
A03	28800001	29800000	1511	771
A03	29600001	30600000	1475	830
A03	30400001	31400000	1599	819
A03	31200001	32200000	1348	711
A03	32000001	33000000	1710	841
A03	32800001	33800000	2067	1079
A03	33600001	34600000	1285	852
A03	34400001	35400000	1545	820
A03	35200001	36200000	776	466
A03	36000001	37000000	1287	814
A03	36800001	37800000	1305	645
A03	37600001	38600000	1352	724
A03	38400001	39400000	1699	905
A03	39200001	40200000	1764	987
A03	40000001	41000000	1603	753
A03	40800001	41800000	1283	673
A03	41600001	42600000	1469	858
A03	42400001	43400000	1217	764
A03	43200001	44200000	1650	840
A03	44000001	45000000	1798	1028
A03	44800001	45800000	1820	1081
A03	45600001	46600000	1576	926
A03	46400001	47400000	1250	703
A03	47200001	48200000	1394	838
A03	48000001	49000000	1804	1068
A03	48800001	49800000	1552	887
A03	49600001	50600000	1057	668
A03	50400001	51400000	1041	600
A03	51200001	52200000	1255	714
A03	52000001	53000000	1218	649
A03	52800001	53800000	1143	708
A03	53600001	54600000	1218	731
A03	54400001	55400000	1266	590
A03	55200001	56200000	1492	772
A03	56000001	57000000	1410	780
A03	56800001	57800000	1482	774
A03	57600001	58600000	1645	812
A03	58400001	59400000	1968	1081
A03	59200001	60200000	1846	953
A03	60000001	61000000	1629	879
A03	60800001	61800000	1615	919
A03	61600001	62600000	1525	609
A03	62400001	63400000	1757	897
A03	63200001	64200000	1760	872
A03	64000001	65000000	1919	1002
A03	64800001	65800000	1916	946
A03	65600001	66600000	2041	1033
A03	66400001	67400000	1693	919
A03	67200001	68200000	1652	1045
A03	68000001	69000000	1652	966
A03	68800001	69800000	1471	833
A03	69600001	70600000	1272	851
A03	70400001	71400000	1459	876
A03	71200001	72200000	1535	874
A03	72000001	73000000	1802	835
A03	72800001	73800000	1443	667
A03	73600001	74600000	1774	876
A03	74400001	75400000	1459	809
A03	75200001	76200000	1680	716
A03	76000001	77000000	1673	671
A03	76800001	77800000	1726	914
A03	77600001	78600000	1732	976
A03	78400001	79400000	1906	1092
A03	79200001	80200000	1868	1046
A03	80000001	81000000	1344	640
A03	80800001	81800000	1538	626
A03	81600001	82600000	2000	824
A03	82400001	83400000	1917	956
A03	83200001	84200000	1535	790
A03	84000001	85000000	1494	703
A03	84800001	85800000	1431	712
A03	85600001	86600000	1498	694
A03	86400001	87400000	1376	631
A03	87200001	88200000	1918	990
A03	88000001	89000000	1585	707
A03	88800001	89800000	1633	698
A03	89600001	90600000	1872	822
A03	90400001	91400000	1280	614
A03	91200001	92200000	1415	721
A03	92000001	93000000	1439	637
A03	92800001	93800000	1453	633
A03	93600001	94600000	1034	569
A03	94400001	95400000	930	427
A03	95200001	96200000	878	429
A03	96000001	97000000	1146	527
A03	96800001	97800000	346	319
A03	97600001	98600000	476	349
A03	98400001	99400000	305	345
A03	99200001	100200000	231	326
A03	100000001	100263045	85	134
A04	1	1000000	945	498
A04	800001	1800000	746	437
A04	1600001	2600000	1008	483
A04	2400001	3400000	1213	492
A04	3200001	4200000	969	433
A04	4000001	5000000	832	291
A04	4800001	5800000	1525	512
A04	5600001	6600000	1453	547
A04	6400001	7400000	1345	584
A04	7200001	8200000	1526	684
A04	8000001	9000000	1648	710
A04	8800001	9800000	1706	692
A04	9600001	10600000	1978	604
A04	10400001	11400000	1560	561
A04	11200001	12200000	1498	655
A04	12000001	13000000	1716	897
A04	12800001	13800000	1661	833
A04	13600001	14600000	1643	866
A04	14400001	15400000	1978	977
A04	15200001	16200000	1570	811
A04	16000001	17000000	1573	1026
A04	16800001	17800000	1536	880
A04	17600001	18600000	1364	805
A04	18400001	19400000	1432	911
A04	19200001	20200000	1505	858
A04	20000001	21000000	1635	1002
A04	20800001	21800000	1233	719
A04	21600001	22600000	1433	882
A04	22400001	23400000	1127	735
A04	23200001	24200000	1578	806
A04	24000001	25000000	1672	760
A04	24800001	25800000	1659	747
A04	25600001	26600000	1689	866
A04	26400001	27400000	1558	891
A04	27200001	28200000	2050	968
A04	28000001	29000000	1386	799
A04	28800001	29800000	1217	688
A04	29600001	30600000	1579	894
A04	30400001	31400000	1605	883
A04	31200001	32200000	1538	844
A04	32000001	33000000	1624	790
A04	32800001	33800000	1120	649
A04	33600001	34600000	1232	718
A04	34400001	35400000	1579	942
A04	35200001	36200000	1761	923
A04	36000001	37000000	1634	838
A04	36800001	37800000	1774	876
A04	37600001	38600000	1560	795
A04	38400001	39400000	1868	1018
A04	39200001	40200000	1778	925
A04	40000001	41000000	2173	846
A04	40800001	41800000	1637	796
A04	41600001	42600000	1282	770
A04	42400001	43400000	1514	681
A04	43200001	44200000	1758	786
A04	44000001	45000000	1945	952
A04	44800001	45800000	1693	872
A04	45600001	46600000	1986	919
A04	46400001	47400000	1545	776
A04	47200001	48200000	1995	970
A04	48000001	49000000	1866	833
A04	48800001	49800000	1849	659
A04	49600001	50600000	1663	727
A04	50400001	51400000	2072	862
A04	51200001	52200000	1879	813
A04	52000001	53000000	1635	661
A04	52800001	53800000	1553	728
A04	53600001	54600000	1264	560
A04	54400001	55400000	1781	769
A04	55200001	56200000	1372	642
A04	56000001	57000000	1645	654
A04	56800001	57800000	1422	496
A04	57600001	58600000	1768	635
A04	58400001	59400000	1135	464
A04	59200001	60200000	1009	499
A04	60000001	61000000	590	436
A04	60800001	61800000	721	386
A04	61600001	62600000	305	372
A04	62400001	62913772	80	205
A05	1	1000000	406	336
A05	800001	1800000	255	241
A05	1600001	2600000	234	237
A05	2400001	3400000	246	251
A05	3200001	4200000	176	262
A05	4000001	5000000	282	307
A05	4800001	5800000	141	290
A05	5600001	6600000	171	287
A05	6400001	7400000	301	322
A05	7200001	8200000	252	319
A05	8000001	9000000	144	291
A05	8800001	9800000	258	345
A05	9600001	10600000	275	356
A05	10400001	11400000	240	275
A05	11200001	12200000	208	326
A05	12000001	13000000	303	294
A05	12800001	13800000	511	308
A05	13600001	14600000	429	324
A05	14400001	15400000	273	352
A05	15200001	16200000	419	435
A05	16000001	17000000	535	397
A05	16800001	17800000	440	333
A05	17600001	18600000	583	361
A05	18400001	19400000	342	309
A05	19200001	20200000	481	354
A05	20000001	21000000	757	306
A05	20800001	21800000	631	392
A05	21600001	22600000	841	436
A05	22400001	23400000	1239	571
A05	23200001	24200000	819	513
A05	24000001	25000000	760	466
A05	24800001	25800000	998	442
A05	25600001	26600000	1372	504
A05	26400001	27400000	852	406
A05	27200001	28200000	942	412
A05	28000001	29000000	1326	502
A05	28800001	29800000	1283	520
A05	29600001	30600000	1470	569
A05	30400001	31400000	1952	631
A05	31200001	32200000	1699	593
A05	32000001	33000000	1475	575
A05	32800001	33800000	2009	731
A05	33600001	34600000	1745	564
A05	34400001	35400000	1655	605
A05	35200001	36200000	1695	626
A05	36000001	37000000	1581	576
A05	36800001	37800000	1987	824
A05	37600001	38600000	1894	766
A05	38400001	39400000	1910	744
A05	39200001	40200000	1744	815
A05	40000001	41000000	1419	655
A05	40800001	41800000	1461	655
A05	41600001	42600000	1637	776
A05	42400001	43400000	1895	1045
A05	43200001	44200000	1442	800
A05	44000001	45000000	1830	897
A05	44800001	45800000	1364	819
A05	45600001	46600000	1370	726
A05	46400001	47400000	1682	877
A05	47200001	48200000	2077	1009
A05	48000001	49000000	1415	785
A05	48800001	49800000	1312	707
A05	49600001	50600000	1841	834
A05	50400001	51400000	2114	1070
A05	51200001	52200000	1764	912
A05	52000001	53000000	1710	882
A05	52800001	53800000	1195	644
A05	53600001	54600000	1890	895
A05	54400001	55400000	1690	838
A05	55200001	56200000	2027	924
A05	56000001	57000000	1458	818
A05	56800001	57800000	1751	847
A05	57600001	58600000	1668	930
A05	58400001	59400000	1353	751
A05	59200001	60200000	1178	669
A05	60000001	61000000	1392	766
A05	60800001	61800000	1890	811
A05	61600001	62600000	3334	785
A05	62400001	63400000	1527	802
A05	63200001	64200000	1124	611
A05	64000001	65000000	1731	907
A05	64800001	65800000	1745	951
A05	65600001	66600000	1657	784
A05	66400001	67400000	1810	915
A05	67200001	68200000	1268	695
A05	68000001	69000000	1430	779
A05	68800001	69800000	2009	985
A05	69600001	70600000	2004	944
A05	70400001	71400000	1685	755
A05	71200001	72200000	1534	716
A05	72000001	73000000	1652	788
A05	72800001	73800000	1707	721
A05	73600001	74600000	1624	921
A05	74400001	75400000	1793	999
A05	75200001	76200000	1628	909
A05	76000001	77000000	1782	981
A05	76800001	77800000	1752	818
A05	77600001	78600000	1215	571
A05	78400001	79400000	1600	715
A05	79200001	80200000	1768	765
A05	80000001	81000000	1572	783
A05	80800001	81800000	1498	582
A05	81600001	82600000	1867	694
A05	82400001	83400000	1590	543
A05	83200001	84200000	1053	503
A05	84000001	85000000	1327	600
A05	84800001	85800000	1415	510
A05	85600001	86600000	928	529
A05	86400001	87400000	903	457
A05	87200001	88200000	863	369
A05	88000001	89000000	773	390
A05	88800001	89800000	812	536
A05	89600001	90600000	1010	465
A05	90400001	91400000	545	412
A05	91200001	92200000	336	324
A05	92000001	92047023	10	16
A06	1	1000000	246	296
A06	800001	1800000	566	349
A06	1600001	2600000	627	347
A06	2400001	3400000	634	400
A06	3200001	4200000	990	393
A06	4000001	5000000	1793	555
A06	4800001	5800000	1258	524
A06	5600001	6600000	1404	569
A06	6400001	7400000	1126	516
A06	7200001	8200000	1646	607
A06	8000001	9000000	1524	726
A06	8800001	9800000	1285	534
A06	9600001	10600000	1504	536
A06	10400001	11400000	1562	738
A06	11200001	12200000	2049	1128
A06	12000001	13000000	2089	995
A06	12800001	13800000	1552	803
A06	13600001	14600000	1493	877
A06	14400001	15400000	1230	586
A06	15200001	16200000	1443	698
A06	16000001	17000000	1985	975
A06	16800001	17800000	1754	820
A06	17600001	18600000	1865	905
A06	18400001	19400000	1939	957
A06	19200001	20200000	1843	1014
A06	20000001	21000000	2197	1137
A06	20800001	21800000	2018	947
A06	21600001	22600000	1732	848
A06	22400001	23400000	1778	940
A06	23200001	24200000	1571	867
A06	24000001	25000000	1706	936
A06	24800001	25800000	1538	869
A06	25600001	26600000	1214	642
A06	26400001	27400000	1588	660
A06	27200001	28200000	1908	1052
A06	28000001	29000000	1963	1071
A06	28800001	29800000	1655	828
A06	29600001	30600000	1390	652
A06	30400001	31400000	1872	913
A06	31200001	32200000	1869	864
A06	32000001	33000000	1613	855
A06	32800001	33800000	1525	791
A06	33600001	34600000	1956	1036
A06	34400001	35400000	1636	800
A06	35200001	36200000	1714	787
A06	36000001	37000000	1920	947
A06	36800001	37800000	1984	925
A06	37600001	38600000	2011	952
A06	38400001	39400000	1641	948
A06	39200001	40200000	1958	1143
A06	40000001	41000000	1604	951
A06	40800001	41800000	1579	816
A06	41600001	42600000	1690	871
A06	42400001	43400000	1891	1046
A06	43200001	44200000	1479	862
A06	44000001	45000000	1370	729
A06	44800001	45800000	1846	968
A06	45600001	46600000	1232	696
A06	46400001	47400000	1263	671
A06	47200001	48200000	1395	633
A06	48000001	49000000	1605	893
A06	48800001	49800000	1606	831
A06	49600001	50600000	1599	836
A06	50400001	51400000	1511	866
A06	51200001	52200000	1533	949
A06	52000001	53000000	1383	759
A06	52800001	53800000	1152	603
A06	53600001	54600000	1246	666
A06	54400001	55400000	1319	829
A06	55200001	56200000	1316	678
A06	56000001	57000000	1047	568
A06	56800001	57800000	1335	753
A06	57600001	58600000	1443	764
A06	58400001	59400000	1606	982
A06	59200001	60200000	1402	794
A06	60000001	61000000	1331	802
A06	60800001	61800000	1400	872
A06	61600001	62600000	1023	664
A06	62400001	63400000	1296	846
A06	63200001	64200000	1686	936
A06	64000001	65000000	1550	753
A06	64800001	65800000	1459	874
A06	65600001	66600000	1646	961
A06	66400001	67400000	1635	1019
A06	67200001	68200000	1567	883
A06	68000001	69000000	1576	889
A06	68800001	69800000	1168	792
A06	69600001	70600000	1584	997
A06	70400001	71400000	1164	536
A06	71200001	72200000	1382	859
A06	72000001	73000000	1339	752
A06	72800001	73800000	1580	941
A06	73600001	74600000	1172	705
A06	74400001	75400000	1618	850
A06	75200001	76200000	1538	859
A06	76000001	77000000	1767	1003
A06	76800001	77800000	1801	1011
A06	77600001	78600000	1623	947
A06	78400001	79400000	1686	978
A06	79200001	80200000	1717	978
A06	80000001	81000000	1458	747
A06	80800001	81800000	1629	894
A06	81600001	82600000	1448	791
A06	82400001	83400000	1464	845
A06	83200001	84200000	1607	942
A06	84000001	85000000	1359	673
A06	84800001	85800000	1614	782
A06	85600001	86600000	1481	855
A06	86400001	87400000	1581	936
A06	87200001	88200000	1583	883
A06	88000001	89000000	1888	774
A06	88800001	89800000	1877	1020
A06	89600001	90600000	1707	1095
A06	90400001	91400000	2014	1095
A06	91200001	92200000	1883	929
A06	92000001	93000000	1883	914
A06	92800001	93800000	1574	815
A06	93600001	94600000	1722	832
A06	94400001	95400000	1543	657
A06	95200001	96200000	1425	576
A06	96000001	97000000	1603	586
A06	96800001	97800000	1275	520
A06	97600001	98600000	1511	620
A06	98400001	99400000	1495	534
A06	99200001	100200000	999	480
A06	100000001	101000000	1038	439
A06	100800001	101800000	840	430
A06	101600001	102600000	316	373
A06	102400001	103170444	162	311
A07	1	1000000	355	284
A07	800001	1800000	226	238
A07	1600001	2600000	279	318
A07	2400001	3400000	479	320
A07	3200001	4200000	518	353
A07	4000001	5000000	279	347
A07	4800001	5800000	611	306
A07	5600001	6600000	663	362
A07	6400001	7400000	1237	501
A07	7200001	8200000	995	544
A07	8000001	9000000	758	444
A07	8800001	9800000	1168	600
A07	9600001	10600000	1703	586
A07	10400001	11400000	1874	713
A07	11200001	12200000	1701	621
A07	12000001	13000000	1705	658
A07	12800001	13800000	1435	740
A07	13600001	14600000	1148	549
A07	14400001	15400000	1845	692
A07	15200001	16200000	1609	573
A07	16000001	17000000	1215	435
A07	16800001	17800000	1530	524
A07	17600001	18600000	1038	584
A07	18400001	19400000	1556	735
A07	19200001	20200000	1678	636
A07	20000001	21000000	1458	598
A07	20800001	21800000	1805	700
A07	21600001	22600000	2002	751
A07	22400001	23400000	1282	601
A07	23200001	24200000	1889	696
A07	24000001	25000000	2126	765
A07	24800001	25800000	1632	680
A07	25600001	26600000	1522	685
A07	26400001	27400000	1700	797
A07	27200001	28200000	2352	1010
A07	28000001	29000000	1442	642
A07	28800001	29800000	1536	738
A07	29600001	30600000	2073	798
A07	30400001	31400000	1788	769
A07	31200001	32200000	1643	796
A07	32000001	33000000	1640	720
A07	32800001	33800000	1870	753
A07	33600001	34600000	1291	643
A07	34400001	35400000	1360	705
A07	35200001	36200000	1712	966
A07	36000001	37000000	1479	753
A07	36800001	37800000	1660	897
A07	37600001	38600000	1891	1068
A07	38400001	39400000	1996	985
A07	39200001	40200000	1622	844
A07	40000001	41000000	2080	974
A07	40800001	41800000	1831	934
A07	41600001	42600000	1456	832
A07	42400001	43400000	1117	586
A07	43200001	44200000	1255	682
A07	44000001	45000000	1737	809
A07	44800001	45800000	1948	870
A07	45600001	46600000	1727	1030
A07	46400001	47400000	1305	686
A07	47200001	48200000	1605	859
A07	48000001	49000000	1459	781
A07	48800001	49800000	1098	634
A07	49600001	50600000	1444	784
A07	50400001	51400000	1561	849
A07	51200001	52200000	1691	916
A07	52000001	53000000	1642	913
A07	52800001	53800000	1540	817
A07	53600001	54600000	1432	746
A07	54400001	55400000	1689	918
A07	55200001	56200000	1791	908
A07	56000001	57000000	1562	906
A07	56800001	57800000	1511	847
A07	57600001	58600000	1674	923
A07	58400001	59400000	1393	780
A07	59200001	60200000	1116	531
A07	60000001	61000000	1642	897
A07	60800001	61800000	1702	909
A07	61600001	62600000	1855	836
A07	62400001	63400000	1692	765
A07	63200001	64200000	1728	864
A07	64000001	65000000	1789	903
A07	64800001	65800000	1724	761
A07	65600001	66600000	1940	888
A07	66400001	67400000	1562	810
A07	67200001	68200000	1883	778
A07	68000001	69000000	2582	626
A07	68800001	69800000	2018	722
A07	69600001	70600000	1397	713
A07	70400001	71400000	1652	618
A07	71200001	72200000	1442	560
A07	72000001	73000000	1185	475
A07	72800001	73800000	813	349
A07	73600001	74600000	997	458
A07	74400001	75400000	880	407
A07	75200001	76200000	1196	511
A07	76000001	77000000	798	477
A07	76800001	77800000	886	476
A07	77600001	78251018	672	360
A08	1	1000000	225	336
A08	800001	1800000	460	389
A08	1600001	2600000	630	377
A08	2400001	3400000	1070	542
A08	3200001	4200000	672	433
A08	4000001	5000000	1165	440
A08	4800001	5800000	889	376
A08	5600001	6600000	946	443
A08	6400001	7400000	1284	576
A08	7200001	8200000	1575	634
A08	8000001	9000000	1393	647
A08	8800001	9800000	1696	654
A08	9600001	10600000	1531	696
A08	10400001	11400000	1460	683
A08	11200001	12200000	2132	741
A08	12000001	13000000	1701	739
A08	12800001	13800000	2036	859
A08	13600001	14600000	1836	889
A08	14400001	15400000	1194	633
A08	15200001	16200000	1535	633
A08	16000001	17000000	1831	871
A08	16800001	17800000	1980	848
A08	17600001	18600000	1853	827
A08	18400001	19400000	1865	888
A08	19200001	20200000	1719	802
A08	20000001	21000000	1573	915
A08	20800001	21800000	1653	881
A08	21600001	22600000	1654	1056
A08	22400001	23400000	1525	930
A08	23200001	24200000	1484	864
A08	24000001	25000000	1493	996
A08	24800001	25800000	1623	878
A08	25600001	26600000	1580	880
A08	26400001	27400000	1393	867
A08	27200001	28200000	1333	845
A08	28000001	29000000	1190	621
A08	28800001	29800000	1402	722
A08	29600001	30600000	1297	788
A08	30400001	31400000	1054	673
A08	31200001	32200000	1073	637
A08	32000001	33000000	1179	641
A08	32800001	33800000	1336	803
A08	33600001	34600000	1561	770
A08	34400001	35400000	1499	889
A08	35200001	36200000	1633	892
A08	36000001	37000000	1642	883
A08	36800001	37800000	1320	719
A08	37600001	38600000	1226	705
A08	38400001	39400000	1510	807
A08	39200001	40200000	1397	767
A08	40000001	41000000	1515	903
A08	40800001	41800000	1297	734
A08	41600001	42600000	1367	700
A08	42400001	43400000	1437	797
A08	43200001	44200000	1359	825
A08	44000001	45000000	1489	843
A08	44800001	45800000	910	570
A08	45600001	46600000	595	339
A08	46400001	47400000	1129	691
A08	47200001	48200000	1289	842
A08	48000001	49000000	1458	865
A08	48800001	49800000	1453	791
A08	49600001	50600000	1442	771
A08	50400001	51400000	997	529
A08	51200001	52200000	1736	881
A08	52000001	53000000	1582	861
A08	52800001	53800000	1543	978
A08	53600001	54600000	1286	869
A08	54400001	55400000	700	303
A08	55200001	56200000	1467	796
A08	56000001	57000000	1323	758
A08	56800001	57800000	1252	730
A08	57600001	58600000	1686	1007
A08	58400001	59400000	1451	783
A08	59200001	60200000	1751	911
A08	60000001	61000000	1352	741
A08	60800001	61800000	1562	913
A08	61600001	62600000	1379	767
A08	62400001	63400000	1358	770
A08	63200001	64200000	1513	752
A08	64000001	65000000	1586	944
A08	64800001	65800000	1696	972
A08	65600001	66600000	1959	1057
A08	66400001	67400000	1517	958
A08	67200001	68200000	1602	656
A08	68000001	69000000	1655	793
A08	68800001	69800000	1733	922
A08	69600001	70600000	1881	904
A08	70400001	71400000	1790	947
A08	71200001	72200000	1873	910
A08	72000001	73000000	1540	607
A08	72800001	73800000	1541	736
A08	73600001	74600000	1935	844
A08	74400001	75400000	1518	736
A08	75200001	76200000	1669	874
A08	76000001	77000000	1757	943
A08	76800001	77800000	1867	808
A08	77600001	78600000	1703	999
A08	78400001	79400000	1936	986
A08	79200001	80200000	1709	820
A08	80000001	81000000	2017	724
A08	80800001	81800000	1929	736
A08	81600001	82600000	1432	557
A08	82400001	83400000	1640	670
A08	83200001	84200000	1629	695
A08	84000001	85000000	1758	715
A08	84800001	85800000	1243	645
A08	85600001	86600000	1747	781
A08	86400001	87400000	1973	781
A08	87200001	88200000	1639	645
A08	88000001	89000000	1721	771
A08	88800001	89800000	1275	504
A08	89600001	90600000	709	328
A08	90400001	91400000	1305	602
A08	91200001	92200000	1580	634
A08	92000001	93000000	1379	616
A08	92800001	93800000	2196	856
A08	93600001	94600000	1492	636
A08	94400001	95400000	1654	587
A08	95200001	96200000	579	309
A08	96000001	97000000	688	417
A08	96800001	97800000	797	491
A08	97600001	98600000	616	348
A08	98400001	99400000	608	399
A08	99200001	100200000	831	439
A08	100000001	101000000	529	343
A08	100800001	101800000	202	344
A08	101600001	102600000	157	283
A08	102400001	103400000	218	289
A08	103200001	103626341	262	238
A09	1	1000000	914	302
A09	800001	1800000	899	364
A09	1600001	2600000	764	350
A09	2400001	3400000	693	273
A09	3200001	4200000	997	401
A09	4000001	5000000	1122	378
A09	4800001	5800000	1128	314
A09	5600001	6600000	895	343
A09	6400001	7400000	1178	451
A09	7200001	8200000	1121	356
A09	8000001	9000000	1236	406
A09	8800001	9800000	1138	467
A09	9600001	10600000	1236	500
A09	10400001	11400000	1289	553
A09	11200001	12200000	1303	512
A09	12000001	13000000	1068	500
A09	12800001	13800000	1429	628
A09	13600001	14600000	1153	612
A09	14400001	15400000	1362	796
A09	15200001	16200000	1433	841
A09	16000001	17000000	1210	769
A09	16800001	17800000	1414	975
A09	17600001	18600000	1474	892
A09	18400001	19400000	1378	859
A09	19200001	20200000	1632	954
A09	20000001	21000000	1564	851
A09	20800001	21800000	1150	709
A09	21600001	22600000	1278	662
A09	22400001	23400000	1581	889
A09	23200001	24200000	1132	755
A09	24000001	25000000	1493	935
A09	24800001	25800000	1085	594
A09	25600001	26600000	1346	731
A09	26400001	27400000	1411	809
A09	27200001	28200000	1407	771
A09	28000001	29000000	1405	817
A09	28800001	29800000	1308	775
A09	29600001	30600000	1308	694
A09	30400001	31400000	1741	927
A09	31200001	32200000	1510	857
A09	32000001	33000000	1420	876
A09	32800001	33800000	1519	901
A09	33600001	34600000	1676	1029
A09	34400001	35400000	1550	937
A09	35200001	36200000	1222	758
A09	36000001	37000000	1346	766
A09	36800001	37800000	1755	938
A09	37600001	38600000	1680	818
A09	38400001	39400000	1710	831
A09	39200001	40200000	1734	893
A09	40000001	41000000	1770	817
A09	40800001	41800000	1759	848
A09	41600001	42600000	2160	956
A09	42400001	43400000	1673	886
A09	43200001	44200000	1952	884
A09	44000001	45000000	1901	924
A09	44800001	45800000	1593	842
A09	45600001	46600000	1762	749
A09	46400001	47400000	1755	749
A09	47200001	48200000	1502	632
A09	48000001	49000000	1161	616
A09	48800001	49800000	1670	627
A09	49600001	50600000	1699	759
A09	50400001	51400000	2093	859
A09	51200001	52200000	1866	648
A09	52000001	53000000	1108	473
A09	52800001	53800000	1148	551
A09	53600001	54600000	1578	673
A09	54400001	55400000	1003	430
A09	55200001	56200000	879	355
A09	56000001	57000000	1511	667
A09	56800001	57800000	1323	591
A09	57600001	58600000	1106	405
A09	58400001	59400000	1047	403
A09	59200001	60200000	1021	437
A09	60000001	61000000	864	405
A09	60800001	61800000	1040	502
A09	61600001	62600000	1309	509
A09	62400001	63400000	833	455
A09	63200001	64200000	987	435
A09	64000001	65000000	787	432
A09	64800001	65800000	610	289
A09	65600001	66600000	887	418
A09	66400001	67400000	765	357
A09	67200001	68200000	374	291
A09	68000001	69000000	443	354
A09	68800001	69800000	269	289
A09	69600001	70600000	268	260
A09	70400001	71400000	281	294
A09	71200001	72200000	366	289
A09	72000001	73000000	232	210
A09	72800001	73800000	150	274
A09	73600001	74600000	439	330
A09	74400001	74999931	65	227
A10	1	1000000	270	420
A10	800001	1800000	505	405
A10	1600001	2600000	198	285
A10	2400001	3400000	234	276
A10	3200001	4200000	496	323
A10	4000001	5000000	648	375
A10	4800001	5800000	801	394
A10	5600001	6600000	1211	511
A10	6400001	7400000	1277	579
A10	7200001	8200000	1883	748
A10	8000001	9000000	2118	1018
A10	8800001	9800000	1890	918
A10	9600001	10600000	1568	671
A10	10400001	11400000	1260	571
A10	11200001	12200000	997	410
A10	12000001	13000000	918	325
A10	12800001	13800000	1582	654
A10	13600001	14600000	1877	832
A10	14400001	15400000	1711	843
A10	15200001	16200000	1759	852
A10	16000001	17000000	1598	705
A10	16800001	17800000	1724	608
A10	17600001	18600000	1693	690
A10	18400001	19400000	1661	651
A10	19200001	20200000	1950	807
A10	20000001	21000000	1184	573
A10	20800001	21800000	1687	762
A10	21600001	22600000	1756	931
A10	22400001	23400000	1471	901
A10	23200001	24200000	1287	698
A10	24000001	25000000	1373	766
A10	24800001	25800000	1636	963
A10	25600001	26600000	1593	801
A10	26400001	27400000	1453	818
A10	27200001	28200000	1499	889
A10	28000001	29000000	1707	960
A10	28800001	29800000	1412	850
A10	29600001	30600000	1558	712
A10	30400001	31400000	1236	719
A10	31200001	32200000	1655	985
A10	32000001	33000000	1311	762
A10	32800001	33800000	1258	706
A10	33600001	34600000	1770	998
A10	34400001	35400000	1799	1017
A10	35200001	36200000	1395	791
A10	36000001	37000000	1026	655
A10	36800001	37800000	1258	790
A10	37600001	38600000	1375	852
A10	38400001	39400000	1489	883
A10	39200001	40200000	1428	757
A10	40000001	41000000	1414	786
A10	40800001	41800000	1116	636
A10	41600001	42600000	1432	820
A10	42400001	43400000	1709	1037
A10	43200001	44200000	1328	788
A10	44000001	45000000	1491	845
A10	44800001	45800000	1448	796
A10	45600001	46600000	1662	804
A10	46400001	47400000	1517	852
A10	47200001	48200000	1725	949
A10	48000001	49000000	1664	755
A10	48800001	49800000	1656	818
A10	49600001	50600000	1983	1026
A10	50400001	51400000	1600	860
A10	51200001	52200000	1597	732
A10	52000001	53000000	1711	846
A10	52800001	53800000	1264	761
A10	53600001	54600000	1472	797
A10	54400001	55400000	1600	855
A10	55200001	56200000	1380	589
A10	56000001	57000000	1595	719
A10	56800001	57800000	1603	763
A10	57600001	58600000	1728	860
A10	58400001	59400000	1724	790
A10	59200001	60200000	1929	735
A10	60000001	61000000	2176	842
A10	60800001	61800000	2246	852
A10	61600001	62600000	2068	866
A10	62400001	63400000	1493	683
A10	63200001	64200000	1669	778
A10	64000001	65000000	1433	685
A10	64800001	65800000	1685	668
A10	65600001	66600000	1905	693
A10	66400001	67400000	1751	689
A10	67200001	68200000	1321	572
A10	68000001	69000000	1734	847
A10	68800001	69800000	1658	807
A10	69600001	70600000	1834	724
A10	70400001	71400000	1828	817
A10	71200001	72200000	1654	699
A10	72000001	73000000	1556	752
A10	72800001	73800000	1561	702
A10	73600001	74600000	1596	828
A10	74400001	75400000	1460	728
A10	75200001	76200000	1542	664
A10	76000001	77000000	1529	667
A10	76800001	77800000	1871	922
A10	77600001	78600000	1928	993
A10	78400001	79400000	1749	851
A10	79200001	80200000	1948	984
A10	80000001	81000000	2157	1151
A10	80800001	81800000	1717	692
A10	81600001	82600000	2062	870
A10	82400001	83400000	2051	1016
A10	83200001	84200000	1689	725
A10	84000001	85000000	1756	708
A10	84800001	85800000	1220	561
A10	85600001	86600000	1480	560
A10	86400001	87400000	1590	687
A10	87200001	88200000	1504	550
A10	88000001	89000000	1730	591
A10	88800001	89800000	2088	758
A10	89600001	90600000	1720	636
A10	90400001	91400000	1118	451
A10	91200001	92200000	1094	462
A10	92000001	93000000	1444	575
A10	92800001	93800000	1248	538
A10	93600001	94600000	1192	581
A10	94400001	95400000	779	429
A10	95200001	96200000	1032	416
A10	96000001	97000000	780	311
A10	96800001	97800000	975	392
A10	97600001	98600000	966	522
A10	98400001	99400000	1033	564
A10	99200001	100200000	792	458
A10	100000001	101000000	478	325
A10	100800001	100866604	11	36
A11	1	1000000	426	400
A11	800001	1800000	250	288
A11	1600001	2600000	234	247
A11	2400001	3400000	173	295
A11	3200001	4200000	361	263
A11	4000001	5000000	328	237
A11	4800001	5800000	380	324
A11	5600001	6600000	327	264
A11	6400001	7400000	593	428
A11	7200001	8200000	370	329
A11	8000001	9000000	444	344
A11	8800001	9800000	818	435
A11	9600001	10600000	798	445
A11	10400001	11400000	741	397
A11	11200001	12200000	708	381
A11	12000001	13000000	890	515
A11	12800001	13800000	1109	584
A11	13600001	14600000	1341	598
A11	14400001	15400000	946	436
A11	15200001	16200000	1160	475
A11	16000001	17000000	1569	641
A11	16800001	17800000	833	520
A11	17600001	18600000	1228	552
A11	18400001	19400000	1759	739
A11	19200001	20200000	1324	622
A11	20000001	21000000	1147	609
A11	20800001	21800000	1569	686
A11	21600001	22600000	1155	490
A11	22400001	23400000	1383	625
A11	23200001	24200000	1525	701
A11	24000001	25000000	1573	784
A11	24800001	25800000	1554	692
A11	25600001	26600000	1801	793
A11	26400001	27400000	1953	967
A11	27200001	28200000	1750	769
A11	28000001	29000000	1596	760
A11	28800001	29800000	1657	670
A11	29600001	30600000	1845	825
A11	30400001	31400000	1325	703
A11	31200001	32200000	1677	775
A11	32000001	33000000	1768	886
A11	32800001	33800000	1675	859
A11	33600001	34600000	1563	719
A11	34400001	35400000	1415	690
A11	35200001	36200000	1558	889
A11	36000001	37000000	1880	1074
A11	36800001	37800000	1856	1030
A11	37600001	38600000	1323	819
A11	38400001	39400000	1364	784
A11	39200001	40200000	1254	650
A11	40000001	41000000	1801	899
A11	40800001	41800000	1252	696
A11	41600001	42600000	1244	651
A11	42400001	43400000	2049	928
A11	43200001	44200000	1696	953
A11	44000001	45000000	1387	762
A11	44800001	45800000	1224	734
A11	45600001	46600000	1757	1009
A11	46400001	47400000	1679	841
A11	47200001	48200000	1643	789
A11	48000001	49000000	1245	678
A11	48800001	49800000	1708	901
A11	49600001	50600000	1672	859
A11	50400001	51400000	1676	793
A11	51200001	52200000	1664	820
A11	52000001	53000000	1865	849
A11	52800001	53800000	1892	804
A11	53600001	54600000	1640	823
A11	54400001	55400000	1280	639
A11	55200001	56200000	1410	580
A11	56000001	57000000	1638	621
A11	56800001	57800000	1479	653
A11	57600001	58600000	1487	840
A11	58400001	59400000	1512	757
A11	59200001	60200000	1453	851
A11	60000001	61000000	1969	965
A11	60800001	61800000	1474	741
A11	61600001	62600000	1623	879
A11	62400001	63400000	1972	809
A11	63200001	64200000	2112	838
A11	64000001	65000000	1781	713
A11	64800001	65800000	1783	826
A11	65600001	66600000	1504	799
A11	66400001	67400000	1405	618
A11	67200001	68200000	1861	842
A11	68000001	69000000	2070	1052
A11	68800001	69800000	1991	855
A11	69600001	70600000	1500	659
A11	70400001	71400000	1928	737
A11	71200001	72200000	1440	536
A11	72000001	73000000	1728	688
A11	72800001	73800000	1834	796
A11	73600001	74600000	1385	665
A11	74400001	75400000	1462	821
A11	75200001	76200000	1492	832
A11	76000001	77000000	1277	541
A11	76800001	77800000	1474	559
A11	77600001	78600000	1747	610
A11	78400001	79400000	1427	669
A11	79200001	80200000	1748	791
A11	80000001	81000000	1424	611
A11	80800001	81800000	1185	509
A11	81600001	82600000	1291	534
A11	82400001	83400000	901	356
A11	83200001	84200000	743	374
A11	84000001	85000000	1214	666
A11	84800001	85800000	1272	585
A11	85600001	86600000	1382	671
A11	86400001	87400000	1301	469
A11	87200001	88200000	1048	547
A11	88000001	89000000	621	365
A11	88800001	89800000	928	384
A11	89600001	90600000	767	432
A11	90400001	91400000	776	395
A11	91200001	92200000	897	394
A11	92000001	93000000	600	399
A11	92800001	93316192	78	213
A12	1	1000000	665	472
A12	800001	1800000	810	504
A12	1600001	2600000	723	449
A12	2400001	3400000	975	462
A12	3200001	4200000	1055	423
A12	4000001	5000000	1381	570
A12	4800001	5800000	1761	706
A12	5600001	6600000	1617	642
A12	6400001	7400000	1188	549
A12	7200001	8200000	1614	614
A12	8000001	9000000	1368	636
A12	8800001	9800000	1598	663
A12	9600001	10600000	977	582
A12	10400001	11400000	1582	641
A12	11200001	12200000	2247	816
A12	12000001	13000000	1846	599
A12	12800001	13800000	1386	558
A12	13600001	14600000	1598	708
A12	14400001	15400000	1760	820
A12	15200001	16200000	1846	1042
A12	16000001	17000000	1830	924
A12	16800001	17800000	1681	830
A12	17600001	18600000	1976	1076
A12	18400001	19400000	2173	1274
A12	19200001	20200000	1748	985
A12	20000001	21000000	1938	1033
A12	20800001	21800000	2186	979
A12	21600001	22600000	1827	954
A12	22400001	23400000	1757	1009
A12	23200001	24200000	1709	982
A12	24000001	25000000	1293	771
A12	24800001	25800000	1271	677
A12	25600001	26600000	1232	683
A12	26400001	27400000	1656	971
A12	27200001	28200000	1679	835
A12	28000001	29000000	1883	890
A12	28800001	29800000	1892	1016
A12	29600001	30600000	1784	925
A12	30400001	31400000	1277	741
A12	31200001	32200000	1128	737
A12	32000001	33000000	1617	835
A12	32800001	33800000	1462	667
A12	33600001	34600000	1363	668
A12	34400001	35400000	1253	762
A12	35200001	36200000	1218	679
A12	36000001	37000000	1246	686
A12	36800001	37800000	1301	753
A12	37600001	38600000	1916	1043
A12	38400001	39400000	1738	871
A12	39200001	40200000	1786	995
A12	40000001	41000000	1637	931
A12	40800001	41800000	1680	909
A12	41600001	42600000	1741	971
A12	42400001	43400000	1430	876
A12	43200001	44200000	1538	772
A12	44000001	45000000	1465	824
A12	44800001	45800000	1630	992
A12	45600001	46600000	1647	972
A12	46400001	47400000	1440	807
A12	47200001	48200000	1696	895
A12	48000001	49000000	1337	797
A12	48800001	49800000	1736	1026
A12	49600001	50600000	1215	628
A12	50400001	51400000	1975	1056
A12	51200001	52200000	1576	863
A12	52000001	53000000	1682	962
A12	52800001	53800000	1684	950
A12	53600001	54600000	1871	815
A12	54400001	55400000	2012	928
A12	55200001	56200000	1698	874
A12	56000001	57000000	1806	1025
A12	56800001	57800000	1659	871
A12	57600001	58600000	1474	713
A12	58400001	59400000	1656	880
A12	59200001	60200000	1313	496
A12	60000001	61000000	1183	476
A12	60800001	61800000	1165	536
A12	61600001	62600000	1829	751
A12	62400001	63400000	1906	684
A12	63200001	64200000	1466	506
A12	64000001	65000000	1067	445
A12	64800001	65800000	1220	586
A12	65600001	66600000	1044	559
A12	66400001	67400000	1377	527
A12	67200001	68200000	1566	588
A12	68000001	69000000	1672	615
A12	68800001	69800000	1335	545
A12	69600001	70600000	1770	646
A12	70400001	71400000	1596	671
A12	71200001	72200000	1618	558
A12	72000001	73000000	1317	582
A12	72800001	73800000	1232	527
A12	73600001	74600000	907	542
A12	74400001	75400000	1204	582
A12	75200001	76200000	1409	522
A12	76000001	77000000	1178	534
A12	76800001	77800000	1069	434
A12	77600001	78600000	798	374
A12	78400001	79400000	825	405
A12	79200001	80200000	1021	406
A12	80000001	81000000	719	403
A12	80800001	81800000	508	385
A12	81600001	82600000	623	401
A12	82400001	83400000	497	332
A12	83200001	84200000	324	332
A12	84000001	85000000	236	306
A12	84800001	85800000	153	286
A12	85600001	86600000	210	245
A12	86400001	87400000	179	260
A12	87200001	87484866	40	95
A13	1	1000000	757	410
A13	800001	1800000	812	441
A13	1600001	2600000	771	427
A13	2400001	3400000	603	367
A13	3200001	4200000	633	371
A13	4000001	5000000	1056	496
A13	4800001	5800000	1014	484
A13	5600001	6600000	1556	540
A13	6400001	7400000	1681	823
A13	7200001	8200000	1538	769
A13	8000001	9000000	1801	894
A13	8800001	9800000	1806	884
A13	9600001	10600000	1817	793
A13	10400001	11400000	1151	476
A13	11200001	12200000	1553	477
A13	12000001	13000000	1782	678
A13	12800001	13800000	1593	616
A13	13600001	14600000	1437	587
A13	14400001	15400000	2111	729
A13	15200001	16200000	1738	799
A13	16000001	17000000	1563	798
A13	16800001	17800000	1659	936
A13	17600001	18600000	1625	970
A13	18400001	19400000	1851	955
A13	19200001	20200000	1430	734
A13	20000001	21000000	1632	925
A13	20800001	21800000	1608	889
A13	21600001	22600000	1655	815
A13	22400001	23400000	1696	836
A13	23200001	24200000	1625	838
A13	24000001	25000000	1480	813
A13	24800001	25800000	1597	991
A13	25600001	26600000	1624	963
A13	26400001	27400000	1633	1014
A13	27200001	28200000	1488	932
A13	28000001	29000000	1396	785
A13	28800001	29800000	1405	812
A13	29600001	30600000	1511	838
A13	30400001	31400000	1485	867
A13	31200001	32200000	1876	812
A13	32000001	33000000	1321	858
A13	32800001	33800000	1564	713
A13	33600001	34600000	1099	601
A13	34400001	35400000	1194	747
A13	35200001	36200000	1550	840
A13	36000001	37000000	1512	795
A13	36800001	37800000	1724	803
A13	37600001	38600000	1959	779
A13	38400001	39400000	1695	860
A13	39200001	40200000	1648	789
A13	40000001	41000000	1905	822
A13	40800001	41800000	2004	1026
A13	41600001	42600000	1471	696
A13	42400001	43400000	1583	845
A13	43200001	44200000	1777	895
A13	44000001	45000000	1651	806
A13	44800001	45800000	1803	971
A13	45600001	46600000	1871	804
A13	46400001	47400000	2014	925
A13	47200001	48200000	1963	899
A13	48000001	49000000	1682	859
A13	48800001	49800000	1798	919
A13	49600001	50600000	1437	634
A13	50400001	51400000	1623	775
A13	51200001	52200000	1302	792
A13	52000001	53000000	1692	944
A13	52800001	53800000	1736	874
A13	53600001	54600000	2034	1064
A13	54400001	55400000	1698	814
A13	55200001	56200000	2227	727
A13	56000001	57000000	2046	819
A13	56800001	57800000	2070	964
A13	57600001	58600000	1957	940
A13	58400001	59400000	1962	674
A13	59200001	60200000	1418	520
A13	60000001	61000000	1429	560
A13	60800001	61800000	1327	535
A13	61600001	62600000	1953	806
A13	62400001	63400000	1792	755
A13	63200001	64200000	1343	646
A13	64000001	65000000	1428	654
A13	64800001	65800000	1408	596
A13	65600001	66600000	1578	763
A13	66400001	67400000	1555	675
A13	67200001	68200000	1516	596
A13	68000001	69000000	1498	616
A13	68800001	69800000	2262	777
A13	69600001	70600000	1953	640
A13	70400001	71400000	1534	524
A13	71200001	72200000	1611	531
A13	72000001	73000000	1357	527
A13	72800001	73800000	736	310
A13	73600001	74600000	1134	520
A13	74400001	75400000	654	447
A13	75200001	76200000	490	454
A13	76000001	77000000	477	294
A13	76800001	77800000	1059	326
A13	77600001	78600000	396	411
A13	78400001	79400000	146	383
A13	79200001	79961121	170	270
D01	1	1000000	289	367
D01	800001	1800000	393	316
D01	1600001	2600000	510	407
D01	2400001	3400000	791	389
D01	3200001	4200000	707	372
D01	4000001	5000000	825	466
D01	4800001	5800000	721	480
D01	5600001	6600000	1166	536
D01	6400001	7400000	1439	529
D01	7200001	8200000	1341	509
D01	8000001	9000000	990	451
D01	8800001	9800000	1012	496
D01	9600001	10600000	993	547
D01	10400001	11400000	1301	640
D01	11200001	12200000	1877	760
D01	12000001	13000000	1613	700
D01	12800001	13800000	1478	644
D01	13600001	14600000	1071	575
D01	14400001	15400000	1489	585
D01	15200001	16200000	1232	626
D01	16000001	17000000	1567	675
D01	16800001	17800000	1643	705
D01	17600001	18600000	1700	721
D01	18400001	19400000	1872	827
D01	19200001	20200000	1803	976
D01	20000001	21000000	1861	1035
D01	20800001	21800000	1597	797
D01	21600001	22600000	1725	830
D01	22400001	23400000	1752	834
D01	23200001	24200000	1991	1072
D01	24000001	25000000	1700	848
D01	24800001	25800000	1611	747
D01	25600001	26600000	1583	699
D01	26400001	27400000	1608	790
D01	27200001	28200000	1466	802
D01	28000001	29000000	1464	724
D01	28800001	29800000	1614	943
D01	29600001	30600000	1746	971
D01	30400001	31400000	1825	801
D01	31200001	32200000	1677	902
D01	32000001	33000000	1667	947
D01	32800001	33800000	1252	770
D01	33600001	34600000	1478	816
D01	34400001	35400000	1470	894
D01	35200001	36200000	1707	924
D01	36000001	37000000	1353	835
D01	36800001	37800000	1448	812
D01	37600001	38600000	1885	827
D01	38400001	39400000	1818	733
D01	39200001	40200000	1760	954
D01	40000001	41000000	1433	835
D01	40800001	41800000	1658	848
D01	41600001	42600000	1371	684
D01	42400001	43400000	1915	862
D01	43200001	44200000	1959	958
D01	44000001	45000000	1919	884
D01	44800001	45800000	1645	564
D01	45600001	46600000	1535	817
D01	46400001	47400000	1532	788
D01	47200001	48200000	1664	923
D01	48000001	49000000	2004	865
D01	48800001	49800000	1734	891
D01	49600001	50600000	1495	709
D01	50400001	51400000	1608	785
D01	51200001	52200000	1551	709
D01	52000001	53000000	1617	656
D01	52800001	53800000	1270	703
D01	53600001	54600000	1432	601
D01	54400001	55400000	1394	575
D01	55200001	56200000	1308	562
D01	56000001	57000000	1148	532
D01	56800001	57800000	755	552
D01	57600001	58600000	906	470
D01	58400001	59400000	887	417
D01	59200001	60200000	655	432
D01	60000001	61000000	373	428
D01	60800001	61456009	169	262
D02	1	1000000	274	466
D02	800001	1800000	405	399
D02	1600001	2600000	752	456
D02	2400001	3400000	658	383
D02	3200001	4200000	572	387
D02	4000001	5000000	379	413
D02	4800001	5800000	736	422
D02	5600001	6600000	708	441
D02	6400001	7400000	570	330
D02	7200001	8200000	1038	463
D02	8000001	9000000	1020	541
D02	8800001	9800000	1374	625
D02	9600001	10600000	1183	563
D02	10400001	11400000	1250	642
D02	11200001	12200000	1349	671
D02	12000001	13000000	1405	735
D02	12800001	13800000	1254	592
D02	13600001	14600000	1625	701
D02	14400001	15400000	1711	784
D02	15200001	16200000	1675	851
D02	16000001	17000000	1380	718
D02	16800001	17800000	1591	731
D02	17600001	18600000	1728	970
D02	18400001	19400000	1778	979
D02	19200001	20200000	1440	717
D02	20000001	21000000	1541	806
D02	20800001	21800000	1581	790
D02	21600001	22600000	1755	723
D02	22400001	23400000	1768	872
D02	23200001	24200000	1415	705
D02	24000001	25000000	1629	861
D02	24800001	25800000	1561	800
D02	25600001	26600000	1773	975
D02	26400001	27400000	1738	902
D02	27200001	28200000	1331	800
D02	28000001	29000000	1651	880
D02	28800001	29800000	1398	815
D02	29600001	30600000	1401	748
D02	30400001	31400000	1430	739
D02	31200001	32200000	1545	898
D02	32000001	33000000	1527	889
D02	32800001	33800000	1584	817
D02	33600001	34600000	1712	785
D02	34400001	35400000	1911	787
D02	35200001	36200000	1851	860
D02	36000001	37000000	1409	775
D02	36800001	37800000	1619	826
D02	37600001	38600000	1449	842
D02	38400001	39400000	1800	924
D02	39200001	40200000	1778	897
D02	40000001	41000000	1899	1115
D02	40800001	41800000	1815	962
D02	41600001	42600000	1393	752
D02	42400001	43400000	1688	793
D02	43200001	44200000	1660	753
D02	44000001	45000000	1736	618
D02	44800001	45800000	1950	807
D02	45600001	46600000	1781	816
D02	46400001	47400000	1568	825
D02	47200001	48200000	1859	958
D02	48000001	49000000	1743	794
D02	48800001	49800000	1717	756
D02	49600001	50600000	1460	670
D02	50400001	51400000	1740	691
D02	51200001	52200000	1946	977
D02	52000001	53000000	1606	832
D02	52800001	53800000	1429	647
D02	53600001	54600000	1813	675
D02	54400001	55400000	1931	752
D02	55200001	56200000	1562	706
D02	56000001	57000000	1258	676
D02	56800001	57800000	1240	770
D02	57600001	58600000	1119	586
D02	58400001	59400000	1399	607
D02	59200001	60200000	1393	553
D02	60000001	61000000	1044	482
D02	60800001	61800000	1169	560
D02	61600001	62600000	1092	567
D02	62400001	63400000	847	517
D02	63200001	64200000	331	283
D02	64000001	65000000	529	340
D02	64800001	65800000	361	365
D02	65600001	66600000	337	427
D02	66400001	67400000	173	350
D02	67200001	67284553	33	31
D03	1	1000000	262	451
D03	800001	1800000	506	354
D03	1600001	2600000	765	389
D03	2400001	3400000	740	418
D03	3200001	4200000	901	453
D03	4000001	5000000	1201	611
D03	4800001	5800000	1229	559
D03	5600001	6600000	1188	523
D03	6400001	7400000	1539	556
D03	7200001	8200000	1660	740
D03	8000001	9000000	1925	748
D03	8800001	9800000	1843	843
D03	9600001	10600000	1586	828
D03	10400001	11400000	1573	820
D03	11200001	12200000	1803	873
D03	12000001	13000000	1897	900
D03	12800001	13800000	1458	863
D03	13600001	14600000	1353	838
D03	14400001	15400000	1581	974
D03	15200001	16200000	1869	1012
D03	16000001	17000000	1803	893
D03	16800001	17800000	1650	965
D03	17600001	18600000	1559	934
D03	18400001	19400000	1531	906
D03	19200001	20200000	1584	972
D03	20000001	21000000	1565	953
D03	20800001	21800000	1656	1133
D03	21600001	22600000	1712	1052
D03	22400001	23400000	1546	939
D03	23200001	24200000	1694	902
D03	24000001	25000000	1854	721
D03	24800001	25800000	1679	709
D03	25600001	26600000	1745	689
D03	26400001	27400000	1638	759
D03	27200001	28200000	1496	661
D03	28000001	29000000	1637	815
D03	28800001	29800000	1784	807
D03	29600001	30600000	1502	761
D03	30400001	31400000	1420	739
D03	31200001	32200000	1875	831
D03	32000001	33000000	1852	878
D03	32800001	33800000	1825	761
D03	33600001	34600000	1630	639
D03	34400001	35400000	1407	722
D03	35200001	36200000	1185	682
D03	36000001	37000000	1467	680
D03	36800001	37800000	1291	605
D03	37600001	38600000	1100	557
D03	38400001	39400000	952	468
D03	39200001	40200000	1181	461
D03	40000001	41000000	1041	529
D03	40800001	41800000	772	409
D03	41600001	42600000	748	469
D03	42400001	43400000	561	379
D03	43200001	44200000	499	402
D03	44000001	45000000	658	440
D03	44800001	45800000	638	361
D03	45600001	46600000	378	340
D03	46400001	46690656	32	81
D04	1	1000000	510	421
D04	800001	1800000	656	507
D04	1600001	2600000	635	484
D04	2400001	3400000	531	440
D04	3200001	4200000	832	419
D04	4000001	5000000	739	469
D04	4800001	5800000	958	543
D04	5600001	6600000	882	480
D04	6400001	7400000	1257	523
D04	7200001	8200000	1493	616
D04	8000001	9000000	1245	557
D04	8800001	9800000	1115	628
D04	9600001	10600000	1235	719
D04	10400001	11400000	1357	588
D04	11200001	12200000	1614	874
D04	12000001	13000000	1895	865
D04	12800001	13800000	1721	834
D04	13600001	14600000	1564	813
D04	14400001	15400000	1527	840
D04	15200001	16200000	1587	836
D04	16000001	17000000	1687	828
D04	16800001	17800000	1435	727
D04	17600001	18600000	1692	980
D04	18400001	19400000	1651	952
D04	19200001	20200000	1451	837
D04	20000001	21000000	1462	908
D04	20800001	21800000	1078	632
D04	21600001	22600000	1552	769
D04	22400001	23400000	1482	806
D04	23200001	24200000	1886	1064
D04	24000001	25000000	1799	1028
D04	24800001	25800000	1702	945
D04	25600001	26600000	1664	886
D04	26400001	27400000	1460	780
D04	27200001	28200000	1409	852
D04	28000001	29000000	1583	957
D04	28800001	29800000	1665	750
D04	29600001	30600000	2084	746
D04	30400001	31400000	1844	933
D04	31200001	32200000	1812	942
D04	32000001	33000000	1748	715
D04	32800001	33800000	1718	928
D04	33600001	34600000	1730	733
D04	34400001	35400000	1652	740
D04	35200001	36200000	1740	805
D04	36000001	37000000	1596	698
D04	36800001	37800000	1474	712
D04	37600001	38600000	1749	838
D04	38400001	39400000	1773	699
D04	39200001	40200000	1857	785
D04	40000001	41000000	1592	872
D04	40800001	41800000	1668	736
D04	41600001	42600000	1324	569
D04	42400001	43400000	1304	555
D04	43200001	44200000	1585	842
D04	44000001	45000000	975	436
D04	44800001	45800000	1389	515
D04	45600001	46600000	1225	619
D04	46400001	47400000	718	366
D04	47200001	48200000	590	398
D04	48000001	49000000	392	318
D04	48800001	49800000	597	410
D04	49600001	50600000	439	344
D04	50400001	51400000	424	411
D04	51200001	51454130	51	86
D05	1	1000000	245	306
D05	800001	1800000	251	312
D05	1600001	2600000	245	291
D05	2400001	3400000	145	338
D05	3200001	4200000	228	314
D05	4000001	5000000	214	344
D05	4800001	5800000	222	359
D05	5600001	6600000	271	467
D05	6400001	7400000	193	329
D05	7200001	8200000	255	269
D05	8000001	9000000	223	314
D05	8800001	9800000	205	373
D05	9600001	10600000	258	358
D05	10400001	11400000	181	222
D05	11200001	12200000	168	273
D05	12000001	13000000	186	254
D05	12800001	13800000	327	319
D05	13600001	14600000	412	378
D05	14400001	15400000	326	373
D05	15200001	16200000	314	417
D05	16000001	17000000	290	372
D05	16800001	17800000	289	278
D05	17600001	18600000	402	362
D05	18400001	19400000	380	294
D05	19200001	20200000	451	381
D05	20000001	21000000	653	362
D05	20800001	21800000	343	327
D05	21600001	22600000	554	348
D05	22400001	23400000	781	438
D05	23200001	24200000	546	472
D05	24000001	25000000	658	385
D05	24800001	25800000	687	417
D05	25600001	26600000	590	383
D05	26400001	27400000	792	435
D05	27200001	28200000	820	475
D05	28000001	29000000	1157	572
D05	28800001	29800000	1167	579
D05	29600001	30600000	1385	580
D05	30400001	31400000	1358	707
D05	31200001	32200000	950	459
D05	32000001	33000000	1171	580
D05	32800001	33800000	1323	736
D05	33600001	34600000	1781	803
D05	34400001	35400000	1586	740
D05	35200001	36200000	1688	852
D05	36000001	37000000	1408	644
D05	36800001	37800000	1371	681
D05	37600001	38600000	1481	930
D05	38400001	39400000	1564	731
D05	39200001	40200000	1174	593
D05	40000001	41000000	1416	686
D05	40800001	41800000	1709	1014
D05	41600001	42600000	1707	943
D05	42400001	43400000	1648	878
D05	43200001	44200000	1686	893
D05	44000001	45000000	1762	908
D05	44800001	45800000	1769	897
D05	45600001	46600000	2565	711
D05	46400001	47400000	2524	798
D05	47200001	48200000	1519	823
D05	48000001	49000000	1353	671
D05	48800001	49800000	1608	776
D05	49600001	50600000	1532	772
D05	50400001	51400000	1168	662
D05	51200001	52200000	1709	951
D05	52000001	53000000	1254	689
D05	52800001	53800000	751	447
D05	53600001	54600000	1013	561
D05	54400001	55400000	1090	758
D05	55200001	56200000	1012	614
D05	56000001	57000000	1554	767
D05	56800001	57800000	1079	497
D05	57600001	58600000	1287	589
D05	58400001	59400000	1273	609
D05	59200001	60200000	505	329
D05	60000001	61000000	1043	561
D05	60800001	61800000	949	626
D05	61600001	61933047	157	145
D06	1	1000000	399	371
D06	800001	1800000	448	369
D06	1600001	2600000	266	283
D06	2400001	3400000	291	260
D06	3200001	4200000	1240	511
D06	4000001	5000000	1636	681
D06	4800001	5800000	938	460
D06	5600001	6600000	904	488
D06	6400001	7400000	1326	588
D06	7200001	8200000	1398	859
D06	8000001	9000000	972	428
D06	8800001	9800000	1237	731
D06	9600001	10600000	1478	858
D06	10400001	11400000	1228	632
D06	11200001	12200000	1401	682
D06	12000001	13000000	1519	796
D06	12800001	13800000	1515	805
D06	13600001	14600000	1488	688
D06	14400001	15400000	1661	761
D06	15200001	16200000	1681	727
D06	16000001	17000000	1530	822
D06	16800001	17800000	1455	743
D06	17600001	18600000	1654	833
D06	18400001	19400000	1492	699
D06	19200001	20200000	1406	715
D06	20000001	21000000	1468	793
D06	20800001	21800000	1574	805
D06	21600001	22600000	1582	808
D06	22400001	23400000	1681	848
D06	23200001	24200000	1075	575
D06	24000001	25000000	1608	834
D06	24800001	25800000	1446	822
D06	25600001	26600000	1812	937
D06	26400001	27400000	1487	843
D06	27200001	28200000	1447	833
D06	28000001	29000000	1518	884
D06	28800001	29800000	1593	747
D06	29600001	30600000	1782	868
D06	30400001	31400000	1639	958
D06	31200001	32200000	1729	1045
D06	32000001	33000000	1289	900
D06	32800001	33800000	1372	716
D06	33600001	34600000	1481	910
D06	34400001	35400000	1205	805
D06	35200001	36200000	1441	873
D06	36000001	37000000	1861	1229
D06	36800001	37800000	1538	953
D06	37600001	38600000	1298	803
D06	38400001	39400000	1342	682
D06	39200001	40200000	1769	827
D06	40000001	41000000	1318	720
D06	40800001	41800000	1703	658
D06	41600001	42600000	1769	817
D06	42400001	43400000	1577	726
D06	43200001	44200000	1594	767
D06	44000001	45000000	1725	824
D06	44800001	45800000	1683	828
D06	45600001	46600000	1647	710
D06	46400001	47400000	1762	837
D06	47200001	48200000	1834	943
D06	48000001	49000000	1678	963
D06	48800001	49800000	1705	723
D06	49600001	50600000	1608	827
D06	50400001	51400000	1380	694
D06	51200001	52200000	1674	780
D06	52000001	53000000	1637	988
D06	52800001	53800000	1508	748
D06	53600001	54600000	1362	704
D06	54400001	55400000	1339	705
D06	55200001	56200000	1110	576
D06	56000001	57000000	1099	587
D06	56800001	57800000	1122	578
D06	57600001	58600000	1094	598
D06	58400001	59400000	882	462
D06	59200001	60200000	650	446
D06	60000001	61000000	836	530
D06	60800001	61800000	875	573
D06	61600001	62600000	802	454
D06	62400001	63400000	539	414
D06	63200001	64200000	395	450
D06	64000001	64294643	73	73
D07	1	1000000	210	175
D07	800001	1800000	133	127
D07	1600001	2600000	242	127
D07	2400001	3400000	223	167
D07	3200001	4200000	332	203
D07	4000001	5000000	273	190
D07	4800001	5800000	437	149
D07	5600001	6600000	407	182
D07	6400001	7400000	567	194
D07	7200001	8200000	409	223
D07	8000001	9000000	575	235
D07	8800001	9800000	671	207
D07	9600001	10600000	766	247
D07	10400001	11400000	538	174
D07	11200001	12200000	872	309
D07	12000001	13000000	1072	268
D07	12800001	13800000	1006	267
D07	13600001	14600000	1146	333
D07	14400001	15400000	792	284
D07	15200001	16200000	927	358
D07	16000001	17000000	990	316
D07	16800001	17800000	1056	316
D07	17600001	18600000	1076	321
D07	18400001	19400000	894	341
D07	19200001	20200000	792	248
D07	20000001	21000000	1127	322
D07	20800001	21800000	1034	390
D07	21600001	22600000	1066	297
D07	22400001	23400000	1149	315
D07	23200001	24200000	1274	427
D07	24000001	25000000	1166	429
D07	24800001	25800000	1143	402
D07	25600001	26600000	1189	462
D07	26400001	27400000	1231	525
D07	27200001	28200000	1010	385
D07	28000001	29000000	1518	414
D07	28800001	29800000	1112	378
D07	29600001	30600000	1327	473
D07	30400001	31400000	1224	400
D07	31200001	32200000	1126	394
D07	32000001	33000000	1154	373
D07	32800001	33800000	1189	472
D07	33600001	34600000	1154	493
D07	34400001	35400000	1271	523
D07	35200001	36200000	1195	488
D07	36000001	37000000	1173	461
D07	36800001	37800000	1172	529
D07	37600001	38600000	1090	429
D07	38400001	39400000	1058	444
D07	39200001	40200000	1064	510
D07	40000001	41000000	1339	562
D07	40800001	41800000	1326	551
D07	41600001	42600000	975	428
D07	42400001	43400000	1047	341
D07	43200001	44200000	1217	475
D07	44000001	45000000	922	399
D07	44800001	45800000	869	357
D07	45600001	46600000	964	385
D07	46400001	47400000	1393	414
D07	47200001	48200000	1290	405
D07	48000001	49000000	1005	447
D07	48800001	49800000	784	260
D07	49600001	50600000	483	213
D07	50400001	51400000	711	241
D07	51200001	52200000	407	180
D07	52000001	53000000	607	265
D07	52800001	53800000	582	238
D07	53600001	54600000	468	185
D07	54400001	55400000	558	177
D07	55200001	55312611	155	38
D08	1	1000000	408	433
D08	800001	1800000	364	343
D08	1600001	2600000	485	445
D08	2400001	3400000	588	401
D08	3200001	4200000	652	495
D08	4000001	5000000	722	417
D08	4800001	5800000	666	387
D08	5600001	6600000	997	498
D08	6400001	7400000	1183	555
D08	7200001	8200000	1289	546
D08	8000001	9000000	1295	674
D08	8800001	9800000	1251	620
D08	9600001	10600000	1506	663
D08	10400001	11400000	1733	742
D08	11200001	12200000	1486	850
D08	12000001	13000000	1615	682
D08	12800001	13800000	1851	896
D08	13600001	14600000	1900	895
D08	14400001	15400000	1878	960
D08	15200001	16200000	2232	971
D08	16000001	17000000	1679	887
D08	16800001	17800000	1820	965
D08	17600001	18600000	1735	883
D08	18400001	19400000	1758	948
D08	19200001	20200000	1661	863
D08	20000001	21000000	1471	814
D08	20800001	21800000	1385	743
D08	21600001	22600000	1617	848
D08	22400001	23400000	1477	723
D08	23200001	24200000	1572	812
D08	24000001	25000000	1485	710
D08	24800001	25800000	1451	764
D08	25600001	26600000	1004	604
D08	26400001	27400000	1253	717
D08	27200001	28200000	1125	735
D08	28000001	29000000	1100	704
D08	28800001	29800000	1434	874
D08	29600001	30600000	1388	768
D08	30400001	31400000	1597	865
D08	31200001	32200000	1751	1025
D08	32000001	33000000	1559	919
D08	32800001	33800000	1724	1122
D08	33600001	34600000	1652	893
D08	34400001	35400000	1615	784
D08	35200001	36200000	1700	787
D08	36000001	37000000	1548	787
D08	36800001	37800000	1799	949
D08	37600001	38600000	1829	872
D08	38400001	39400000	1632	805
D08	39200001	40200000	1886	876
D08	40000001	41000000	1820	992
D08	40800001	41800000	1790	944
D08	41600001	42600000	1480	813
D08	42400001	43400000	1754	809
D08	43200001	44200000	1531	634
D08	44000001	45000000	1744	806
D08	44800001	45800000	1763	1008
D08	45600001	46600000	1757	885
D08	46400001	47400000	1401	618
D08	47200001	48200000	1148	568
D08	48000001	49000000	1173	556
D08	48800001	49800000	1209	548
D08	49600001	50600000	939	548
D08	50400001	51400000	1187	571
D08	51200001	52200000	1400	671
D08	52000001	53000000	1377	573
D08	52800001	53800000	908	452
D08	53600001	54600000	1122	584
D08	54400001	55400000	1153	536
D08	55200001	56200000	1656	762
D08	56000001	57000000	1298	653
D08	56800001	57800000	1160	497
D08	57600001	58600000	725	347
D08	58400001	59400000	743	366
D08	59200001	60200000	423	307
D08	60000001	61000000	851	395
D08	60800001	61800000	612	492
D08	61600001	62600000	632	470
D08	62400001	63400000	606	381
D08	63200001	64200000	290	339
D08	64000001	65000000	253	356
D08	64800001	65800000	236	362
D08	65600001	65894135	74	120
D09	1	1000000	1275	663
D09	800001	1800000	1043	703
D09	1600001	2600000	862	604
D09	2400001	3400000	1091	625
D09	3200001	4200000	1378	683
D09	4000001	5000000	1293	843
D09	4800001	5800000	1432	773
D09	5600001	6600000	1214	683
D09	6400001	7400000	1227	838
D09	7200001	8200000	1013	553
D09	8000001	9000000	1142	689
D09	8800001	9800000	1421	877
D09	9600001	10600000	1410	866
D09	10400001	11400000	1230	797
D09	11200001	12200000	1505	737
D09	12000001	13000000	1540	984
D09	12800001	13800000	1564	1018
D09	13600001	14600000	1512	780
D09	14400001	15400000	1879	928
D09	15200001	16200000	1174	691
D09	16000001	17000000	1355	720
D09	16800001	17800000	1534	859
D09	17600001	18600000	1356	873
D09	18400001	19400000	1403	945
D09	19200001	20200000	1393	995
D09	20000001	21000000	1592	1049
D09	20800001	21800000	1648	1073
D09	21600001	22600000	1513	899
D09	22400001	23400000	1786	906
D09	23200001	24200000	1496	723
D09	24000001	25000000	1662	920
D09	24800001	25800000	1504	837
D09	25600001	26600000	1587	809
D09	26400001	27400000	1845	884
D09	27200001	28200000	1542	767
D09	28000001	29000000	1377	598
D09	28800001	29800000	1226	565
D09	29600001	30600000	1500	704
D09	30400001	31400000	1096	520
D09	31200001	32200000	909	458
D09	32000001	33000000	756	464
D09	32800001	33800000	957	405
D09	33600001	34600000	942	458
D09	34400001	35400000	955	449
D09	35200001	36200000	730	405
D09	36000001	37000000	688	460
D09	36800001	37800000	668	456
D09	37600001	38600000	538	368
D09	38400001	39400000	586	364
D09	39200001	40200000	514	380
D09	40000001	41000000	660	439
D09	40800001	41800000	684	353
D09	41600001	42600000	312	304
D09	42400001	43400000	433	326
D09	43200001	44200000	502	407
D09	44000001	45000000	535	373
D09	44800001	45800000	502	399
D09	45600001	46600000	331	317
D09	46400001	47400000	274	319
D09	47200001	48200000	193	286
D09	48000001	49000000	223	285
D09	48800001	49800000	275	283
D09	49600001	50600000	334	359
D09	50400001	50995436	72	243
D10	1	1000000	229	450
D10	800001	1800000	208	343
D10	1600001	2600000	268	382
D10	2400001	3400000	305	328
D10	3200001	4200000	428	301
D10	4000001	5000000	381	345
D10	4800001	5800000	690	416
D10	5600001	6600000	871	555
D10	6400001	7400000	1061	571
D10	7200001	8200000	947	445
D10	8000001	9000000	892	438
D10	8800001	9800000	1243	616
D10	9600001	10600000	972	441
D10	10400001	11400000	1208	492
D10	11200001	12200000	1223	609
D10	12000001	13000000	1250	557
D10	12800001	13800000	1281	605
D10	13600001	14600000	1553	663
D10	14400001	15400000	1632	693
D10	15200001	16200000	1514	725
D10	16000001	17000000	1493	812
D10	16800001	17800000	1383	698
D10	17600001	18600000	1404	611
D10	18400001	19400000	1965	814
D10	19200001	20200000	1738	748
D10	20000001	21000000	1309	557
D10	20800001	21800000	1610	656
D10	21600001	22600000	1226	537
D10	22400001	23400000	1299	588
D10	23200001	24200000	1708	776
D10	24000001	25000000	1481	717
D10	24800001	25800000	1418	676
D10	25600001	26600000	1623	741
D10	26400001	27400000	1427	705
D10	27200001	28200000	1668	830
D10	28000001	29000000	1816	867
D10	28800001	29800000	1797	851
D10	29600001	30600000	1743	797
D10	30400001	31400000	1873	632
D10	31200001	32200000	1658	940
D10	32000001	33000000	1424	878
D10	32800001	33800000	1548	916
D10	33600001	34600000	1460	820
D10	34400001	35400000	1428	849
D10	35200001	36200000	1525	882
D10	36000001	37000000	1518	991
D10	36800001	37800000	1423	864
D10	37600001	38600000	1298	786
D10	38400001	39400000	1428	917
D10	39200001	40200000	1416	727
D10	40000001	41000000	1576	847
D10	40800001	41800000	1964	920
D10	41600001	42600000	1627	819
D10	42400001	43400000	1536	789
D10	43200001	44200000	1633	676
D10	44000001	45000000	1351	659
D10	44800001	45800000	1404	690
D10	45600001	46600000	1655	785
D10	46400001	47400000	1755	684
D10	47200001	48200000	1909	818
D10	48000001	49000000	1619	576
D10	48800001	49800000	1450	833
D10	49600001	50600000	1422	626
D10	50400001	51400000	1194	603
D10	51200001	52200000	1234	669
D10	52000001	53000000	1386	723
D10	52800001	53800000	1049	491
D10	53600001	54600000	1093	543
D10	54400001	55400000	1165	680
D10	55200001	56200000	736	487
D10	56000001	57000000	1108	489
D10	56800001	57800000	808	436
D10	57600001	58600000	619	420
D10	58400001	59400000	1187	672
D10	59200001	60200000	796	513
D10	60000001	61000000	762	443
D10	60800001	61800000	783	470
D10	61600001	62600000	514	360
D10	62400001	63400000	281	324
D10	63200001	63374666	26	60
D11	1	1000000	396	423
D11	800001	1800000	239	310
D11	1600001	2600000	169	234
D11	2400001	3400000	180	357
D11	3200001	4200000	285	329
D11	4000001	5000000	350	312
D11	4800001	5800000	124	274
D11	5600001	6600000	442	345
D11	6400001	7400000	471	369
D11	7200001	8200000	500	395
D11	8000001	9000000	416	375
D11	8800001	9800000	552	400
D11	9600001	10600000	660	431
D11	10400001	11400000	874	440
D11	11200001	12200000	713	488
D11	12000001	13000000	764	474
D11	12800001	13800000	673	413
D11	13600001	14600000	770	454
D11	14400001	15400000	705	482
D11	15200001	16200000	870	520
D11	16000001	17000000	1004	508
D11	16800001	17800000	1046	512
D11	17600001	18600000	1108	575
D11	18400001	19400000	992	511
D11	19200001	20200000	1304	626
D11	20000001	21000000	1294	635
D11	20800001	21800000	1175	591
D11	21600001	22600000	1197	723
D11	22400001	23400000	1407	760
D11	23200001	24200000	1565	617
D11	24000001	25000000	1536	808
D11	24800001	25800000	1579	776
D11	25600001	26600000	1480	602
D11	26400001	27400000	1638	864
D11	27200001	28200000	1459	684
D11	28000001	29000000	1582	632
D11	28800001	29800000	1858	804
D11	29600001	30600000	1736	643
D11	30400001	31400000	1675	757
D11	31200001	32200000	1782	936
D11	32000001	33000000	1751	874
D11	32800001	33800000	1598	924
D11	33600001	34600000	1681	707
D11	34400001	35400000	1588	822
D11	35200001	36200000	1466	876
D11	36000001	37000000	1521	868
D11	36800001	37800000	1498	845
D11	37600001	38600000	1721	925
D11	38400001	39400000	1775	1008
D11	39200001	40200000	1424	715
D11	40000001	41000000	1413	776
D11	40800001	41800000	1558	947
D11	41600001	42600000	1912	966
D11	42400001	43400000	1691	850
D11	43200001	44200000	1638	832
D11	44000001	45000000	1884	959
D11	44800001	45800000	1912	765
D11	45600001	46600000	1609	644
D11	46400001	47400000	1616	688
D11	47200001	48200000	1338	671
D11	48000001	49000000	1322	637
D11	48800001	49800000	1464	549
D11	49600001	50600000	1397	710
D11	50400001	51400000	1609	818
D11	51200001	52200000	1602	749
D11	52000001	53000000	954	468
D11	52800001	53800000	1142	571
D11	53600001	54600000	1147	482
D11	54400001	55400000	1166	605
D11	55200001	56200000	1210	761
D11	56000001	57000000	1218	597
D11	56800001	57800000	982	496
D11	57600001	58600000	410	344
D11	58400001	59400000	676	545
D11	59200001	60200000	657	456
D11	60000001	61000000	659	496
D11	60800001	61800000	741	488
D11	61600001	62600000	856	648
D11	62400001	63400000	627	399
D11	63200001	64200000	782	382
D11	64000001	65000000	466	376
D11	64800001	65800000	315	371
D11	65600001	66087774	91	211
D12	1	1000000	659	446
D12	800001	1800000	554	447
D12	1600001	2600000	623	469
D12	2400001	3400000	848	491
D12	3200001	4200000	959	539
D12	4000001	5000000	1262	631
D12	4800001	5800000	1255	573
D12	5600001	6600000	1141	535
D12	6400001	7400000	1188	616
D12	7200001	8200000	1324	565
D12	8000001	9000000	1423	592
D12	8800001	9800000	1763	553
D12	9600001	10600000	1417	551
D12	10400001	11400000	1309	549
D12	11200001	12200000	1312	597
D12	12000001	13000000	1699	748
D12	12800001	13800000	1895	855
D12	13600001	14600000	1589	773
D12	14400001	15400000	1616	798
D12	15200001	16200000	1687	915
D12	16000001	17000000	1682	853
D12	16800001	17800000	1725	898
D12	17600001	18600000	1627	679
D12	18400001	19400000	1575	747
D12	19200001	20200000	1571	841
D12	20000001	21000000	1912	959
D12	20800001	21800000	1689	1015
D12	21600001	22600000	1828	886
D12	22400001	23400000	2137	744
D12	23200001	24200000	1260	773
D12	24000001	25000000	1607	1016
D12	24800001	25800000	1533	878
D12	25600001	26600000	1723	1075
D12	26400001	27400000	1863	1117
D12	27200001	28200000	1736	912
D12	28000001	29000000	1339	691
D12	28800001	29800000	1628	943
D12	29600001	30600000	1446	993
D12	30400001	31400000	1557	999
D12	31200001	32200000	1621	818
D12	32000001	33000000	1527	868
D12	32800001	33800000	1483	924
D12	33600001	34600000	1691	751
D12	34400001	35400000	1299	621
D12	35200001	36200000	1139	603
D12	36000001	37000000	1406	595
D12	36800001	37800000	1224	520
D12	37600001	38600000	1227	610
D12	38400001	39400000	1283	591
D12	39200001	40200000	962	479
D12	40000001	41000000	1209	517
D12	40800001	41800000	1143	609
D12	41600001	42600000	1217	536
D12	42400001	43400000	1101	480
D12	43200001	44200000	1023	421
D12	44000001	45000000	1130	507
D12	44800001	45800000	1087	495
D12	45600001	46600000	1031	471
D12	46400001	47400000	824	431
D12	47200001	48200000	677	405
D12	48000001	49000000	870	471
D12	48800001	49800000	787	459
D12	49600001	50600000	575	371
D12	50400001	51400000	857	468
D12	51200001	52200000	805	364
D12	52000001	53000000	704	405
D12	52800001	53800000	543	410
D12	53600001	54600000	422	369
D12	54400001	55400000	647	344
D12	55200001	56200000	343	355
D12	56000001	57000000	346	309
D12	56800001	57800000	252	329
D12	57600001	58600000	267	289
D12	58400001	59109837	216	237
D13	1	1000000	352	355
D13	800001	1800000	461	395
D13	1600001	2600000	551	391
D13	2400001	3400000	557	411
D13	3200001	4200000	770	442
D13	4000001	5000000	810	424
D13	4800001	5800000	888	391
D13	5600001	6600000	1529	692
D13	6400001	7400000	1561	718
D13	7200001	8200000	1330	613
D13	8000001	9000000	1282	521
D13	8800001	9800000	1532	706
D13	9600001	10600000	1895	892
D13	10400001	11400000	1269	607
D13	11200001	12200000	1538	743
D13	12000001	13000000	1675	851
D13	12800001	13800000	1842	876
D13	13600001	14600000	1933	927
D13	14400001	15400000	1455	830
D13	15200001	16200000	1586	839
D13	16000001	17000000	1433	766
D13	16800001	17800000	1624	872
D13	17600001	18600000	1943	814
D13	18400001	19400000	1708	792
D13	19200001	20200000	1644	786
D13	20000001	21000000	1814	940
D13	20800001	21800000	1515	807
D13	21600001	22600000	1736	877
D13	22400001	23400000	1427	784
D13	23200001	24200000	962	586
D13	24000001	25000000	1713	973
D13	24800001	25800000	1457	972
D13	25600001	26600000	1193	700
D13	26400001	27400000	1396	879
D13	27200001	28200000	1840	891
D13	28000001	29000000	1357	620
D13	28800001	29800000	1893	794
D13	29600001	30600000	1450	629
D13	30400001	31400000	1539	720
D13	31200001	32200000	1519	782
D13	32000001	33000000	1729	853
D13	32800001	33800000	1796	804
D13	33600001	34600000	1574	729
D13	34400001	35400000	1685	797
D13	35200001	36200000	1596	767
D13	36000001	37000000	1814	781
D13	36800001	37800000	1755	748
D13	37600001	38600000	1468	766
D13	38400001	39400000	1435	731
D13	39200001	40200000	1649	914
D13	40000001	41000000	1783	916
D13	40800001	41800000	1594	631
D13	41600001	42600000	1352	597
D13	42400001	43400000	1320	534
D13	43200001	44200000	1431	676
D13	44000001	45000000	1726	758
D13	44800001	45800000	1451	685
D13	45600001	46600000	1300	702
D13	46400001	47400000	1410	700
D13	47200001	48200000	983	561
D13	48000001	49000000	1314	549
D13	48800001	49800000	1331	624
D13	49600001	50600000	1177	632
D13	50400001	51400000	1275	551
D13	51200001	52200000	1251	446
D13	52000001	53000000	989	451
D13	52800001	53800000	680	414
D13	53600001	54600000	1048	516
D13	54400001	55400000	772	477
D13	55200001	56200000	848	473
D13	56000001	57000000	586	407
D13	56800001	57800000	403	313
D13	57600001	58600000	245	322
D13	58400001	59400000	423	438
D13	59200001	60200000	588	504
D13	60000001	60534298	154	248
