A01	1	1000000	0	3
A01	800001	1800000	0	4
A01	1600001	2600000	0	3
A01	2400001	3400000	0	1
A01	3200001	4200000	0	1
A01	4000001	5000000	0	2
A01	4800001	5800000	0	2
A01	5600001	6600000	0	0
A01	6400001	7400000	0	0
A01	7200001	8200000	0	1
A01	8000001	9000000	0	0
A01	8800001	9800000	0	0
A01	9600001	10600000	0	0
A01	10400001	11400000	0	0
A01	11200001	12200000	0	1
A01	12000001	13000000	0	0
A01	12800001	13800000	0	1
A01	13600001	14600000	0	1
A01	14400001	15400000	0	0
A01	15200001	16200000	0	0
A01	16000001	17000000	0	0
A01	16800001	17800000	0	0
A01	17600001	18600000	0	0
A01	18400001	19400000	1	0
A01	19200001	20200000	0	0
A01	20000001	21000000	0	1
A01	20800001	21800000	0	0
A01	21600001	22600000	0	0
A01	22400001	23400000	0	0
A01	23200001	24200000	0	0
A01	24000001	25000000	0	1
A01	24800001	25800000	0	0
A01	25600001	26600000	0	0
A01	26400001	27400000	0	0
A01	27200001	28200000	0	0
A01	28000001	29000000	0	0
A01	28800001	29800000	0	0
A01	29600001	30600000	0	0
A01	30400001	31400000	0	0
A01	31200001	32200000	0	0
A01	32000001	33000000	0	1
A01	32800001	33800000	0	3
A01	33600001	34600000	0	8
A01	34400001	35400000	0	0
A01	35200001	36200000	0	0
A01	36000001	37000000	0	0
A01	36800001	37800000	0	0
A01	37600001	38600000	0	0
A01	38400001	39400000	0	0
A01	39200001	40200000	0	1
A01	40000001	41000000	0	1
A01	40800001	41800000	0	0
A01	41600001	42600000	0	0
A01	42400001	43400000	0	0
A01	43200001	44200000	0	0
A01	44000001	45000000	0	0
A01	44800001	45800000	0	0
A01	45600001	46600000	0	0
A01	46400001	47400000	0	0
A01	47200001	48200000	0	0
A01	48000001	49000000	0	0
A01	48800001	49800000	0	0
A01	49600001	50600000	0	1
A01	50400001	51400000	0	0
A01	51200001	52200000	0	3
A01	52000001	53000000	0	3
A01	52800001	53800000	0	0
A01	53600001	54600000	0	0
A01	54400001	55400000	0	0
A01	55200001	56200000	0	1
A01	56000001	57000000	0	1
A01	56800001	57800000	0	0
A01	57600001	58600000	0	0
A01	58400001	59400000	0	0
A01	59200001	60200000	0	0
A01	60000001	61000000	0	0
A01	60800001	61800000	0	0
A01	61600001	62600000	0	0
A01	62400001	63400000	0	0
A01	63200001	64200000	0	0
A01	64000001	65000000	0	0
A01	64800001	65800000	0	0
A01	65600001	66600000	0	0
A01	66400001	67400000	0	0
A01	67200001	68200000	1	0
A01	68000001	69000000	0	0
A01	68800001	69800000	0	0
A01	69600001	70600000	0	0
A01	70400001	71400000	0	1
A01	71200001	72200000	0	0
A01	72000001	73000000	0	0
A01	72800001	73800000	0	0
A01	73600001	74600000	0	0
A01	74400001	75400000	0	1
A01	75200001	76200000	0	0
A01	76000001	77000000	0	0
A01	76800001	77800000	0	0
A01	77600001	78600000	0	0
A01	78400001	79400000	0	0
A01	79200001	80200000	0	0
A01	80000001	81000000	0	0
A01	80800001	81800000	0	0
A01	81600001	82600000	0	0
A01	82400001	83400000	0	0
A01	83200001	84200000	0	0
A01	84000001	85000000	0	0
A01	84800001	85800000	0	0
A01	85600001	86600000	0	0
A01	86400001	87400000	0	0
A01	87200001	88200000	0	0
A01	88000001	89000000	0	1
A01	88800001	89800000	0	0
A01	89600001	90600000	0	0
A01	90400001	91400000	0	0
A01	91200001	92200000	0	0
A01	92000001	93000000	0	0
A01	92800001	93800000	0	0
A01	93600001	94600000	0	0
A01	94400001	95400000	0	0
A01	95200001	96200000	0	0
A01	96000001	97000000	0	0
A01	96800001	97800000	0	0
A01	97600001	98600000	0	0
A01	98400001	99400000	0	1
A01	99200001	99884700	0	0
A02	1	1000000	0	1
A02	800001	1800000	0	1
A02	1600001	2600000	0	0
A02	2400001	3400000	0	2
A02	3200001	4200000	0	4
A02	4000001	5000000	0	0
A02	4800001	5800000	0	0
A02	5600001	6600000	0	0
A02	6400001	7400000	0	0
A02	7200001	8200000	0	0
A02	8000001	9000000	0	1
A02	8800001	9800000	0	0
A02	9600001	10600000	0	1
A02	10400001	11400000	0	0
A02	11200001	12200000	0	1
A02	12000001	13000000	0	1
A02	12800001	13800000	0	0
A02	13600001	14600000	0	0
A02	14400001	15400000	0	0
A02	15200001	16200000	0	0
A02	16000001	17000000	0	0
A02	16800001	17800000	0	0
A02	17600001	18600000	0	0
A02	18400001	19400000	0	0
A02	19200001	20200000	1	0
A02	20000001	21000000	0	1
A02	20800001	21800000	0	1
A02	21600001	22600000	0	0
A02	22400001	23400000	0	0
A02	23200001	24200000	0	0
A02	24000001	25000000	0	0
A02	24800001	25800000	0	1
A02	25600001	26600000	0	0
A02	26400001	27400000	0	0
A02	27200001	28200000	0	0
A02	28000001	29000000	0	0
A02	28800001	29800000	0	1
A02	29600001	30600000	0	1
A02	30400001	31400000	0	0
A02	31200001	32200000	0	0
A02	32000001	33000000	0	0
A02	32800001	33800000	0	0
A02	33600001	34600000	0	0
A02	34400001	35400000	0	1
A02	35200001	36200000	0	2
A02	36000001	37000000	0	0
A02	36800001	37800000	0	0
A02	37600001	38600000	0	0
A02	38400001	39400000	0	0
A02	39200001	40200000	0	0
A02	40000001	41000000	0	0
A02	40800001	41800000	0	0
A02	41600001	42600000	0	1
A02	42400001	43400000	0	0
A02	43200001	44200000	0	0
A02	44000001	45000000	0	0
A02	44800001	45800000	0	0
A02	45600001	46600000	0	0
A02	46400001	47400000	0	0
A02	47200001	48200000	0	0
A02	48000001	49000000	0	0
A02	48800001	49800000	0	0
A02	49600001	50600000	1	0
A02	50400001	51400000	1	0
A02	51200001	52200000	0	0
A02	52000001	53000000	0	0
A02	52800001	53800000	0	0
A02	53600001	54600000	0	0
A02	54400001	55400000	0	0
A02	55200001	56200000	0	0
A02	56000001	57000000	0	0
A02	56800001	57800000	0	0
A02	57600001	58600000	0	0
A02	58400001	59400000	0	0
A02	59200001	60200000	0	0
A02	60000001	61000000	0	0
A02	60800001	61800000	0	0
A02	61600001	62600000	0	0
A02	62400001	63400000	0	0
A02	63200001	64200000	0	0
A02	64000001	65000000	0	0
A02	64800001	65800000	0	0
A02	65600001	66600000	0	0
A02	66400001	67400000	0	0
A02	67200001	68200000	0	0
A02	68000001	69000000	0	0
A02	68800001	69800000	0	0
A02	69600001	70600000	0	0
A02	70400001	71400000	0	0
A02	71200001	72200000	0	0
A02	72000001	73000000	0	0
A02	72800001	73800000	0	0
A02	73600001	74600000	0	0
A02	74400001	75400000	0	0
A02	75200001	76200000	0	0
A02	76000001	77000000	0	0
A02	76800001	77800000	0	0
A02	77600001	78600000	0	0
A02	78400001	79400000	0	0
A02	79200001	80200000	0	1
A02	80000001	81000000	0	0
A02	80800001	81800000	0	0
A02	81600001	82600000	0	4
A02	82400001	83400000	0	4
A02	83200001	83447906	0	3
A03	1	1000000	0	0
A03	800001	1800000	0	1
A03	1600001	2600000	0	1
A03	2400001	3400000	0	0
A03	3200001	4200000	0	0
A03	4000001	5000000	0	1
A03	4800001	5800000	0	0
A03	5600001	6600000	0	1
A03	6400001	7400000	0	3
A03	7200001	8200000	1	3
A03	8000001	9000000	0	2
A03	8800001	9800000	0	3
A03	9600001	10600000	0	0
A03	10400001	11400000	0	0
A03	11200001	12200000	0	1
A03	12000001	13000000	0	1
A03	12800001	13800000	0	0
A03	13600001	14600000	0	4
A03	14400001	15400000	0	1
A03	15200001	16200000	0	1
A03	16000001	17000000	0	0
A03	16800001	17800000	0	0
A03	17600001	18600000	0	0
A03	18400001	19400000	0	0
A03	19200001	20200000	0	0
A03	20000001	21000000	0	0
A03	20800001	21800000	0	0
A03	21600001	22600000	0	0
A03	22400001	23400000	0	0
A03	23200001	24200000	0	0
A03	24000001	25000000	0	0
A03	24800001	25800000	0	0
A03	25600001	26600000	0	0
A03	26400001	27400000	0	0
A03	27200001	28200000	0	0
A03	28000001	29000000	0	0
A03	28800001	29800000	0	0
A03	29600001	30600000	0	0
A03	30400001	31400000	0	0
A03	31200001	32200000	0	0
A03	32000001	33000000	0	0
A03	32800001	33800000	0	0
A03	33600001	34600000	0	0
A03	34400001	35400000	0	0
A03	35200001	36200000	0	0
A03	36000001	37000000	0	0
A03	36800001	37800000	0	0
A03	37600001	38600000	0	0
A03	38400001	39400000	0	0
A03	39200001	40200000	0	0
A03	40000001	41000000	0	0
A03	40800001	41800000	0	0
A03	41600001	42600000	0	0
A03	42400001	43400000	0	0
A03	43200001	44200000	0	0
A03	44000001	45000000	0	0
A03	44800001	45800000	0	0
A03	45600001	46600000	0	0
A03	46400001	47400000	0	0
A03	47200001	48200000	0	0
A03	48000001	49000000	0	0
A03	48800001	49800000	0	0
A03	49600001	50600000	0	0
A03	50400001	51400000	0	0
A03	51200001	52200000	0	0
A03	52000001	53000000	0	0
A03	52800001	53800000	0	0
A03	53600001	54600000	1	0
A03	54400001	55400000	1	0
A03	55200001	56200000	0	0
A03	56000001	57000000	0	0
A03	56800001	57800000	0	0
A03	57600001	58600000	0	0
A03	58400001	59400000	0	0
A03	59200001	60200000	0	0
A03	60000001	61000000	0	5
A03	60800001	61800000	0	13
A03	61600001	62600000	0	1
A03	62400001	63400000	0	0
A03	63200001	64200000	0	0
A03	64000001	65000000	0	0
A03	64800001	65800000	0	0
A03	65600001	66600000	0	0
A03	66400001	67400000	0	0
A03	67200001	68200000	0	0
A03	68000001	69000000	0	0
A03	68800001	69800000	0	0
A03	69600001	70600000	0	0
A03	70400001	71400000	0	0
A03	71200001	72200000	0	0
A03	72000001	73000000	1	0
A03	72800001	73800000	0	0
A03	73600001	74600000	0	0
A03	74400001	75400000	0	0
A03	75200001	76200000	0	0
A03	76000001	77000000	0	0
A03	76800001	77800000	0	0
A03	77600001	78600000	0	1
A03	78400001	79400000	0	0
A03	79200001	80200000	0	0
A03	80000001	81000000	0	5
A03	80800001	81800000	0	6
A03	81600001	82600000	0	0
A03	82400001	83400000	0	0
A03	83200001	84200000	0	11
A03	84000001	85000000	0	0
A03	84800001	85800000	0	0
A03	85600001	86600000	0	0
A03	86400001	87400000	0	0
A03	87200001	88200000	0	0
A03	88000001	89000000	0	0
A03	88800001	89800000	0	0
A03	89600001	90600000	0	0
A03	90400001	91400000	0	0
A03	91200001	92200000	0	0
A03	92000001	93000000	0	0
A03	92800001	93800000	0	0
A03	93600001	94600000	0	1
A03	94400001	95400000	0	1
A03	95200001	96200000	0	0
A03	96000001	97000000	0	1
A03	96800001	97800000	0	1
A03	97600001	98600000	0	1
A03	98400001	99400000	0	1
A03	99200001	100200000	0	0
A03	100000001	100263045	0	0
A04	1	1000000	0	0
A04	800001	1800000	0	5
A04	1600001	2600000	0	1
A04	2400001	3400000	0	0
A04	3200001	4200000	0	1
A04	4000001	5000000	0	0
A04	4800001	5800000	0	0
A04	5600001	6600000	0	1
A04	6400001	7400000	0	0
A04	7200001	8200000	0	0
A04	8000001	9000000	0	1
A04	8800001	9800000	0	0
A04	9600001	10600000	0	0
A04	10400001	11400000	0	1
A04	11200001	12200000	0	0
A04	12000001	13000000	0	0
A04	12800001	13800000	0	0
A04	13600001	14600000	0	0
A04	14400001	15400000	0	0
A04	15200001	16200000	0	0
A04	16000001	17000000	0	0
A04	16800001	17800000	0	0
A04	17600001	18600000	0	1
A04	18400001	19400000	0	0
A04	19200001	20200000	0	0
A04	20000001	21000000	0	0
A04	20800001	21800000	0	0
A04	21600001	22600000	0	0
A04	22400001	23400000	0	0
A04	23200001	24200000	0	0
A04	24000001	25000000	0	0
A04	24800001	25800000	0	0
A04	25600001	26600000	0	0
A04	26400001	27400000	0	0
A04	27200001	28200000	0	0
A04	28000001	29000000	0	0
A04	28800001	29800000	0	0
A04	29600001	30600000	0	0
A04	30400001	31400000	0	0
A04	31200001	32200000	0	0
A04	32000001	33000000	0	0
A04	32800001	33800000	0	1
A04	33600001	34600000	0	0
A04	34400001	35400000	0	0
A04	35200001	36200000	0	0
A04	36000001	37000000	0	0
A04	36800001	37800000	0	0
A04	37600001	38600000	0	0
A04	38400001	39400000	0	0
A04	39200001	40200000	0	0
A04	40000001	41000000	0	0
A04	40800001	41800000	0	0
A04	41600001	42600000	0	0
A04	42400001	43400000	0	0
A04	43200001	44200000	0	0
A04	44000001	45000000	0	0
A04	44800001	45800000	0	0
A04	45600001	46600000	0	0
A04	46400001	47400000	0	0
A04	47200001	48200000	0	0
A04	48000001	49000000	0	0
A04	48800001	49800000	0	1
A04	49600001	50600000	0	0
A04	50400001	51400000	0	0
A04	51200001	52200000	0	0
A04	52000001	53000000	0	0
A04	52800001	53800000	0	1
A04	53600001	54600000	1	0
A04	54400001	55400000	0	0
A04	55200001	56200000	0	0
A04	56000001	57000000	0	0
A04	56800001	57800000	0	1
A04	57600001	58600000	0	1
A04	58400001	59400000	0	1
A04	59200001	60200000	0	1
A04	60000001	61000000	0	0
A04	60800001	61800000	0	0
A04	61600001	62600000	0	2
A04	62400001	62913772	0	2
A05	1	1000000	0	3
A05	800001	1800000	0	2
A05	1600001	2600000	0	0
A05	2400001	3400000	0	3
A05	3200001	4200000	0	1
A05	4000001	5000000	0	3
A05	4800001	5800000	0	0
A05	5600001	6600000	0	3
A05	6400001	7400000	0	1
A05	7200001	8200000	0	1
A05	8000001	9000000	0	1
A05	8800001	9800000	0	2
A05	9600001	10600000	0	5
A05	10400001	11400000	0	3
A05	11200001	12200000	0	3
A05	12000001	13000000	0	2
A05	12800001	13800000	0	1
A05	13600001	14600000	0	0
A05	14400001	15400000	0	0
A05	15200001	16200000	0	2
A05	16000001	17000000	0	0
A05	16800001	17800000	0	0
A05	17600001	18600000	0	1
A05	18400001	19400000	0	2
A05	19200001	20200000	0	2
A05	20000001	21000000	0	0
A05	20800001	21800000	0	1
A05	21600001	22600000	0	3
A05	22400001	23400000	0	1
A05	23200001	24200000	0	1
A05	24000001	25000000	0	4
A05	24800001	25800000	0	2
A05	25600001	26600000	0	3
A05	26400001	27400000	0	1
A05	27200001	28200000	0	0
A05	28000001	29000000	0	1
A05	28800001	29800000	0	0
A05	29600001	30600000	0	1
A05	30400001	31400000	0	0
A05	31200001	32200000	0	0
A05	32000001	33000000	0	0
A05	32800001	33800000	0	0
A05	33600001	34600000	0	1
A05	34400001	35400000	0	0
A05	35200001	36200000	0	0
A05	36000001	37000000	0	0
A05	36800001	37800000	0	0
A05	37600001	38600000	0	0
A05	38400001	39400000	0	1
A05	39200001	40200000	0	1
A05	40000001	41000000	0	0
A05	40800001	41800000	0	0
A05	41600001	42600000	0	0
A05	42400001	43400000	0	0
A05	43200001	44200000	0	1
A05	44000001	45000000	0	0
A05	44800001	45800000	0	0
A05	45600001	46600000	0	0
A05	46400001	47400000	0	0
A05	47200001	48200000	0	0
A05	48000001	49000000	0	0
A05	48800001	49800000	0	0
A05	49600001	50600000	0	0
A05	50400001	51400000	0	0
A05	51200001	52200000	0	0
A05	52000001	53000000	0	0
A05	52800001	53800000	0	0
A05	53600001	54600000	0	2
A05	54400001	55400000	0	0
A05	55200001	56200000	0	0
A05	56000001	57000000	0	3
A05	56800001	57800000	0	0
A05	57600001	58600000	0	0
A05	58400001	59400000	0	0
A05	59200001	60200000	0	0
A05	60000001	61000000	0	0
A05	60800001	61800000	0	0
A05	61600001	62600000	0	0
A05	62400001	63400000	0	1
A05	63200001	64200000	0	0
A05	64000001	65000000	0	1
A05	64800001	65800000	0	1
A05	65600001	66600000	0	0
A05	66400001	67400000	0	0
A05	67200001	68200000	0	0
A05	68000001	69000000	0	0
A05	68800001	69800000	0	0
A05	69600001	70600000	0	0
A05	70400001	71400000	0	0
A05	71200001	72200000	0	0
A05	72000001	73000000	0	0
A05	72800001	73800000	0	0
A05	73600001	74600000	0	0
A05	74400001	75400000	1	0
A05	75200001	76200000	0	0
A05	76000001	77000000	1	0
A05	76800001	77800000	0	0
A05	77600001	78600000	0	0
A05	78400001	79400000	1	3
A05	79200001	80200000	0	1
A05	80000001	81000000	0	0
A05	80800001	81800000	0	0
A05	81600001	82600000	0	0
A05	82400001	83400000	0	0
A05	83200001	84200000	0	0
A05	84000001	85000000	1	1
A05	84800001	85800000	1	1
A05	85600001	86600000	0	3
A05	86400001	87400000	0	2
A05	87200001	88200000	0	0
A05	88000001	89000000	0	0
A05	88800001	89800000	0	1
A05	89600001	90600000	0	1
A05	90400001	91400000	0	1
A05	91200001	92200000	0	0
A05	92000001	92047023	0	0
A06	1	1000000	0	2
A06	800001	1800000	1	1
A06	1600001	2600000	1	1
A06	2400001	3400000	0	3
A06	3200001	4200000	0	1
A06	4000001	5000000	0	0
A06	4800001	5800000	0	1
A06	5600001	6600000	0	2
A06	6400001	7400000	0	2
A06	7200001	8200000	0	0
A06	8000001	9000000	0	2
A06	8800001	9800000	0	0
A06	9600001	10600000	0	0
A06	10400001	11400000	0	0
A06	11200001	12200000	0	0
A06	12000001	13000000	0	0
A06	12800001	13800000	0	0
A06	13600001	14600000	0	0
A06	14400001	15400000	0	1
A06	15200001	16200000	0	2
A06	16000001	17000000	0	1
A06	16800001	17800000	0	0
A06	17600001	18600000	0	0
A06	18400001	19400000	0	0
A06	19200001	20200000	0	0
A06	20000001	21000000	0	6
A06	20800001	21800000	0	6
A06	21600001	22600000	0	0
A06	22400001	23400000	0	0
A06	23200001	24200000	0	0
A06	24000001	25000000	0	0
A06	24800001	25800000	0	0
A06	25600001	26600000	0	0
A06	26400001	27400000	0	0
A06	27200001	28200000	0	0
A06	28000001	29000000	0	1
A06	28800001	29800000	0	1
A06	29600001	30600000	0	1
A06	30400001	31400000	0	1
A06	31200001	32200000	0	1
A06	32000001	33000000	0	0
A06	32800001	33800000	0	1
A06	33600001	34600000	1	1
A06	34400001	35400000	0	0
A06	35200001	36200000	0	0
A06	36000001	37000000	0	0
A06	36800001	37800000	0	0
A06	37600001	38600000	0	0
A06	38400001	39400000	0	0
A06	39200001	40200000	0	0
A06	40000001	41000000	0	0
A06	40800001	41800000	0	0
A06	41600001	42600000	0	0
A06	42400001	43400000	0	0
A06	43200001	44200000	0	0
A06	44000001	45000000	0	0
A06	44800001	45800000	0	0
A06	45600001	46600000	0	0
A06	46400001	47400000	0	0
A06	47200001	48200000	0	0
A06	48000001	49000000	0	0
A06	48800001	49800000	0	0
A06	49600001	50600000	0	0
A06	50400001	51400000	0	0
A06	51200001	52200000	0	0
A06	52000001	53000000	0	0
A06	52800001	53800000	0	0
A06	53600001	54600000	0	0
A06	54400001	55400000	0	0
A06	55200001	56200000	0	0
A06	56000001	57000000	0	0
A06	56800001	57800000	0	0
A06	57600001	58600000	0	0
A06	58400001	59400000	0	0
A06	59200001	60200000	0	2
A06	60000001	61000000	0	0
A06	60800001	61800000	0	0
A06	61600001	62600000	0	0
A06	62400001	63400000	0	0
A06	63200001	64200000	0	0
A06	64000001	65000000	0	1
A06	64800001	65800000	0	0
A06	65600001	66600000	0	0
A06	66400001	67400000	0	0
A06	67200001	68200000	0	0
A06	68000001	69000000	0	0
A06	68800001	69800000	0	0
A06	69600001	70600000	0	1
A06	70400001	71400000	0	0
A06	71200001	72200000	0	0
A06	72000001	73000000	0	0
A06	72800001	73800000	0	0
A06	73600001	74600000	1	0
A06	74400001	75400000	0	0
A06	75200001	76200000	0	0
A06	76000001	77000000	0	0
A06	76800001	77800000	0	0
A06	77600001	78600000	0	0
A06	78400001	79400000	0	0
A06	79200001	80200000	0	0
A06	80000001	81000000	0	0
A06	80800001	81800000	0	0
A06	81600001	82600000	0	0
A06	82400001	83400000	0	0
A06	83200001	84200000	0	0
A06	84000001	85000000	0	0
A06	84800001	85800000	0	0
A06	85600001	86600000	0	0
A06	86400001	87400000	0	0
A06	87200001	88200000	0	0
A06	88000001	89000000	0	0
A06	88800001	89800000	0	0
A06	89600001	90600000	0	2
A06	90400001	91400000	0	0
A06	91200001	92200000	0	0
A06	92000001	93000000	0	1
A06	92800001	93800000	0	1
A06	93600001	94600000	0	0
A06	94400001	95400000	0	0
A06	95200001	96200000	0	0
A06	96000001	97000000	0	0
A06	96800001	97800000	0	2
A06	97600001	98600000	0	1
A06	98400001	99400000	0	0
A06	99200001	100200000	0	1
A06	100000001	101000000	0	0
A06	100800001	101800000	0	1
A06	101600001	102600000	0	1
A06	102400001	103170444	0	0
A07	1	1000000	0	2
A07	800001	1800000	0	1
A07	1600001	2600000	0	1
A07	2400001	3400000	0	3
A07	3200001	4200000	0	0
A07	4000001	5000000	0	0
A07	4800001	5800000	0	0
A07	5600001	6600000	0	0
A07	6400001	7400000	0	0
A07	7200001	8200000	0	0
A07	8000001	9000000	0	0
A07	8800001	9800000	0	1
A07	9600001	10600000	0	1
A07	10400001	11400000	0	0
A07	11200001	12200000	0	0
A07	12000001	13000000	0	0
A07	12800001	13800000	0	0
A07	13600001	14600000	0	0
A07	14400001	15400000	0	0
A07	15200001	16200000	0	0
A07	16000001	17000000	0	0
A07	16800001	17800000	0	0
A07	17600001	18600000	0	1
A07	18400001	19400000	0	0
A07	19200001	20200000	0	0
A07	20000001	21000000	0	0
A07	20800001	21800000	0	1
A07	21600001	22600000	0	0
A07	22400001	23400000	0	0
A07	23200001	24200000	0	0
A07	24000001	25000000	0	0
A07	24800001	25800000	0	0
A07	25600001	26600000	0	0
A07	26400001	27400000	0	0
A07	27200001	28200000	0	0
A07	28000001	29000000	0	0
A07	28800001	29800000	0	1
A07	29600001	30600000	0	0
A07	30400001	31400000	0	0
A07	31200001	32200000	0	0
A07	32000001	33000000	0	0
A07	32800001	33800000	0	0
A07	33600001	34600000	0	0
A07	34400001	35400000	0	2
A07	35200001	36200000	0	0
A07	36000001	37000000	0	0
A07	36800001	37800000	0	0
A07	37600001	38600000	0	0
A07	38400001	39400000	1	0
A07	39200001	40200000	0	1
A07	40000001	41000000	0	1
A07	40800001	41800000	0	0
A07	41600001	42600000	0	0
A07	42400001	43400000	0	0
A07	43200001	44200000	0	0
A07	44000001	45000000	0	0
A07	44800001	45800000	0	0
A07	45600001	46600000	0	0
A07	46400001	47400000	0	0
A07	47200001	48200000	0	0
A07	48000001	49000000	0	0
A07	48800001	49800000	0	0
A07	49600001	50600000	0	0
A07	50400001	51400000	0	0
A07	51200001	52200000	0	0
A07	52000001	53000000	0	0
A07	52800001	53800000	0	0
A07	53600001	54600000	0	0
A07	54400001	55400000	0	0
A07	55200001	56200000	0	0
A07	56000001	57000000	0	0
A07	56800001	57800000	0	0
A07	57600001	58600000	0	1
A07	58400001	59400000	0	0
A07	59200001	60200000	0	0
A07	60000001	61000000	0	0
A07	60800001	61800000	0	0
A07	61600001	62600000	0	2
A07	62400001	63400000	0	1
A07	63200001	64200000	0	0
A07	64000001	65000000	0	1
A07	64800001	65800000	0	0
A07	65600001	66600000	0	0
A07	66400001	67400000	0	0
A07	67200001	68200000	0	0
A07	68000001	69000000	0	0
A07	68800001	69800000	0	0
A07	69600001	70600000	0	0
A07	70400001	71400000	0	0
A07	71200001	72200000	0	0
A07	72000001	73000000	0	0
A07	72800001	73800000	0	1
A07	73600001	74600000	0	1
A07	74400001	75400000	1	1
A07	75200001	76200000	0	0
A07	76000001	77000000	0	2
A07	76800001	77800000	0	0
A07	77600001	78251018	1	0
A08	1	1000000	4	5
A08	800001	1800000	0	3
A08	1600001	2600000	0	4
A08	2400001	3400000	0	3
A08	3200001	4200000	0	2
A08	4000001	5000000	0	1
A08	4800001	5800000	0	0
A08	5600001	6600000	0	0
A08	6400001	7400000	0	2
A08	7200001	8200000	0	0
A08	8000001	9000000	0	0
A08	8800001	9800000	0	0
A08	9600001	10600000	0	0
A08	10400001	11400000	0	0
A08	11200001	12200000	0	0
A08	12000001	13000000	0	0
A08	12800001	13800000	0	1
A08	13600001	14600000	0	0
A08	14400001	15400000	0	2
A08	15200001	16200000	0	0
A08	16000001	17000000	0	0
A08	16800001	17800000	0	0
A08	17600001	18600000	0	0
A08	18400001	19400000	0	2
A08	19200001	20200000	0	2
A08	20000001	21000000	0	0
A08	20800001	21800000	0	0
A08	21600001	22600000	0	0
A08	22400001	23400000	0	1
A08	23200001	24200000	0	1
A08	24000001	25000000	0	0
A08	24800001	25800000	0	0
A08	25600001	26600000	0	0
A08	26400001	27400000	0	0
A08	27200001	28200000	0	1
A08	28000001	29000000	0	0
A08	28800001	29800000	0	0
A08	29600001	30600000	0	0
A08	30400001	31400000	0	0
A08	31200001	32200000	0	0
A08	32000001	33000000	0	0
A08	32800001	33800000	0	0
A08	33600001	34600000	0	0
A08	34400001	35400000	0	0
A08	35200001	36200000	0	0
A08	36000001	37000000	0	0
A08	36800001	37800000	0	0
A08	37600001	38600000	0	0
A08	38400001	39400000	0	0
A08	39200001	40200000	0	0
A08	40000001	41000000	0	0
A08	40800001	41800000	0	0
A08	41600001	42600000	0	0
A08	42400001	43400000	0	0
A08	43200001	44200000	0	0
A08	44000001	45000000	1	0
A08	44800001	45800000	0	0
A08	45600001	46600000	0	0
A08	46400001	47400000	0	0
A08	47200001	48200000	0	1
A08	48000001	49000000	0	0
A08	48800001	49800000	0	0
A08	49600001	50600000	0	0
A08	50400001	51400000	0	1
A08	51200001	52200000	0	0
A08	52000001	53000000	0	0
A08	52800001	53800000	0	0
A08	53600001	54600000	0	0
A08	54400001	55400000	0	0
A08	55200001	56200000	0	0
A08	56000001	57000000	0	0
A08	56800001	57800000	0	2
A08	57600001	58600000	0	0
A08	58400001	59400000	0	0
A08	59200001	60200000	0	0
A08	60000001	61000000	0	0
A08	60800001	61800000	0	0
A08	61600001	62600000	0	0
A08	62400001	63400000	0	0
A08	63200001	64200000	0	0
A08	64000001	65000000	0	0
A08	64800001	65800000	0	0
A08	65600001	66600000	0	0
A08	66400001	67400000	0	0
A08	67200001	68200000	0	0
A08	68000001	69000000	0	0
A08	68800001	69800000	0	0
A08	69600001	70600000	0	0
A08	70400001	71400000	0	0
A08	71200001	72200000	0	0
A08	72000001	73000000	0	0
A08	72800001	73800000	0	0
A08	73600001	74600000	0	0
A08	74400001	75400000	0	0
A08	75200001	76200000	0	0
A08	76000001	77000000	0	1
A08	76800001	77800000	0	0
A08	77600001	78600000	0	0
A08	78400001	79400000	0	0
A08	79200001	80200000	0	0
A08	80000001	81000000	0	1
A08	80800001	81800000	0	2
A08	81600001	82600000	0	0
A08	82400001	83400000	0	0
A08	83200001	84200000	0	0
A08	84000001	85000000	0	2
A08	84800001	85800000	0	1
A08	85600001	86600000	0	0
A08	86400001	87400000	0	0
A08	87200001	88200000	0	0
A08	88000001	89000000	0	0
A08	88800001	89800000	0	0
A08	89600001	90600000	0	0
A08	90400001	91400000	0	0
A08	91200001	92200000	0	0
A08	92000001	93000000	0	2
A08	92800001	93800000	0	0
A08	93600001	94600000	0	0
A08	94400001	95400000	0	0
A08	95200001	96200000	0	1
A08	96000001	97000000	0	1
A08	96800001	97800000	0	4
A08	97600001	98600000	0	1
A08	98400001	99400000	0	1
A08	99200001	100200000	0	3
A08	100000001	101000000	0	2
A08	100800001	101800000	1	2
A08	101600001	102600000	1	3
A08	102400001	103400000	1	2
A08	103200001	103626341	0	2
A09	1	1000000	0	0
A09	800001	1800000	0	0
A09	1600001	2600000	0	0
A09	2400001	3400000	0	0
A09	3200001	4200000	0	0
A09	4000001	5000000	0	1
A09	4800001	5800000	0	0
A09	5600001	6600000	0	0
A09	6400001	7400000	0	0
A09	7200001	8200000	0	0
A09	8000001	9000000	0	0
A09	8800001	9800000	0	0
A09	9600001	10600000	0	0
A09	10400001	11400000	0	0
A09	11200001	12200000	0	0
A09	12000001	13000000	0	1
A09	12800001	13800000	0	0
A09	13600001	14600000	0	0
A09	14400001	15400000	0	0
A09	15200001	16200000	0	0
A09	16000001	17000000	0	0
A09	16800001	17800000	0	0
A09	17600001	18600000	0	0
A09	18400001	19400000	0	0
A09	19200001	20200000	0	1
A09	20000001	21000000	0	0
A09	20800001	21800000	0	0
A09	21600001	22600000	0	0
A09	22400001	23400000	0	0
A09	23200001	24200000	0	0
A09	24000001	25000000	1	0
A09	24800001	25800000	0	0
A09	25600001	26600000	0	0
A09	26400001	27400000	0	0
A09	27200001	28200000	0	0
A09	28000001	29000000	0	0
A09	28800001	29800000	0	0
A09	29600001	30600000	0	0
A09	30400001	31400000	0	0
A09	31200001	32200000	0	0
A09	32000001	33000000	0	0
A09	32800001	33800000	0	0
A09	33600001	34600000	0	2
A09	34400001	35400000	0	2
A09	35200001	36200000	0	0
A09	36000001	37000000	0	0
A09	36800001	37800000	0	0
A09	37600001	38600000	0	0
A09	38400001	39400000	0	3
A09	39200001	40200000	0	0
A09	40000001	41000000	0	0
A09	40800001	41800000	0	1
A09	41600001	42600000	0	0
A09	42400001	43400000	0	0
A09	43200001	44200000	0	0
A09	44000001	45000000	0	0
A09	44800001	45800000	0	0
A09	45600001	46600000	0	0
A09	46400001	47400000	0	0
A09	47200001	48200000	0	0
A09	48000001	49000000	0	1
A09	48800001	49800000	0	0
A09	49600001	50600000	0	1
A09	50400001	51400000	0	0
A09	51200001	52200000	0	1
A09	52000001	53000000	0	0
A09	52800001	53800000	0	0
A09	53600001	54600000	0	1
A09	54400001	55400000	0	2
A09	55200001	56200000	0	0
A09	56000001	57000000	0	0
A09	56800001	57800000	0	0
A09	57600001	58600000	0	0
A09	58400001	59400000	0	1
A09	59200001	60200000	0	2
A09	60000001	61000000	0	0
A09	60800001	61800000	0	0
A09	61600001	62600000	0	0
A09	62400001	63400000	0	0
A09	63200001	64200000	0	0
A09	64000001	65000000	0	0
A09	64800001	65800000	0	0
A09	65600001	66600000	0	0
A09	66400001	67400000	0	1
A09	67200001	68200000	0	3
A09	68000001	69000000	0	1
A09	68800001	69800000	0	1
A09	69600001	70600000	0	2
A09	70400001	71400000	0	3
A09	71200001	72200000	0	5
A09	72000001	73000000	0	0
A09	72800001	73800000	0	5
A09	73600001	74600000	0	2
A09	74400001	74999931	0	2
A10	1	1000000	0	1
A10	800001	1800000	0	4
A10	1600001	2600000	0	3
A10	2400001	3400000	0	2
A10	3200001	4200000	0	1
A10	4000001	5000000	0	1
A10	4800001	5800000	0	1
A10	5600001	6600000	0	0
A10	6400001	7400000	0	0
A10	7200001	8200000	0	0
A10	8000001	9000000	0	0
A10	8800001	9800000	0	0
A10	9600001	10600000	0	4
A10	10400001	11400000	0	4
A10	11200001	12200000	0	2
A10	12000001	13000000	0	0
A10	12800001	13800000	0	2
A10	13600001	14600000	0	0
A10	14400001	15400000	0	0
A10	15200001	16200000	0	0
A10	16000001	17000000	0	0
A10	16800001	17800000	0	0
A10	17600001	18600000	0	0
A10	18400001	19400000	0	0
A10	19200001	20200000	0	0
A10	20000001	21000000	0	0
A10	20800001	21800000	0	0
A10	21600001	22600000	0	0
A10	22400001	23400000	0	0
A10	23200001	24200000	0	0
A10	24000001	25000000	0	0
A10	24800001	25800000	0	0
A10	25600001	26600000	0	0
A10	26400001	27400000	0	0
A10	27200001	28200000	0	0
A10	28000001	29000000	0	0
A10	28800001	29800000	0	0
A10	29600001	30600000	0	0
A10	30400001	31400000	0	0
A10	31200001	32200000	0	0
A10	32000001	33000000	0	0
A10	32800001	33800000	0	0
A10	33600001	34600000	0	0
A10	34400001	35400000	0	0
A10	35200001	36200000	0	1
A10	36000001	37000000	0	2
A10	36800001	37800000	0	0
A10	37600001	38600000	0	0
A10	38400001	39400000	0	0
A10	39200001	40200000	0	0
A10	40000001	41000000	0	0
A10	40800001	41800000	0	0
A10	41600001	42600000	0	0
A10	42400001	43400000	0	0
A10	43200001	44200000	0	0
A10	44000001	45000000	0	0
A10	44800001	45800000	0	0
A10	45600001	46600000	0	0
A10	46400001	47400000	0	0
A10	47200001	48200000	0	0
A10	48000001	49000000	0	0
A10	48800001	49800000	0	0
A10	49600001	50600000	0	0
A10	50400001	51400000	0	0
A10	51200001	52200000	0	0
A10	52000001	53000000	0	0
A10	52800001	53800000	0	0
A10	53600001	54600000	0	0
A10	54400001	55400000	0	0
A10	55200001	56200000	0	0
A10	56000001	57000000	0	0
A10	56800001	57800000	0	0
A10	57600001	58600000	0	0
A10	58400001	59400000	0	0
A10	59200001	60200000	0	0
A10	60000001	61000000	0	0
A10	60800001	61800000	0	1
A10	61600001	62600000	0	1
A10	62400001	63400000	0	0
A10	63200001	64200000	0	0
A10	64000001	65000000	0	0
A10	64800001	65800000	0	0
A10	65600001	66600000	0	0
A10	66400001	67400000	0	0
A10	67200001	68200000	0	0
A10	68000001	69000000	0	0
A10	68800001	69800000	0	0
A10	69600001	70600000	0	0
A10	70400001	71400000	0	1
A10	71200001	72200000	0	1
A10	72000001	73000000	0	0
A10	72800001	73800000	0	0
A10	73600001	74600000	0	0
A10	74400001	75400000	0	1
A10	75200001	76200000	0	2
A10	76000001	77000000	0	1
A10	76800001	77800000	0	1
A10	77600001	78600000	0	0
A10	78400001	79400000	0	0
A10	79200001	80200000	0	0
A10	80000001	81000000	0	0
A10	80800001	81800000	0	0
A10	81600001	82600000	0	0
A10	82400001	83400000	0	0
A10	83200001	84200000	0	0
A10	84000001	85000000	0	0
A10	84800001	85800000	0	0
A10	85600001	86600000	0	1
A10	86400001	87400000	0	0
A10	87200001	88200000	0	0
A10	88000001	89000000	0	0
A10	88800001	89800000	0	0
A10	89600001	90600000	0	0
A10	90400001	91400000	0	0
A10	91200001	92200000	0	0
A10	92000001	93000000	0	1
A10	92800001	93800000	1	2
A10	93600001	94600000	0	0
A10	94400001	95400000	0	2
A10	95200001	96200000	0	1
A10	96000001	97000000	0	0
A10	96800001	97800000	0	0
A10	97600001	98600000	0	1
A10	98400001	99400000	0	0
A10	99200001	100200000	0	0
A10	100000001	101000000	0	0
A10	100800001	100866604	0	0
A11	1	1000000	0	3
A11	800001	1800000	0	2
A11	1600001	2600000	0	2
A11	2400001	3400000	0	1
A11	3200001	4200000	0	1
A11	4000001	5000000	0	1
A11	4800001	5800000	0	3
A11	5600001	6600000	0	1
A11	6400001	7400000	0	3
A11	7200001	8200000	0	6
A11	8000001	9000000	0	5
A11	8800001	9800000	0	1
A11	9600001	10600000	0	1
A11	10400001	11400000	0	0
A11	11200001	12200000	0	1
A11	12000001	13000000	0	0
A11	12800001	13800000	0	1
A11	13600001	14600000	0	3
A11	14400001	15400000	0	1
A11	15200001	16200000	0	1
A11	16000001	17000000	0	0
A11	16800001	17800000	0	4
A11	17600001	18600000	0	1
A11	18400001	19400000	0	0
A11	19200001	20200000	0	0
A11	20000001	21000000	0	0
A11	20800001	21800000	0	0
A11	21600001	22600000	0	2
A11	22400001	23400000	0	1
A11	23200001	24200000	0	2
A11	24000001	25000000	0	0
A11	24800001	25800000	0	3
A11	25600001	26600000	0	2
A11	26400001	27400000	0	1
A11	27200001	28200000	0	1
A11	28000001	29000000	0	0
A11	28800001	29800000	0	0
A11	29600001	30600000	0	0
A11	30400001	31400000	0	0
A11	31200001	32200000	0	0
A11	32000001	33000000	0	0
A11	32800001	33800000	0	0
A11	33600001	34600000	0	0
A11	34400001	35400000	0	0
A11	35200001	36200000	0	0
A11	36000001	37000000	0	0
A11	36800001	37800000	0	0
A11	37600001	38600000	0	0
A11	38400001	39400000	0	0
A11	39200001	40200000	0	0
A11	40000001	41000000	0	0
A11	40800001	41800000	0	0
A11	41600001	42600000	0	0
A11	42400001	43400000	0	0
A11	43200001	44200000	0	0
A11	44000001	45000000	0	1
A11	44800001	45800000	0	1
A11	45600001	46600000	0	0
A11	46400001	47400000	0	0
A11	47200001	48200000	0	0
A11	48000001	49000000	0	0
A11	48800001	49800000	0	0
A11	49600001	50600000	0	0
A11	50400001	51400000	0	0
A11	51200001	52200000	0	0
A11	52000001	53000000	0	0
A11	52800001	53800000	0	1
A11	53600001	54600000	0	0
A11	54400001	55400000	0	0
A11	55200001	56200000	0	0
A11	56000001	57000000	0	1
A11	56800001	57800000	0	0
A11	57600001	58600000	0	0
A11	58400001	59400000	0	0
A11	59200001	60200000	0	0
A11	60000001	61000000	0	0
A11	60800001	61800000	0	0
A11	61600001	62600000	0	0
A11	62400001	63400000	0	0
A11	63200001	64200000	0	1
A11	64000001	65000000	0	0
A11	64800001	65800000	0	0
A11	65600001	66600000	0	0
A11	66400001	67400000	0	0
A11	67200001	68200000	0	0
A11	68000001	69000000	0	0
A11	68800001	69800000	0	0
A11	69600001	70600000	0	0
A11	70400001	71400000	0	0
A11	71200001	72200000	0	0
A11	72000001	73000000	0	0
A11	72800001	73800000	0	0
A11	73600001	74600000	0	0
A11	74400001	75400000	0	0
A11	75200001	76200000	0	0
A11	76000001	77000000	0	0
A11	76800001	77800000	0	0
A11	77600001	78600000	0	0
A11	78400001	79400000	0	0
A11	79200001	80200000	0	1
A11	80000001	81000000	0	0
A11	80800001	81800000	0	1
A11	81600001	82600000	0	0
A11	82400001	83400000	0	1
A11	83200001	84200000	0	1
A11	84000001	85000000	0	0
A11	84800001	85800000	0	1
A11	85600001	86600000	0	1
A11	86400001	87400000	0	0
A11	87200001	88200000	0	0
A11	88000001	89000000	0	0
A11	88800001	89800000	0	0
A11	89600001	90600000	0	1
A11	90400001	91400000	0	0
A11	91200001	92200000	0	0
A11	92000001	93000000	0	1
A11	92800001	93316192	0	1
A12	1	1000000	0	3
A12	800001	1800000	0	1
A12	1600001	2600000	0	1
A12	2400001	3400000	0	1
A12	3200001	4200000	0	1
A12	4000001	5000000	0	0
A12	4800001	5800000	0	0
A12	5600001	6600000	0	0
A12	6400001	7400000	0	1
A12	7200001	8200000	0	4
A12	8000001	9000000	0	1
A12	8800001	9800000	0	2
A12	9600001	10600000	0	1
A12	10400001	11400000	0	0
A12	11200001	12200000	0	0
A12	12000001	13000000	0	0
A12	12800001	13800000	0	2
A12	13600001	14600000	0	1
A12	14400001	15400000	0	0
A12	15200001	16200000	0	1
A12	16000001	17000000	0	0
A12	16800001	17800000	0	1
A12	17600001	18600000	0	1
A12	18400001	19400000	0	0
A12	19200001	20200000	0	0
A12	20000001	21000000	0	0
A12	20800001	21800000	0	1
A12	21600001	22600000	0	0
A12	22400001	23400000	0	0
A12	23200001	24200000	1	0
A12	24000001	25000000	0	0
A12	24800001	25800000	0	0
A12	25600001	26600000	0	0
A12	26400001	27400000	0	0
A12	27200001	28200000	0	0
A12	28000001	29000000	0	0
A12	28800001	29800000	0	0
A12	29600001	30600000	0	0
A12	30400001	31400000	0	0
A12	31200001	32200000	0	0
A12	32000001	33000000	0	0
A12	32800001	33800000	0	0
A12	33600001	34600000	0	0
A12	34400001	35400000	0	0
A12	35200001	36200000	0	0
A12	36000001	37000000	0	0
A12	36800001	37800000	0	0
A12	37600001	38600000	0	0
A12	38400001	39400000	0	0
A12	39200001	40200000	0	0
A12	40000001	41000000	0	0
A12	40800001	41800000	0	1
A12	41600001	42600000	0	1
A12	42400001	43400000	0	0
A12	43200001	44200000	0	2
A12	44000001	45000000	0	2
A12	44800001	45800000	0	1
A12	45600001	46600000	0	0
A12	46400001	47400000	0	0
A12	47200001	48200000	0	1
A12	48000001	49000000	0	0
A12	48800001	49800000	0	0
A12	49600001	50600000	0	0
A12	50400001	51400000	0	0
A12	51200001	52200000	0	0
A12	52000001	53000000	0	0
A12	52800001	53800000	0	0
A12	53600001	54600000	0	0
A12	54400001	55400000	0	0
A12	55200001	56200000	0	0
A12	56000001	57000000	0	1
A12	56800001	57800000	0	0
A12	57600001	58600000	1	1
A12	58400001	59400000	0	1
A12	59200001	60200000	0	0
A12	60000001	61000000	0	1
A12	60800001	61800000	0	1
A12	61600001	62600000	0	0
A12	62400001	63400000	0	1
A12	63200001	64200000	0	0
A12	64000001	65000000	0	0
A12	64800001	65800000	0	0
A12	65600001	66600000	0	2
A12	66400001	67400000	0	1
A12	67200001	68200000	0	0
A12	68000001	69000000	0	0
A12	68800001	69800000	0	0
A12	69600001	70600000	0	2
A12	70400001	71400000	0	1
A12	71200001	72200000	0	0
A12	72000001	73000000	0	0
A12	72800001	73800000	0	2
A12	73600001	74600000	1	1
A12	74400001	75400000	0	0
A12	75200001	76200000	0	0
A12	76000001	77000000	0	3
A12	76800001	77800000	0	0
A12	77600001	78600000	0	0
A12	78400001	79400000	0	1
A12	79200001	80200000	0	1
A12	80000001	81000000	0	2
A12	80800001	81800000	0	2
A12	81600001	82600000	0	1
A12	82400001	83400000	0	0
A12	83200001	84200000	0	4
A12	84000001	85000000	0	4
A12	84800001	85800000	0	1
A12	85600001	86600000	0	1
A12	86400001	87400000	0	3
A12	87200001	87484866	0	1
A13	1	1000000	0	3
A13	800001	1800000	0	1
A13	1600001	2600000	1	2
A13	2400001	3400000	0	0
A13	3200001	4200000	0	0
A13	4000001	5000000	0	0
A13	4800001	5800000	0	0
A13	5600001	6600000	0	0
A13	6400001	7400000	0	0
A13	7200001	8200000	0	0
A13	8000001	9000000	0	0
A13	8800001	9800000	0	0
A13	9600001	10600000	0	0
A13	10400001	11400000	0	0
A13	11200001	12200000	0	1
A13	12000001	13000000	0	0
A13	12800001	13800000	0	1
A13	13600001	14600000	0	1
A13	14400001	15400000	0	1
A13	15200001	16200000	0	0
A13	16000001	17000000	0	0
A13	16800001	17800000	0	0
A13	17600001	18600000	0	0
A13	18400001	19400000	0	0
A13	19200001	20200000	0	0
A13	20000001	21000000	0	0
A13	20800001	21800000	0	0
A13	21600001	22600000	0	0
A13	22400001	23400000	0	4
A13	23200001	24200000	0	0
A13	24000001	25000000	0	0
A13	24800001	25800000	0	1
A13	25600001	26600000	0	0
A13	26400001	27400000	0	0
A13	27200001	28200000	0	1
A13	28000001	29000000	0	0
A13	28800001	29800000	0	0
A13	29600001	30600000	0	0
A13	30400001	31400000	0	0
A13	31200001	32200000	0	0
A13	32000001	33000000	0	0
A13	32800001	33800000	0	0
A13	33600001	34600000	0	0
A13	34400001	35400000	1	0
A13	35200001	36200000	0	0
A13	36000001	37000000	0	0
A13	36800001	37800000	0	0
A13	37600001	38600000	0	0
A13	38400001	39400000	0	1
A13	39200001	40200000	0	0
A13	40000001	41000000	0	1
A13	40800001	41800000	0	0
A13	41600001	42600000	0	0
A13	42400001	43400000	0	0
A13	43200001	44200000	0	0
A13	44000001	45000000	0	0
A13	44800001	45800000	0	0
A13	45600001	46600000	0	0
A13	46400001	47400000	0	1
A13	47200001	48200000	0	0
A13	48000001	49000000	0	0
A13	48800001	49800000	0	0
A13	49600001	50600000	0	0
A13	50400001	51400000	0	0
A13	51200001	52200000	0	0
A13	52000001	53000000	0	0
A13	52800001	53800000	0	0
A13	53600001	54600000	0	0
A13	54400001	55400000	0	0
A13	55200001	56200000	0	0
A13	56000001	57000000	0	0
A13	56800001	57800000	0	0
A13	57600001	58600000	0	0
A13	58400001	59400000	0	0
A13	59200001	60200000	0	0
A13	60000001	61000000	0	0
A13	60800001	61800000	0	1
A13	61600001	62600000	0	0
A13	62400001	63400000	0	0
A13	63200001	64200000	0	0
A13	64000001	65000000	0	0
A13	64800001	65800000	0	0
A13	65600001	66600000	0	0
A13	66400001	67400000	0	0
A13	67200001	68200000	0	0
A13	68000001	69000000	0	1
A13	68800001	69800000	0	0
A13	69600001	70600000	0	2
A13	70400001	71400000	0	0
A13	71200001	72200000	0	0
A13	72000001	73000000	0	0
A13	72800001	73800000	0	0
A13	73600001	74600000	0	0
A13	74400001	75400000	0	0
A13	75200001	76200000	0	2
A13	76000001	77000000	0	1
A13	76800001	77800000	0	1
A13	77600001	78600000	1	3
A13	78400001	79400000	0	3
A13	79200001	79961121	0	4
D01	1	1000000	2	4
D01	800001	1800000	0	1
D01	1600001	2600000	1	1
D01	2400001	3400000	2	0
D01	3200001	4200000	0	0
D01	4000001	5000000	0	0
D01	4800001	5800000	0	1
D01	5600001	6600000	0	2
D01	6400001	7400000	0	1
D01	7200001	8200000	0	1
D01	8000001	9000000	0	1
D01	8800001	9800000	0	1
D01	9600001	10600000	0	1
D01	10400001	11400000	0	1
D01	11200001	12200000	0	0
D01	12000001	13000000	0	0
D01	12800001	13800000	0	0
D01	13600001	14600000	0	3
D01	14400001	15400000	0	0
D01	15200001	16200000	0	2
D01	16000001	17000000	1	0
D01	16800001	17800000	0	0
D01	17600001	18600000	0	2
D01	18400001	19400000	0	0
D01	19200001	20200000	0	0
D01	20000001	21000000	0	0
D01	20800001	21800000	0	2
D01	21600001	22600000	0	5
D01	22400001	23400000	0	0
D01	23200001	24200000	0	0
D01	24000001	25000000	0	0
D01	24800001	25800000	0	1
D01	25600001	26600000	0	0
D01	26400001	27400000	0	0
D01	27200001	28200000	0	0
D01	28000001	29000000	0	0
D01	28800001	29800000	0	0
D01	29600001	30600000	0	0
D01	30400001	31400000	0	0
D01	31200001	32200000	0	0
D01	32000001	33000000	0	0
D01	32800001	33800000	0	0
D01	33600001	34600000	0	0
D01	34400001	35400000	0	0
D01	35200001	36200000	0	0
D01	36000001	37000000	0	0
D01	36800001	37800000	0	1
D01	37600001	38600000	0	0
D01	38400001	39400000	0	0
D01	39200001	40200000	0	0
D01	40000001	41000000	0	1
D01	40800001	41800000	0	0
D01	41600001	42600000	0	0
D01	42400001	43400000	0	1
D01	43200001	44200000	0	0
D01	44000001	45000000	0	0
D01	44800001	45800000	0	1
D01	45600001	46600000	0	0
D01	46400001	47400000	0	0
D01	47200001	48200000	0	0
D01	48000001	49000000	0	0
D01	48800001	49800000	0	0
D01	49600001	50600000	0	0
D01	50400001	51400000	0	0
D01	51200001	52200000	0	1
D01	52000001	53000000	0	0
D01	52800001	53800000	0	3
D01	53600001	54600000	0	2
D01	54400001	55400000	0	1
D01	55200001	56200000	0	0
D01	56000001	57000000	0	0
D01	56800001	57800000	0	0
D01	57600001	58600000	0	0
D01	58400001	59400000	0	1
D01	59200001	60200000	0	3
D01	60000001	61000000	1	2
D01	60800001	61456009	1	1
D02	1	1000000	0	3
D02	800001	1800000	0	3
D02	1600001	2600000	0	2
D02	2400001	3400000	0	4
D02	3200001	4200000	0	0
D02	4000001	5000000	0	1
D02	4800001	5800000	0	1
D02	5600001	6600000	0	0
D02	6400001	7400000	0	0
D02	7200001	8200000	0	1
D02	8000001	9000000	0	4
D02	8800001	9800000	0	1
D02	9600001	10600000	0	0
D02	10400001	11400000	0	0
D02	11200001	12200000	0	1
D02	12000001	13000000	0	2
D02	12800001	13800000	0	2
D02	13600001	14600000	0	0
D02	14400001	15400000	0	0
D02	15200001	16200000	0	0
D02	16000001	17000000	0	0
D02	16800001	17800000	0	0
D02	17600001	18600000	0	0
D02	18400001	19400000	0	0
D02	19200001	20200000	0	0
D02	20000001	21000000	0	0
D02	20800001	21800000	0	0
D02	21600001	22600000	0	0
D02	22400001	23400000	0	1
D02	23200001	24200000	0	0
D02	24000001	25000000	0	0
D02	24800001	25800000	0	0
D02	25600001	26600000	0	0
D02	26400001	27400000	0	0
D02	27200001	28200000	0	0
D02	28000001	29000000	0	0
D02	28800001	29800000	0	0
D02	29600001	30600000	0	0
D02	30400001	31400000	0	0
D02	31200001	32200000	0	1
D02	32000001	33000000	0	0
D02	32800001	33800000	0	0
D02	33600001	34600000	0	0
D02	34400001	35400000	0	2
D02	35200001	36200000	0	0
D02	36000001	37000000	0	0
D02	36800001	37800000	0	1
D02	37600001	38600000	0	0
D02	38400001	39400000	0	1
D02	39200001	40200000	0	1
D02	40000001	41000000	0	0
D02	40800001	41800000	0	0
D02	41600001	42600000	0	0
D02	42400001	43400000	0	1
D02	43200001	44200000	0	1
D02	44000001	45000000	0	0
D02	44800001	45800000	0	1
D02	45600001	46600000	0	0
D02	46400001	47400000	0	0
D02	47200001	48200000	0	0
D02	48000001	49000000	0	0
D02	48800001	49800000	0	0
D02	49600001	50600000	0	0
D02	50400001	51400000	0	0
D02	51200001	52200000	0	0
D02	52000001	53000000	0	0
D02	52800001	53800000	0	0
D02	53600001	54600000	0	0
D02	54400001	55400000	0	0
D02	55200001	56200000	0	1
D02	56000001	57000000	0	0
D02	56800001	57800000	0	0
D02	57600001	58600000	0	1
D02	58400001	59400000	0	1
D02	59200001	60200000	0	0
D02	60000001	61000000	0	0
D02	60800001	61800000	0	0
D02	61600001	62600000	0	2
D02	62400001	63400000	0	3
D02	63200001	64200000	0	0
D02	64000001	65000000	0	2
D02	64800001	65800000	0	3
D02	65600001	66600000	0	2
D02	66400001	67400000	0	2
D02	67200001	67284553	0	0
D03	1	1000000	0	3
D03	800001	1800000	0	2
D03	1600001	2600000	0	0
D03	2400001	3400000	0	1
D03	3200001	4200000	0	2
D03	4000001	5000000	0	0
D03	4800001	5800000	0	0
D03	5600001	6600000	0	1
D03	6400001	7400000	0	0
D03	7200001	8200000	0	0
D03	8000001	9000000	0	0
D03	8800001	9800000	0	0
D03	9600001	10600000	0	1
D03	10400001	11400000	0	0
D03	11200001	12200000	1	0
D03	12000001	13000000	0	0
D03	12800001	13800000	0	0
D03	13600001	14600000	0	0
D03	14400001	15400000	0	4
D03	15200001	16200000	0	0
D03	16000001	17000000	0	1
D03	16800001	17800000	0	1
D03	17600001	18600000	0	0
D03	18400001	19400000	0	0
D03	19200001	20200000	0	0
D03	20000001	21000000	0	1
D03	20800001	21800000	0	0
D03	21600001	22600000	0	0
D03	22400001	23400000	0	0
D03	23200001	24200000	0	0
D03	24000001	25000000	0	0
D03	24800001	25800000	0	0
D03	25600001	26600000	0	1
D03	26400001	27400000	0	1
D03	27200001	28200000	0	1
D03	28000001	29000000	0	0
D03	28800001	29800000	0	1
D03	29600001	30600000	0	0
D03	30400001	31400000	0	0
D03	31200001	32200000	0	0
D03	32000001	33000000	0	0
D03	32800001	33800000	0	0
D03	33600001	34600000	0	0
D03	34400001	35400000	0	1
D03	35200001	36200000	0	1
D03	36000001	37000000	0	1
D03	36800001	37800000	1	6
D03	37600001	38600000	1	6
D03	38400001	39400000	0	1
D03	39200001	40200000	0	1
D03	40000001	41000000	0	0
D03	40800001	41800000	0	1
D03	41600001	42600000	0	2
D03	42400001	43400000	0	0
D03	43200001	44200000	0	1
D03	44000001	45000000	0	3
D03	44800001	45800000	0	2
D03	45600001	46600000	0	1
D03	46400001	46690656	0	1
D04	1	1000000	0	0
D04	800001	1800000	0	0
D04	1600001	2600000	0	4
D04	2400001	3400000	0	1
D04	3200001	4200000	0	1
D04	4000001	5000000	0	2
D04	4800001	5800000	0	0
D04	5600001	6600000	0	0
D04	6400001	7400000	0	0
D04	7200001	8200000	0	0
D04	8000001	9000000	0	0
D04	8800001	9800000	0	2
D04	9600001	10600000	0	2
D04	10400001	11400000	0	1
D04	11200001	12200000	0	0
D04	12000001	13000000	0	1
D04	12800001	13800000	0	0
D04	13600001	14600000	0	0
D04	14400001	15400000	0	0
D04	15200001	16200000	0	1
D04	16000001	17000000	0	0
D04	16800001	17800000	1	1
D04	17600001	18600000	0	0
D04	18400001	19400000	0	0
D04	19200001	20200000	0	0
D04	20000001	21000000	0	0
D04	20800001	21800000	0	0
D04	21600001	22600000	0	0
D04	22400001	23400000	0	0
D04	23200001	24200000	0	0
D04	24000001	25000000	0	0
D04	24800001	25800000	0	0
D04	25600001	26600000	0	0
D04	26400001	27400000	0	0
D04	27200001	28200000	0	3
D04	28000001	29000000	0	3
D04	28800001	29800000	0	0
D04	29600001	30600000	0	0
D04	30400001	31400000	0	0
D04	31200001	32200000	0	1
D04	32000001	33000000	0	1
D04	32800001	33800000	0	0
D04	33600001	34600000	0	1
D04	34400001	35400000	0	0
D04	35200001	36200000	0	0
D04	36000001	37000000	0	2
D04	36800001	37800000	0	0
D04	37600001	38600000	0	0
D04	38400001	39400000	0	0
D04	39200001	40200000	0	1
D04	40000001	41000000	0	0
D04	40800001	41800000	0	0
D04	41600001	42600000	0	0
D04	42400001	43400000	0	1
D04	43200001	44200000	0	0
D04	44000001	45000000	0	1
D04	44800001	45800000	0	2
D04	45600001	46600000	0	1
D04	46400001	47400000	0	1
D04	47200001	48200000	0	0
D04	48000001	49000000	0	0
D04	48800001	49800000	0	0
D04	49600001	50600000	0	2
D04	50400001	51400000	0	1
D04	51200001	51454130	0	0
D05	1	1000000	0	0
D05	800001	1800000	0	1
D05	1600001	2600000	0	0
D05	2400001	3400000	0	6
D05	3200001	4200000	0	3
D05	4000001	5000000	0	1
D05	4800001	5800000	0	0
D05	5600001	6600000	1	1
D05	6400001	7400000	1	0
D05	7200001	8200000	0	2
D05	8000001	9000000	0	2
D05	8800001	9800000	0	2
D05	9600001	10600000	0	4
D05	10400001	11400000	0	0
D05	11200001	12200000	0	3
D05	12000001	13000000	0	2
D05	12800001	13800000	0	3
D05	13600001	14600000	0	1
D05	14400001	15400000	0	2
D05	15200001	16200000	0	4
D05	16000001	17000000	0	4
D05	16800001	17800000	0	3
D05	17600001	18600000	0	2
D05	18400001	19400000	0	0
D05	19200001	20200000	0	1
D05	20000001	21000000	0	0
D05	20800001	21800000	0	0
D05	21600001	22600000	0	0
D05	22400001	23400000	0	1
D05	23200001	24200000	0	2
D05	24000001	25000000	0	2
D05	24800001	25800000	0	5
D05	25600001	26600000	0	4
D05	26400001	27400000	0	2
D05	27200001	28200000	0	1
D05	28000001	29000000	0	2
D05	28800001	29800000	0	2
D05	29600001	30600000	0	1
D05	30400001	31400000	0	1
D05	31200001	32200000	0	1
D05	32000001	33000000	0	0
D05	32800001	33800000	0	0
D05	33600001	34600000	0	2
D05	34400001	35400000	0	1
D05	35200001	36200000	0	1
D05	36000001	37000000	0	0
D05	36800001	37800000	0	0
D05	37600001	38600000	0	0
D05	38400001	39400000	0	0
D05	39200001	40200000	0	0
D05	40000001	41000000	0	0
D05	40800001	41800000	0	0
D05	41600001	42600000	0	0
D05	42400001	43400000	0	0
D05	43200001	44200000	0	0
D05	44000001	45000000	0	0
D05	44800001	45800000	0	0
D05	45600001	46600000	0	0
D05	46400001	47400000	0	2
D05	47200001	48200000	0	0
D05	48000001	49000000	1	0
D05	48800001	49800000	0	0
D05	49600001	50600000	0	2
D05	50400001	51400000	0	0
D05	51200001	52200000	0	0
D05	52000001	53000000	0	0
D05	52800001	53800000	0	0
D05	53600001	54600000	0	0
D05	54400001	55400000	0	1
D05	55200001	56200000	0	2
D05	56000001	57000000	0	0
D05	56800001	57800000	0	0
D05	57600001	58600000	0	1
D05	58400001	59400000	0	0
D05	59200001	60200000	0	1
D05	60000001	61000000	0	2
D05	60800001	61800000	0	0
D05	61600001	61933047	0	0
D06	1	1000000	0	4
D06	800001	1800000	0	1
D06	1600001	2600000	0	1
D06	2400001	3400000	0	2
D06	3200001	4200000	0	0
D06	4000001	5000000	0	1
D06	4800001	5800000	0	1
D06	5600001	6600000	0	0
D06	6400001	7400000	1	1
D06	7200001	8200000	0	22
D06	8000001	9000000	0	1
D06	8800001	9800000	0	2
D06	9600001	10600000	0	0
D06	10400001	11400000	0	0
D06	11200001	12200000	0	0
D06	12000001	13000000	0	0
D06	12800001	13800000	0	0
D06	13600001	14600000	1	3
D06	14400001	15400000	1	3
D06	15200001	16200000	0	0
D06	16000001	17000000	0	1
D06	16800001	17800000	0	0
D06	17600001	18600000	0	0
D06	18400001	19400000	0	1
D06	19200001	20200000	0	0
D06	20000001	21000000	0	0
D06	20800001	21800000	0	0
D06	21600001	22600000	0	0
D06	22400001	23400000	0	1
D06	23200001	24200000	0	1
D06	24000001	25000000	0	0
D06	24800001	25800000	0	0
D06	25600001	26600000	0	1
D06	26400001	27400000	0	1
D06	27200001	28200000	0	0
D06	28000001	29000000	0	0
D06	28800001	29800000	0	0
D06	29600001	30600000	0	0
D06	30400001	31400000	0	0
D06	31200001	32200000	0	0
D06	32000001	33000000	0	0
D06	32800001	33800000	0	0
D06	33600001	34600000	0	0
D06	34400001	35400000	0	0
D06	35200001	36200000	0	0
D06	36000001	37000000	0	0
D06	36800001	37800000	0	0
D06	37600001	38600000	0	0
D06	38400001	39400000	0	1
D06	39200001	40200000	0	0
D06	40000001	41000000	0	0
D06	40800001	41800000	0	0
D06	41600001	42600000	0	0
D06	42400001	43400000	0	0
D06	43200001	44200000	0	0
D06	44000001	45000000	0	0
D06	44800001	45800000	0	0
D06	45600001	46600000	0	0
D06	46400001	47400000	0	0
D06	47200001	48200000	0	0
D06	48000001	49000000	0	0
D06	48800001	49800000	0	0
D06	49600001	50600000	0	1
D06	50400001	51400000	0	1
D06	51200001	52200000	0	0
D06	52000001	53000000	0	2
D06	52800001	53800000	0	1
D06	53600001	54600000	0	1
D06	54400001	55400000	0	2
D06	55200001	56200000	0	3
D06	56000001	57000000	0	0
D06	56800001	57800000	0	2
D06	57600001	58600000	0	5
D06	58400001	59400000	0	0
D06	59200001	60200000	0	1
D06	60000001	61000000	0	2
D06	60800001	61800000	0	4
D06	61600001	62600000	0	0
D06	62400001	63400000	0	2
D06	63200001	64200000	0	1
D06	64000001	64294643	0	1
D07	1	1000000	0	0
D07	800001	1800000	0	1
D07	1600001	2600000	0	0
D07	2400001	3400000	0	0
D07	3200001	4200000	0	1
D07	4000001	5000000	0	2
D07	4800001	5800000	0	0
D07	5600001	6600000	0	0
D07	6400001	7400000	0	0
D07	7200001	8200000	0	0
D07	8000001	9000000	0	0
D07	8800001	9800000	0	0
D07	9600001	10600000	0	0
D07	10400001	11400000	0	0
D07	11200001	12200000	0	1
D07	12000001	13000000	0	0
D07	12800001	13800000	0	0
D07	13600001	14600000	0	1
D07	14400001	15400000	0	0
D07	15200001	16200000	0	0
D07	16000001	17000000	0	0
D07	16800001	17800000	0	0
D07	17600001	18600000	0	0
D07	18400001	19400000	0	0
D07	19200001	20200000	0	0
D07	20000001	21000000	0	0
D07	20800001	21800000	0	0
D07	21600001	22600000	0	0
D07	22400001	23400000	0	0
D07	23200001	24200000	0	0
D07	24000001	25000000	0	0
D07	24800001	25800000	0	0
D07	25600001	26600000	0	0
D07	26400001	27400000	1	0
D07	27200001	28200000	1	0
D07	28000001	29000000	0	1
D07	28800001	29800000	0	0
D07	29600001	30600000	0	0
D07	30400001	31400000	0	0
D07	31200001	32200000	0	0
D07	32000001	33000000	0	0
D07	32800001	33800000	0	0
D07	33600001	34600000	0	1
D07	34400001	35400000	0	0
D07	35200001	36200000	0	0
D07	36000001	37000000	0	0
D07	36800001	37800000	0	0
D07	37600001	38600000	1	0
D07	38400001	39400000	0	0
D07	39200001	40200000	0	0
D07	40000001	41000000	0	0
D07	40800001	41800000	0	0
D07	41600001	42600000	0	0
D07	42400001	43400000	0	0
D07	43200001	44200000	0	1
D07	44000001	45000000	0	1
D07	44800001	45800000	0	0
D07	45600001	46600000	0	0
D07	46400001	47400000	0	0
D07	47200001	48200000	0	0
D07	48000001	49000000	0	0
D07	48800001	49800000	0	0
D07	49600001	50600000	0	0
D07	50400001	51400000	0	0
D07	51200001	52200000	1	0
D07	52000001	53000000	0	0
D07	52800001	53800000	0	0
D07	53600001	54600000	0	0
D07	54400001	55400000	0	0
D07	55200001	55312611	0	0
D08	1	1000000	0	3
D08	800001	1800000	0	4
D08	1600001	2600000	0	1
D08	2400001	3400000	0	1
D08	3200001	4200000	0	2
D08	4000001	5000000	0	1
D08	4800001	5800000	0	2
D08	5600001	6600000	0	0
D08	6400001	7400000	0	0
D08	7200001	8200000	0	1
D08	8000001	9000000	0	1
D08	8800001	9800000	0	0
D08	9600001	10600000	0	0
D08	10400001	11400000	0	0
D08	11200001	12200000	0	0
D08	12000001	13000000	0	1
D08	12800001	13800000	0	2
D08	13600001	14600000	0	0
D08	14400001	15400000	0	0
D08	15200001	16200000	0	0
D08	16000001	17000000	0	0
D08	16800001	17800000	0	0
D08	17600001	18600000	0	0
D08	18400001	19400000	0	0
D08	19200001	20200000	0	0
D08	20000001	21000000	0	1
D08	20800001	21800000	0	1
D08	21600001	22600000	0	0
D08	22400001	23400000	0	1
D08	23200001	24200000	0	0
D08	24000001	25000000	0	0
D08	24800001	25800000	0	0
D08	25600001	26600000	0	0
D08	26400001	27400000	0	0
D08	27200001	28200000	0	0
D08	28000001	29000000	0	0
D08	28800001	29800000	0	0
D08	29600001	30600000	0	0
D08	30400001	31400000	0	0
D08	31200001	32200000	0	0
D08	32000001	33000000	0	0
D08	32800001	33800000	0	0
D08	33600001	34600000	0	0
D08	34400001	35400000	0	0
D08	35200001	36200000	0	0
D08	36000001	37000000	0	0
D08	36800001	37800000	0	0
D08	37600001	38600000	0	0
D08	38400001	39400000	0	0
D08	39200001	40200000	0	0
D08	40000001	41000000	0	0
D08	40800001	41800000	0	0
D08	41600001	42600000	0	1
D08	42400001	43400000	0	0
D08	43200001	44200000	0	0
D08	44000001	45000000	0	1
D08	44800001	45800000	0	0
D08	45600001	46600000	0	0
D08	46400001	47400000	0	1
D08	47200001	48200000	0	0
D08	48000001	49000000	0	0
D08	48800001	49800000	0	2
D08	49600001	50600000	0	1
D08	50400001	51400000	0	0
D08	51200001	52200000	0	0
D08	52000001	53000000	0	0
D08	52800001	53800000	0	1
D08	53600001	54600000	0	2
D08	54400001	55400000	0	1
D08	55200001	56200000	0	1
D08	56000001	57000000	1	2
D08	56800001	57800000	1	1
D08	57600001	58600000	0	6
D08	58400001	59400000	0	0
D08	59200001	60200000	0	2
D08	60000001	61000000	0	0
D08	60800001	61800000	0	0
D08	61600001	62600000	0	1
D08	62400001	63400000	0	3
D08	63200001	64200000	0	1
D08	64000001	65000000	0	4
D08	64800001	65800000	0	5
D08	65600001	65894135	0	2
D09	1	1000000	0	2
D09	800001	1800000	0	0
D09	1600001	2600000	0	0
D09	2400001	3400000	0	0
D09	3200001	4200000	0	0
D09	4000001	5000000	0	0
D09	4800001	5800000	0	0
D09	5600001	6600000	0	0
D09	6400001	7400000	0	1
D09	7200001	8200000	0	0
D09	8000001	9000000	0	1
D09	8800001	9800000	0	1
D09	9600001	10600000	0	0
D09	10400001	11400000	0	0
D09	11200001	12200000	0	0
D09	12000001	13000000	0	0
D09	12800001	13800000	0	0
D09	13600001	14600000	0	0
D09	14400001	15400000	0	1
D09	15200001	16200000	0	2
D09	16000001	17000000	0	0
D09	16800001	17800000	0	2
D09	17600001	18600000	1	1
D09	18400001	19400000	1	0
D09	19200001	20200000	0	0
D09	20000001	21000000	0	0
D09	20800001	21800000	0	0
D09	21600001	22600000	0	0
D09	22400001	23400000	0	1
D09	23200001	24200000	0	4
D09	24000001	25000000	0	0
D09	24800001	25800000	0	0
D09	25600001	26600000	0	0
D09	26400001	27400000	0	0
D09	27200001	28200000	0	2
D09	28000001	29000000	0	0
D09	28800001	29800000	0	1
D09	29600001	30600000	0	1
D09	30400001	31400000	0	0
D09	31200001	32200000	0	2
D09	32000001	33000000	0	2
D09	32800001	33800000	0	1
D09	33600001	34600000	0	1
D09	34400001	35400000	0	2
D09	35200001	36200000	0	0
D09	36000001	37000000	0	0
D09	36800001	37800000	0	0
D09	37600001	38600000	0	0
D09	38400001	39400000	0	0
D09	39200001	40200000	0	1
D09	40000001	41000000	0	3
D09	40800001	41800000	0	1
D09	41600001	42600000	0	1
D09	42400001	43400000	0	0
D09	43200001	44200000	0	2
D09	44000001	45000000	0	0
D09	44800001	45800000	0	0
D09	45600001	46600000	0	1
D09	46400001	47400000	0	1
D09	47200001	48200000	0	2
D09	48000001	49000000	0	1
D09	48800001	49800000	0	2
D09	49600001	50600000	0	2
D09	50400001	50995436	1	2
D10	1	1000000	2	4
D10	800001	1800000	0	1
D10	1600001	2600000	0	2
D10	2400001	3400000	0	0
D10	3200001	4200000	0	0
D10	4000001	5000000	0	4
D10	4800001	5800000	0	4
D10	5600001	6600000	0	0
D10	6400001	7400000	0	0
D10	7200001	8200000	0	2
D10	8000001	9000000	0	2
D10	8800001	9800000	0	1
D10	9600001	10600000	0	0
D10	10400001	11400000	0	0
D10	11200001	12200000	0	0
D10	12000001	13000000	0	1
D10	12800001	13800000	0	0
D10	13600001	14600000	0	0
D10	14400001	15400000	0	1
D10	15200001	16200000	0	1
D10	16000001	17000000	0	0
D10	16800001	17800000	0	0
D10	17600001	18600000	0	0
D10	18400001	19400000	0	0
D10	19200001	20200000	0	0
D10	20000001	21000000	0	0
D10	20800001	21800000	0	0
D10	21600001	22600000	0	1
D10	22400001	23400000	0	0
D10	23200001	24200000	0	2
D10	24000001	25000000	0	2
D10	24800001	25800000	0	0
D10	25600001	26600000	0	0
D10	26400001	27400000	0	0
D10	27200001	28200000	0	0
D10	28000001	29000000	0	1
D10	28800001	29800000	0	0
D10	29600001	30600000	0	0
D10	30400001	31400000	0	0
D10	31200001	32200000	0	0
D10	32000001	33000000	0	0
D10	32800001	33800000	0	0
D10	33600001	34600000	0	0
D10	34400001	35400000	0	0
D10	35200001	36200000	0	0
D10	36000001	37000000	0	0
D10	36800001	37800000	0	0
D10	37600001	38600000	0	0
D10	38400001	39400000	0	1
D10	39200001	40200000	0	1
D10	40000001	41000000	0	0
D10	40800001	41800000	0	0
D10	41600001	42600000	0	1
D10	42400001	43400000	0	1
D10	43200001	44200000	0	1
D10	44000001	45000000	0	0
D10	44800001	45800000	0	3
D10	45600001	46600000	0	1
D10	46400001	47400000	0	2
D10	47200001	48200000	0	0
D10	48000001	49000000	0	0
D10	48800001	49800000	0	1
D10	49600001	50600000	0	2
D10	50400001	51400000	0	1
D10	51200001	52200000	0	1
D10	52000001	53000000	0	1
D10	52800001	53800000	0	0
D10	53600001	54600000	0	0
D10	54400001	55400000	0	0
D10	55200001	56200000	0	0
D10	56000001	57000000	0	1
D10	56800001	57800000	0	0
D10	57600001	58600000	0	0
D10	58400001	59400000	0	2
D10	59200001	60200000	0	1
D10	60000001	61000000	0	0
D10	60800001	61800000	0	0
D10	61600001	62600000	0	2
D10	62400001	63400000	0	2
D10	63200001	63374666	0	1
D11	1	1000000	0	0
D11	800001	1800000	0	2
D11	1600001	2600000	0	1
D11	2400001	3400000	0	2
D11	3200001	4200000	0	5
D11	4000001	5000000	0	4
D11	4800001	5800000	0	3
D11	5600001	6600000	0	3
D11	6400001	7400000	0	1
D11	7200001	8200000	0	2
D11	8000001	9000000	0	2
D11	8800001	9800000	0	1
D11	9600001	10600000	0	1
D11	10400001	11400000	0	0
D11	11200001	12200000	0	3
D11	12000001	13000000	1	1
D11	12800001	13800000	0	1
D11	13600001	14600000	0	1
D11	14400001	15400000	0	2
D11	15200001	16200000	0	1
D11	16000001	17000000	0	0
D11	16800001	17800000	0	0
D11	17600001	18600000	0	0
D11	18400001	19400000	0	0
D11	19200001	20200000	0	0
D11	20000001	21000000	0	1
D11	20800001	21800000	0	0
D11	21600001	22600000	0	2
D11	22400001	23400000	0	0
D11	23200001	24200000	0	0
D11	24000001	25000000	0	0
D11	24800001	25800000	0	0
D11	25600001	26600000	0	2
D11	26400001	27400000	0	1
D11	27200001	28200000	0	0
D11	28000001	29000000	0	1
D11	28800001	29800000	0	0
D11	29600001	30600000	0	0
D11	30400001	31400000	0	0
D11	31200001	32200000	0	0
D11	32000001	33000000	0	0
D11	32800001	33800000	0	0
D11	33600001	34600000	0	0
D11	34400001	35400000	0	0
D11	35200001	36200000	0	0
D11	36000001	37000000	0	0
D11	36800001	37800000	0	1
D11	37600001	38600000	0	0
D11	38400001	39400000	0	0
D11	39200001	40200000	0	0
D11	40000001	41000000	0	0
D11	40800001	41800000	0	0
D11	41600001	42600000	0	1
D11	42400001	43400000	0	1
D11	43200001	44200000	0	0
D11	44000001	45000000	0	2
D11	44800001	45800000	0	2
D11	45600001	46600000	0	0
D11	46400001	47400000	0	0
D11	47200001	48200000	0	1
D11	48000001	49000000	0	0
D11	48800001	49800000	0	0
D11	49600001	50600000	0	0
D11	50400001	51400000	0	0
D11	51200001	52200000	0	0
D11	52000001	53000000	0	0
D11	52800001	53800000	0	1
D11	53600001	54600000	0	0
D11	54400001	55400000	0	2
D11	55200001	56200000	0	3
D11	56000001	57000000	0	0
D11	56800001	57800000	0	0
D11	57600001	58600000	0	0
D11	58400001	59400000	0	1
D11	59200001	60200000	0	1
D11	60000001	61000000	0	0
D11	60800001	61800000	0	1
D11	61600001	62600000	0	2
D11	62400001	63400000	1	0
D11	63200001	64200000	0	1
D11	64000001	65000000	0	1
D11	64800001	65800000	0	5
D11	65600001	66087774	0	5
D12	1	1000000	0	2
D12	800001	1800000	0	0
D12	1600001	2600000	0	1
D12	2400001	3400000	0	0
D12	3200001	4200000	0	2
D12	4000001	5000000	0	0
D12	4800001	5800000	0	0
D12	5600001	6600000	0	1
D12	6400001	7400000	0	2
D12	7200001	8200000	0	1
D12	8000001	9000000	0	1
D12	8800001	9800000	0	0
D12	9600001	10600000	0	1
D12	10400001	11400000	0	0
D12	11200001	12200000	0	0
D12	12000001	13000000	0	0
D12	12800001	13800000	0	1
D12	13600001	14600000	0	0
D12	14400001	15400000	0	1
D12	15200001	16200000	0	0
D12	16000001	17000000	0	0
D12	16800001	17800000	0	0
D12	17600001	18600000	0	0
D12	18400001	19400000	0	0
D12	19200001	20200000	0	3
D12	20000001	21000000	0	0
D12	20800001	21800000	0	0
D12	21600001	22600000	0	0
D12	22400001	23400000	0	0
D12	23200001	24200000	0	1
D12	24000001	25000000	0	0
D12	24800001	25800000	0	1
D12	25600001	26600000	0	1
D12	26400001	27400000	0	0
D12	27200001	28200000	0	0
D12	28000001	29000000	0	0
D12	28800001	29800000	0	0
D12	29600001	30600000	0	0
D12	30400001	31400000	0	0
D12	31200001	32200000	0	0
D12	32000001	33000000	0	0
D12	32800001	33800000	0	0
D12	33600001	34600000	0	0
D12	34400001	35400000	0	4
D12	35200001	36200000	0	4
D12	36000001	37000000	0	0
D12	36800001	37800000	0	0
D12	37600001	38600000	0	0
D12	38400001	39400000	0	0
D12	39200001	40200000	0	0
D12	40000001	41000000	0	1
D12	40800001	41800000	0	2
D12	41600001	42600000	0	0
D12	42400001	43400000	0	0
D12	43200001	44200000	0	1
D12	44000001	45000000	0	0
D12	44800001	45800000	0	1
D12	45600001	46600000	0	1
D12	46400001	47400000	0	2
D12	47200001	48200000	0	1
D12	48000001	49000000	0	1
D12	48800001	49800000	0	0
D12	49600001	50600000	0	1
D12	50400001	51400000	0	1
D12	51200001	52200000	0	1
D12	52000001	53000000	0	0
D12	52800001	53800000	0	0
D12	53600001	54600000	0	2
D12	54400001	55400000	0	3
D12	55200001	56200000	0	5
D12	56000001	57000000	0	4
D12	56800001	57800000	0	5
D12	57600001	58600000	0	4
D12	58400001	59109837	0	4
D13	1	1000000	0	2
D13	800001	1800000	0	3
D13	1600001	2600000	0	2
D13	2400001	3400000	0	0
D13	3200001	4200000	0	0
D13	4000001	5000000	1	1
D13	4800001	5800000	0	2
D13	5600001	6600000	0	0
D13	6400001	7400000	0	0
D13	7200001	8200000	0	2
D13	8000001	9000000	0	0
D13	8800001	9800000	0	0
D13	9600001	10600000	0	0
D13	10400001	11400000	0	2
D13	11200001	12200000	0	2
D13	12000001	13000000	0	1
D13	12800001	13800000	0	0
D13	13600001	14600000	0	0
D13	14400001	15400000	0	0
D13	15200001	16200000	0	0
D13	16000001	17000000	0	0
D13	16800001	17800000	0	0
D13	17600001	18600000	0	0
D13	18400001	19400000	0	0
D13	19200001	20200000	1	0
D13	20000001	21000000	0	0
D13	20800001	21800000	0	0
D13	21600001	22600000	0	0
D13	22400001	23400000	0	0
D13	23200001	24200000	0	0
D13	24000001	25000000	0	0
D13	24800001	25800000	0	0
D13	25600001	26600000	0	0
D13	26400001	27400000	0	0
D13	27200001	28200000	0	0
D13	28000001	29000000	0	0
D13	28800001	29800000	0	0
D13	29600001	30600000	0	0
D13	30400001	31400000	0	0
D13	31200001	32200000	0	0
D13	32000001	33000000	0	0
D13	32800001	33800000	0	0
D13	33600001	34600000	0	0
D13	34400001	35400000	0	0
D13	35200001	36200000	1	1
D13	36000001	37000000	0	1
D13	36800001	37800000	0	0
D13	37600001	38600000	0	0
D13	38400001	39400000	0	0
D13	39200001	40200000	0	0
D13	40000001	41000000	0	0
D13	40800001	41800000	0	0
D13	41600001	42600000	0	0
D13	42400001	43400000	0	0
D13	43200001	44200000	0	1
D13	44000001	45000000	0	2
D13	44800001	45800000	0	1
D13	45600001	46600000	0	1
D13	46400001	47400000	0	2
D13	47200001	48200000	0	0
D13	48000001	49000000	0	0
D13	48800001	49800000	0	1
D13	49600001	50600000	0	1
D13	50400001	51400000	0	0
D13	51200001	52200000	0	2
D13	52000001	53000000	0	4
D13	52800001	53800000	1	5
D13	53600001	54600000	0	1
D13	54400001	55400000	0	0
D13	55200001	56200000	0	2
D13	56000001	57000000	0	0
D13	56800001	57800000	0	0
D13	57600001	58600000	0	0
D13	58400001	59400000	0	2
D13	59200001	60200000	0	1
D13	60000001	60534298	0	1
