A01	1	1000000	65.2174,34.7826
A01	800001	1800000	57.5758,42.4242
A01	1600001	2600000	73.5849,26.4151
A01	2400001	3400000	88.4615,11.5385
A01	3200001	4200000	90.7895,9.21053
A01	4000001	5000000	95.7983,4.20168
A01	4800001	5800000	96.3768,3.62319
A01	5600001	6600000	93.3333,6.66667
A01	6400001	7400000	91.1111,8.88889
A01	7200001	8200000	88.7755,11.2245
A01	8000001	9000000	91.0448,8.95522
A01	8800001	9800000	92.2535,7.74648
A01	9600001	10600000	91.3386,8.66142
A01	10400001	11400000	89.3443,10.6557
A01	11200001	12200000	87.7863,12.2137
A01	12000001	13000000	92.0792,7.92079
A01	12800001	13800000	91.5663,8.43373
A01	13600001	14600000	86.747,13.253
A01	14400001	15400000	89.781,10.219
A01	15200001	16200000	92.8571,7.14286
A01	16000001	17000000	94.8905,5.10949
A01	16800001	17800000	96.6667,3.33333
A01	17600001	18600000	95.3488,4.65116
A01	18400001	19400000	87.1795,12.8205
A01	19200001	20200000	94.2529,5.74713
A01	20000001	21000000	94.2149,5.78512
A01	20800001	21800000	91.3043,8.69565
A01	21600001	22600000	94.0299,5.97015
A01	22400001	23400000	96,4
A01	23200001	24200000	92.7835,7.21649
A01	24000001	25000000	97.4359,2.5641
A01	24800001	25800000	92.3077,7.69231
A01	25600001	26600000	90.1639,9.83607
A01	26400001	27400000	93,7
A01	27200001	28200000	96.875,3.125
A01	28000001	29000000	95.9184,4.08163
A01	28800001	29800000	95.7983,4.20168
A01	29600001	30600000	95.9184,4.08163
A01	30400001	31400000	97.1154,2.88462
A01	31200001	32200000	95.122,4.87805
A01	32000001	33000000	92.3664,7.63359
A01	32800001	33800000	92.4731,7.52688
A01	33600001	34600000	94.7368,5.26316
A01	34400001	35400000	98.8235,1.17647
A01	35200001	36200000	98.8889,1.11111
A01	36000001	37000000	97.5904,2.40964
A01	36800001	37800000	97.9167,2.08333
A01	37600001	38600000	98.2301,1.76991
A01	38400001	39400000	93.617,6.38298
A01	39200001	40200000	97.8022,2.1978
A01	40000001	41000000	95.6522,4.34783
A01	40800001	41800000	92.0455,7.95455
A01	41600001	42600000	93.75,6.25
A01	42400001	43400000	100,0
A01	43200001	44200000	96.4912,3.50877
A01	44000001	45000000	98.0952,1.90476
A01	44800001	45800000	96.6942,3.30579
A01	45600001	46600000	93.6842,6.31579
A01	46400001	47400000	98.1481,1.85185
A01	47200001	48200000	96.9388,3.06122
A01	48000001	49000000	97.1429,2.85714
A01	48800001	49800000	97.5,2.5
A01	49600001	50600000	97.0588,2.94118
A01	50400001	51400000	97.8495,2.15054
A01	51200001	52200000	96.3855,3.61446
A01	52000001	53000000	97.6744,2.32558
A01	52800001	53800000	99.1379,0.862069
A01	53600001	54600000	98.4615,1.53846
A01	54400001	55400000	98.3051,1.69492
A01	55200001	56200000	100,0
A01	56000001	57000000	98,2
A01	56800001	57800000	96.3415,3.65854
A01	57600001	58600000	99.115,0.884956
A01	58400001	59400000	97.1963,2.80374
A01	59200001	60200000	99.115,0.884956
A01	60000001	61000000	96.5517,3.44828
A01	60800001	61800000	95.8763,4.12371
A01	61600001	62600000	97.2477,2.75229
A01	62400001	63400000	96.2025,3.79747
A01	63200001	64200000	98.0198,1.9802
A01	64000001	65000000	99.1803,0.819672
A01	64800001	65800000	97.8022,2.1978
A01	65600001	66600000	95.2381,4.7619
A01	66400001	67400000	98.4848,1.51515
A01	67200001	68200000	95.4545,4.54545
A01	68000001	69000000	96.0938,3.90625
A01	68800001	69800000	97.6562,2.34375
A01	69600001	70600000	97.8022,2.1978
A01	70400001	71400000	95.7627,4.23729
A01	71200001	72200000	94.4,5.6
A01	72000001	73000000	95.614,4.38596
A01	72800001	73800000	95.8763,4.12371
A01	73600001	74600000	98.7179,1.28205
A01	74400001	75400000	97.0874,2.91262
A01	75200001	76200000	97.2973,2.7027
A01	76000001	77000000	98.6301,1.36986
A01	76800001	77800000	90.8163,9.18367
A01	77600001	78600000	93.75,6.25
A01	78400001	79400000	96.4286,3.57143
A01	79200001	80200000	94.898,5.10204
A01	80000001	81000000	92.5532,7.44681
A01	80800001	81800000	97.8723,2.12766
A01	81600001	82600000	92.7711,7.22892
A01	82400001	83400000	91.7526,8.24742
A01	83200001	84200000	97.9381,2.06186
A01	84000001	85000000	97.2973,2.7027
A01	84800001	85800000	95,5
A01	85600001	86600000	95.7265,4.2735
A01	86400001	87400000	92.1053,7.89474
A01	87200001	88200000	95.1456,4.85437
A01	88000001	89000000	91.2621,8.73786
A01	88800001	89800000	95.8621,4.13793
A01	89600001	90600000	90.3226,9.67742
A01	90400001	91400000	90,10
A01	91200001	92200000	91.8182,8.18182
A01	92000001	93000000	92.4242,7.57576
A01	92800001	93800000	89.4231,10.5769
A01	93600001	94600000	92.6471,7.35294
A01	94400001	95400000	86.8613,13.1387
A01	95200001	96200000	86.0215,13.9785
A01	96000001	97000000	93.1034,6.89655
A01	96800001	97800000	91.6667,8.33333
A01	97600001	98600000	86.2069,13.7931
A01	98400001	99400000	70.7692,29.2308
A01	99200001	99884700	78.5714,21.4286
A02	1	1000000	83.0189,16.9811
A02	800001	1800000	70.2128,29.7872
A02	1600001	2600000	90.9639,9.03614
A02	2400001	3400000	87.395,12.605
A02	3200001	4200000	72.093,27.907
A02	4000001	5000000	91.9048,8.09524
A02	4800001	5800000	93.1818,6.81818
A02	5600001	6600000	93.3702,6.62983
A02	6400001	7400000	93.4641,6.53595
A02	7200001	8200000	95,5
A02	8000001	9000000	92.5466,7.45342
A02	8800001	9800000	95.8549,4.14508
A02	9600001	10600000	95.8974,4.10256
A02	10400001	11400000	98.0892,1.91083
A02	11200001	12200000	98.6207,1.37931
A02	12000001	13000000	97.1429,2.85714
A02	12800001	13800000	94.964,5.03597
A02	13600001	14600000	97.0803,2.91971
A02	14400001	15400000	93.1677,6.8323
A02	15200001	16200000	95.3333,4.66667
A02	16000001	17000000	93.8931,6.10687
A02	16800001	17800000	96.6887,3.31126
A02	17600001	18600000	95.6835,4.31655
A02	18400001	19400000	90.4762,9.52381
A02	19200001	20200000	98.3051,1.69492
A02	20000001	21000000	98.2456,1.75439
A02	20800001	21800000	95.7265,4.2735
A02	21600001	22600000	98.2609,1.73913
A02	22400001	23400000	98.8372,1.16279
A02	23200001	24200000	99.2908,0.70922
A02	24000001	25000000	97.8723,2.12766
A02	24800001	25800000	97.6744,2.32558
A02	25600001	26600000	99.0566,0.943396
A02	26400001	27400000	94.5055,5.49451
A02	27200001	28200000	94.4444,5.55556
A02	28000001	29000000	98.2906,1.7094
A02	28800001	29800000	96.5116,3.48837
A02	29600001	30600000	99.0826,0.917431
A02	30400001	31400000	100,0
A02	31200001	32200000	97.3684,2.63158
A02	32000001	33000000	96.5278,3.47222
A02	32800001	33800000	98.0392,1.96078
A02	33600001	34600000	93.75,6.25
A02	34400001	35400000	94.2308,5.76923
A02	35200001	36200000	94.8052,5.19481
A02	36000001	37000000	100,0
A02	36800001	37800000	100,0
A02	37600001	38600000	98.4496,1.55039
A02	38400001	39400000	95.5224,4.47761
A02	39200001	40200000	97.0874,2.91262
A02	40000001	41000000	92.5926,7.40741
A02	40800001	41800000	94.7368,5.26316
A02	41600001	42600000	94.964,5.03597
A02	42400001	43400000	97.076,2.92398
A02	43200001	44200000	94.9153,5.08475
A02	44000001	45000000	97.8723,2.12766
A02	44800001	45800000	97.6562,2.34375
A02	45600001	46600000	99.2908,0.70922
A02	46400001	47400000	98.2456,1.75439
A02	47200001	48200000	95.2381,4.7619
A02	48000001	49000000	91.2621,8.73786
A02	48800001	49800000	95.9016,4.09836
A02	49600001	50600000	97.9167,2.08333
A02	50400001	51400000	97.8102,2.18978
A02	51200001	52200000	98.5507,1.44928
A02	52000001	53000000	97.1698,2.83019
A02	52800001	53800000	97.7612,2.23881
A02	53600001	54600000	96.0784,3.92157
A02	54400001	55400000	94.7826,5.21739
A02	55200001	56200000	94.8905,5.10949
A02	56000001	57000000	93.7063,6.29371
A02	56800001	57800000	97.3913,2.6087
A02	57600001	58600000	97.7444,2.25564
A02	58400001	59400000	97.8723,2.12766
A02	59200001	60200000	97.6923,2.30769
A02	60000001	61000000	98.7342,1.26582
A02	60800001	61800000	98.2609,1.73913
A02	61600001	62600000	96.4286,3.57143
A02	62400001	63400000	90.991,9.00901
A02	63200001	64200000	94.1176,5.88235
A02	64000001	65000000	96.6292,3.37079
A02	64800001	65800000	96.063,3.93701
A02	65600001	66600000	97.7941,2.20588
A02	66400001	67400000	97.6562,2.34375
A02	67200001	68200000	97.2973,2.7027
A02	68000001	69000000	97.1154,2.88462
A02	68800001	69800000	98.0645,1.93548
A02	69600001	70600000	100,0
A02	70400001	71400000	96.3235,3.67647
A02	71200001	72200000	95.092,4.90798
A02	72000001	73000000	98.6395,1.36054
A02	72800001	73800000	95.2703,4.72973
A02	73600001	74600000	96.5517,3.44828
A02	74400001	75400000	96.1538,3.84615
A02	75200001	76200000	94.5578,5.44218
A02	76000001	77000000	98.2143,1.78571
A02	76800001	77800000	96.7949,3.20513
A02	77600001	78600000	92.8058,7.19424
A02	78400001	79400000	89.4737,10.5263
A02	79200001	80200000	94.7712,5.22876
A02	80000001	81000000	90.5325,9.46746
A02	80800001	81800000	88.8889,11.1111
A02	81600001	82600000	87.7778,12.2222
A02	82400001	83400000	48,52
A02	83200001	83447906	100,0
A03	1	1000000	90.3614,9.63855
A03	800001	1800000	75.7895,24.2105
A03	1600001	2600000	68.2353,31.7647
A03	2400001	3400000	81.8182,18.1818
A03	3200001	4200000	83.9506,16.0494
A03	4000001	5000000	93.75,6.25
A03	4800001	5800000	96.4072,3.59281
A03	5600001	6600000	92.9936,7.00637
A03	6400001	7400000	94.3548,5.64516
A03	7200001	8200000	93.7888,6.21118
A03	8000001	9000000	94.5736,5.42636
A03	8800001	9800000	94.0397,5.96026
A03	9600001	10600000	95.6204,4.37956
A03	10400001	11400000	97.4359,2.5641
A03	11200001	12200000	97.2727,2.72727
A03	12000001	13000000	95.2,4.8
A03	12800001	13800000	96.0265,3.97351
A03	13600001	14600000	93.3735,6.62651
A03	14400001	15400000	97.006,2.99401
A03	15200001	16200000	98.2456,1.75439
A03	16000001	17000000	93.9394,6.06061
A03	16800001	17800000	96.8992,3.10078
A03	17600001	18600000	94.382,5.61798
A03	18400001	19400000	95.302,4.69799
A03	19200001	20200000	96.7213,3.27869
A03	20000001	21000000	98.2143,1.78571
A03	20800001	21800000	97.0588,2.94118
A03	21600001	22600000	94.5205,5.47945
A03	22400001	23400000	98.4733,1.52672
A03	23200001	24200000	98.0198,1.9802
A03	24000001	25000000	99.3103,0.689655
A03	24800001	25800000	98.4127,1.5873
A03	25600001	26600000	96.875,3.125
A03	26400001	27400000	95.9459,4.05405
A03	27200001	28200000	100,0
A03	28000001	29000000	97.2222,2.77778
A03	28800001	29800000	95.5056,4.49438
A03	29600001	30600000	99.0291,0.970874
A03	30400001	31400000	97.2222,2.77778
A03	31200001	32200000	100,0
A03	32000001	33000000	98.6301,1.36986
A03	32800001	33800000	100,0
A03	33600001	34600000	100,0
A03	34400001	35400000	99.2647,0.735294
A03	35200001	36200000	100,0
A03	36000001	37000000	97.8261,2.17391
A03	36800001	37800000	98.7805,1.21951
A03	37600001	38600000	97.5904,2.40964
A03	38400001	39400000	98.1982,1.8018
A03	39200001	40200000	99.2424,0.757576
A03	40000001	41000000	98.4733,1.52672
A03	40800001	41800000	97.5,2.5
A03	41600001	42600000	98.1132,1.88679
A03	42400001	43400000	98.6667,1.33333
A03	43200001	44200000	97.8947,2.10526
A03	44000001	45000000	98.3333,1.66667
A03	44800001	45800000	97.9021,2.0979
A03	45600001	46600000	99.2754,0.724638
A03	46400001	47400000	94.898,5.10204
A03	47200001	48200000	93.9759,6.0241
A03	48000001	49000000	96.4286,3.57143
A03	48800001	49800000	100,0
A03	49600001	50600000	97.3333,2.66667
A03	50400001	51400000	98.6667,1.33333
A03	51200001	52200000	96.8085,3.19149
A03	52000001	53000000	98.1481,1.85185
A03	52800001	53800000	98.7805,1.21951
A03	53600001	54600000	100,0
A03	54400001	55400000	95.3846,4.61538
A03	55200001	56200000	95.3488,4.65116
A03	56000001	57000000	93.617,6.38298
A03	56800001	57800000	94.6237,5.37634
A03	57600001	58600000	97.8495,2.15054
A03	58400001	59400000	99.1736,0.826446
A03	59200001	60200000	96.1165,3.8835
A03	60000001	61000000	97.1429,2.85714
A03	60800001	61800000	96.8,3.2
A03	61600001	62600000	89.0909,10.9091
A03	62400001	63400000	96.8421,3.15789
A03	63200001	64200000	95.5752,4.42478
A03	64000001	65000000	98.1982,1.8018
A03	64800001	65800000	98.1982,1.8018
A03	65600001	66600000	99.3007,0.699301
A03	66400001	67400000	97.2028,2.7972
A03	67200001	68200000	99.0385,0.961538
A03	68000001	69000000	92.8571,7.14286
A03	68800001	69800000	95.6989,4.30108
A03	69600001	70600000	95.7447,4.25532
A03	70400001	71400000	97.8947,2.10526
A03	71200001	72200000	98.3471,1.65289
A03	72000001	73000000	94.1176,5.88235
A03	72800001	73800000	86.2069,13.7931
A03	73600001	74600000	90,10
A03	74400001	75400000	91.0714,8.92857
A03	75200001	76200000	93.1818,6.81818
A03	76000001	77000000	96.2617,3.73832
A03	76800001	77800000	100,0
A03	77600001	78600000	94.7917,5.20833
A03	78400001	79400000	91.3043,8.69565
A03	79200001	80200000	95.3271,4.6729
A03	80000001	81000000	96.9697,3.0303
A03	80800001	81800000	87.2549,12.7451
A03	81600001	82600000	87.7049,12.2951
A03	82400001	83400000	94.7368,5.26316
A03	83200001	84200000	98.9583,1.04167
A03	84000001	85000000	97.9592,2.04082
A03	84800001	85800000	95.8333,4.16667
A03	85600001	86600000	93.2584,6.74157
A03	86400001	87400000	91.6667,8.33333
A03	87200001	88200000	97.9167,2.08333
A03	88000001	89000000	92.0635,7.93651
A03	88800001	89800000	93.6842,6.31579
A03	89600001	90600000	94,6
A03	90400001	91400000	90.4762,9.52381
A03	91200001	92200000	87.1429,12.8571
A03	92000001	93000000	84,16
A03	92800001	93800000	91.4286,8.57143
A03	93600001	94600000	84.2697,15.7303
A03	94400001	95400000	91.25,8.75
A03	95200001	96200000	87.619,12.381
A03	96000001	97000000	95.283,4.71698
A03	96800001	97800000	91.5789,8.42105
A03	97600001	98600000	93.913,6.08696
A03	98400001	99400000	72.549,27.451
A03	99200001	100200000	66.6667,33.3333
A03	100000001	100263045	90,10
A04	1	1000000	94.7368,5.26316
A04	800001	1800000	88.0952,11.9048
A04	1600001	2600000	91.2281,8.77193
A04	2400001	3400000	92.7632,7.23684
A04	3200001	4200000	96.2963,3.7037
A04	4000001	5000000	95.7265,4.2735
A04	4800001	5800000	95.122,4.87805
A04	5600001	6600000	94.5455,5.45455
A04	6400001	7400000	94.1176,5.88235
A04	7200001	8200000	95.7055,4.29448
A04	8000001	9000000	97.8378,2.16216
A04	8800001	9800000	97.7528,2.24719
A04	9600001	10600000	95.2703,4.72973
A04	10400001	11400000	95.5224,4.47761
A04	11200001	12200000	96.7949,3.20513
A04	12000001	13000000	97.0803,2.91971
A04	12800001	13800000	94.6429,5.35714
A04	13600001	14600000	97.4138,2.58621
A04	14400001	15400000	97.6923,2.30769
A04	15200001	16200000	98.1982,1.8018
A04	16000001	17000000	100,0
A04	16800001	17800000	98.0583,1.94175
A04	17600001	18600000	98.9691,1.03093
A04	18400001	19400000	98.0952,1.90476
A04	19200001	20200000	98.9247,1.07527
A04	20000001	21000000	98.2906,1.7094
A04	20800001	21800000	96.7033,3.2967
A04	21600001	22600000	99.0991,0.900901
A04	22400001	23400000	96.0526,3.94737
A04	23200001	24200000	99.0654,0.934579
A04	24000001	25000000	96.1538,3.84615
A04	24800001	25800000	94.6565,5.34351
A04	25600001	26600000	97.541,2.45902
A04	26400001	27400000	96.6667,3.33333
A04	27200001	28200000	97.561,2.43902
A04	28000001	29000000	97.9381,2.06186
A04	28800001	29800000	97.0588,2.94118
A04	29600001	30600000	99.2063,0.793651
A04	30400001	31400000	98,2
A04	31200001	32200000	97.3214,2.67857
A04	32000001	33000000	96.2264,3.77358
A04	32800001	33800000	97.3333,2.66667
A04	33600001	34600000	100,0
A04	34400001	35400000	100,0
A04	35200001	36200000	95.5224,4.47761
A04	36000001	37000000	97.7941,2.20588
A04	36800001	37800000	95.935,4.06504
A04	37600001	38600000	93.1373,6.86275
A04	38400001	39400000	95.5752,4.42478
A04	39200001	40200000	97.6923,2.30769
A04	40000001	41000000	96.2963,3.7037
A04	40800001	41800000	94.8148,5.18519
A04	41600001	42600000	98.0583,1.94175
A04	42400001	43400000	97.2727,2.72727
A04	43200001	44200000	94.1606,5.83942
A04	44000001	45000000	93.7888,6.21118
A04	44800001	45800000	96.875,3.125
A04	45600001	46600000	97.9021,2.0979
A04	46400001	47400000	99.5516,0.44843
A04	47200001	48200000	99.0909,0.909091
A04	48000001	49000000	98.6425,1.35747
A04	48800001	49800000	98.7342,1.26582
A04	49600001	50600000	97.9695,2.03046
A04	50400001	51400000	98.9247,1.07527
A04	51200001	52200000	98.8889,1.11111
A04	52000001	53000000	96.2963,3.7037
A04	52800001	53800000	96.7391,3.26087
A04	53600001	54600000	96.6667,3.33333
A04	54400001	55400000	98.7013,1.2987
A04	55200001	56200000	96.1353,3.86473
A04	56000001	57000000	98.2906,1.7094
A04	56800001	57800000	98.8636,1.13636
A04	57600001	58600000	98.2014,1.79856
A04	58400001	59400000	96.0976,3.90244
A04	59200001	60200000	88.1356,11.8644
A04	60000001	61000000	72.3404,27.6596
A04	60800001	61800000	82.5,17.5
A04	61600001	62600000	73.6842,26.3158
A04	62400001	62913772	60,40
A05	1	1000000	96.6292,3.37079
A05	800001	1800000	70.5882,29.4118
A05	1600001	2600000	69.0476,30.9524
A05	2400001	3400000	87.0968,12.9032
A05	3200001	4200000	86.9565,13.0435
A05	4000001	5000000	80.7692,19.2308
A05	4800001	5800000	81.8182,18.1818
A05	5600001	6600000	68,32
A05	6400001	7400000	86.0465,13.9535
A05	7200001	8200000	85.7143,14.2857
A05	8000001	9000000	59.4595,40.5405
A05	8800001	9800000	65.3061,34.6939
A05	9600001	10600000	74.4681,25.5319
A05	10400001	11400000	90.9091,9.09091
A05	11200001	12200000	83.3333,16.6667
A05	12000001	13000000	93.617,6.38298
A05	12800001	13800000	94.9367,5.06329
A05	13600001	14600000	82.6087,17.3913
A05	14400001	15400000	71.7391,28.2609
A05	15200001	16200000	77.551,22.449
A05	16000001	17000000	88.8889,11.1111
A05	16800001	17800000	93.1818,6.81818
A05	17600001	18600000	96.4912,3.50877
A05	18400001	19400000	83.3333,16.6667
A05	19200001	20200000	87.0968,12.9032
A05	20000001	21000000	91.129,8.87097
A05	20800001	21800000	92.6829,7.31707
A05	21600001	22600000	94.964,5.03597
A05	22400001	23400000	93.2886,6.71141
A05	23200001	24200000	94.7917,5.20833
A05	24000001	25000000	93.8272,6.17284
A05	24800001	25800000	89.9083,10.0917
A05	25600001	26600000	94.7712,5.22876
A05	26400001	27400000	90.678,9.32203
A05	27200001	28200000	90.5263,9.47368
A05	28000001	29000000	96.7568,3.24324
A05	28800001	29800000	96.7442,3.25581
A05	29600001	30600000	96.6292,3.37079
A05	30400001	31400000	96.1373,3.86266
A05	31200001	32200000	97.6608,2.33918
A05	32000001	33000000	87.2611,12.7389
A05	32800001	33800000	97.3214,2.67857
A05	33600001	34600000	96.319,3.68098
A05	34400001	35400000	94.4099,5.59006
A05	35200001	36200000	96.7105,3.28947
A05	36000001	37000000	93.2515,6.74847
A05	36800001	37800000	98.3333,1.66667
A05	37600001	38600000	95.1872,4.81283
A05	38400001	39400000	98,2
A05	39200001	40200000	97.6378,2.3622
A05	40000001	41000000	100,0
A05	40800001	41800000	97.3214,2.67857
A05	41600001	42600000	94.9153,5.08475
A05	42400001	43400000	97.2222,2.77778
A05	43200001	44200000	98.2609,1.73913
A05	44000001	45000000	98.2036,1.79641
A05	44800001	45800000	96.0317,3.96825
A05	45600001	46600000	93.5484,6.45161
A05	46400001	47400000	96.9466,3.05344
A05	47200001	48200000	95.8042,4.1958
A05	48000001	49000000	96.4602,3.53982
A05	48800001	49800000	97.9798,2.0202
A05	49600001	50600000	96.3636,3.63636
A05	50400001	51400000	99.3007,0.699301
A05	51200001	52200000	96.8,3.2
A05	52000001	53000000	98.4496,1.55039
A05	52800001	53800000	98.2609,1.73913
A05	53600001	54600000	98.6301,1.36986
A05	54400001	55400000	100,0
A05	55200001	56200000	95.4887,4.51128
A05	56000001	57000000	97.8261,2.17391
A05	56800001	57800000	96.5517,3.44828
A05	57600001	58600000	99.0654,0.934579
A05	58400001	59400000	96.1905,3.80952
A05	59200001	60200000	95.8333,4.16667
A05	60000001	61000000	98.9474,1.05263
A05	60800001	61800000	96.1957,3.80435
A05	61600001	62600000	96.9152,3.08483
A05	62400001	63400000	96.4286,3.57143
A05	63200001	64200000	98.5294,1.47059
A05	64000001	65000000	96.2617,3.73832
A05	64800001	65800000	96.5986,3.40136
A05	65600001	66600000	99.2481,0.75188
A05	66400001	67400000	99.0099,0.990099
A05	67200001	68200000	97.7778,2.22222
A05	68000001	69000000	98.913,1.08696
A05	68800001	69800000	99.0991,0.900901
A05	69600001	70600000	99.1228,0.877193
A05	70400001	71400000	98.8095,1.19048
A05	71200001	72200000	98.7805,1.21951
A05	72000001	73000000	97.561,2.43902
A05	72800001	73800000	97.3333,2.66667
A05	73600001	74600000	99.4737,0.526316
A05	74400001	75400000	99.5434,0.456621
A05	75200001	76200000	99.4595,0.540541
A05	76000001	77000000	100,0
A05	76800001	77800000	97.9592,2.04082
A05	77600001	78600000	98.1043,1.89573
A05	78400001	79400000	97.992,2.00803
A05	79200001	80200000	96.7273,3.27273
A05	80000001	81000000	96.5779,3.42205
A05	80800001	81800000	97.7876,2.21239
A05	81600001	82600000	98.0519,1.94805
A05	82400001	83400000	97.411,2.589
A05	83200001	84200000	99.5074,0.492611
A05	84000001	85000000	99.262,0.738007
A05	84800001	85800000	98.1273,1.87266
A05	85600001	86600000	97.9487,2.05128
A05	86400001	87400000	96.8182,3.18182
A05	87200001	88200000	93.6782,6.32184
A05	88000001	89000000	96.4789,3.52113
A05	88800001	89800000	97.561,2.43902
A05	89600001	90600000	97.2973,2.7027
A05	90400001	91400000	93.0233,6.97674
A05	91200001	92200000	91.4286,8.57143
A05	92000001	92047023	100,0
A06	1	1000000	80.3279,19.6721
A06	800001	1800000	83.7398,16.2602
A06	1600001	2600000	86.3248,13.6752
A06	2400001	3400000	81.5534,18.4466
A06	3200001	4200000	92.2535,7.74648
A06	4000001	5000000	94.7368,5.26316
A06	4800001	5800000	96.6667,3.33333
A06	5600001	6600000	96.0396,3.9604
A06	6400001	7400000	93.5829,6.41711
A06	7200001	8200000	94.8936,5.10638
A06	8000001	9000000	94.2623,5.7377
A06	8800001	9800000	92.7536,7.24638
A06	9600001	10600000	95.8333,4.16667
A06	10400001	11400000	92.0635,7.93651
A06	11200001	12200000	99.3789,0.621118
A06	12000001	13000000	99.4012,0.598802
A06	12800001	13800000	94.7826,5.21739
A06	13600001	14600000	93.1298,6.87023
A06	14400001	15400000	90.2174,9.78261
A06	15200001	16200000	97.8723,2.12766
A06	16000001	17000000	99.3711,0.628931
A06	16800001	17800000	97.6562,2.34375
A06	17600001	18600000	94.6746,5.32544
A06	18400001	19400000	95.0311,4.96894
A06	19200001	20200000	100,0
A06	20000001	21000000	97.2414,2.75862
A06	20800001	21800000	95.7831,4.21687
A06	21600001	22600000	95.3846,4.61538
A06	22400001	23400000	97.8261,2.17391
A06	23200001	24200000	95.3704,4.62963
A06	24000001	25000000	98.3193,1.68067
A06	24800001	25800000	99.1597,0.840336
A06	25600001	26600000	98.8095,1.19048
A06	26400001	27400000	97.1014,2.89855
A06	27200001	28200000	96.7105,3.28947
A06	28000001	29000000	98.6755,1.3245
A06	28800001	29800000	94.4444,5.55556
A06	29600001	30600000	95.1923,4.80769
A06	30400001	31400000	96.6887,3.31126
A06	31200001	32200000	98.125,1.875
A06	32000001	33000000	95.9732,4.02685
A06	32800001	33800000	92.4658,7.53425
A06	33600001	34600000	96.3855,3.61446
A06	34400001	35400000	99.1453,0.854701
A06	35200001	36200000	92.4812,7.5188
A06	36000001	37000000	97.4359,2.5641
A06	36800001	37800000	99.2701,0.729927
A06	37600001	38600000	97.1429,2.85714
A06	38400001	39400000	98.1982,1.8018
A06	39200001	40200000	98.7261,1.27389
A06	40000001	41000000	93.75,6.25
A06	40800001	41800000	96.9388,3.06122
A06	41600001	42600000	92.4242,7.57576
A06	42400001	43400000	94.2308,5.76923
A06	43200001	44200000	83.3333,16.6667
A06	44000001	45000000	90.6977,9.30233
A06	44800001	45800000	95.7143,4.28571
A06	45600001	46600000	95.122,4.87805
A06	46400001	47400000	96.8254,3.1746
A06	47200001	48200000	96.5812,3.4188
A06	48000001	49000000	99.2424,0.757576
A06	48800001	49800000	98.9796,1.02041
A06	49600001	50600000	96.4706,3.52941
A06	50400001	51400000	98.0952,1.90476
A06	51200001	52200000	98.4127,1.5873
A06	52000001	53000000	99.115,0.884956
A06	52800001	53800000	98.1481,1.85185
A06	53600001	54600000	97.4359,2.5641
A06	54400001	55400000	97.8261,2.17391
A06	55200001	56200000	95.6044,4.3956
A06	56000001	57000000	97.8261,2.17391
A06	56800001	57800000	94.2529,5.74713
A06	57600001	58600000	94.2308,5.76923
A06	58400001	59400000	92.0354,7.9646
A06	59200001	60200000	99.0291,0.970874
A06	60000001	61000000	95.7895,4.21053
A06	60800001	61800000	95.8333,4.16667
A06	61600001	62600000	94.1176,5.88235
A06	62400001	63400000	91.4894,8.51064
A06	63200001	64200000	91.5254,8.47458
A06	64000001	65000000	92.1053,7.89474
A06	64800001	65800000	96.0784,3.92157
A06	65600001	66600000	89.0625,10.9375
A06	66400001	67400000	90.566,9.43396
A06	67200001	68200000	82.5,17.5
A06	68000001	69000000	86.6667,13.3333
A06	68800001	69800000	92.5,7.5
A06	69600001	70600000	82.6087,17.3913
A06	70400001	71400000	86.6667,13.3333
A06	71200001	72200000	97.7778,2.22222
A06	72000001	73000000	94.8718,5.12821
A06	72800001	73800000	83.9286,16.0714
A06	73600001	74600000	72.7273,27.2727
A06	74400001	75400000	84.7458,15.2542
A06	75200001	76200000	98.1818,1.81818
A06	76000001	77000000	94,6
A06	76800001	77800000	93.75,6.25
A06	77600001	78600000	94.5455,5.45455
A06	78400001	79400000	89.4737,10.5263
A06	79200001	80200000	88.7097,11.2903
A06	80000001	81000000	97.619,2.38095
A06	80800001	81800000	95,5
A06	81600001	82600000	89.0909,10.9091
A06	82400001	83400000	87.5,12.5
A06	83200001	84200000	81.1321,18.8679
A06	84000001	85000000	83.3333,16.6667
A06	84800001	85800000	90.7407,9.25926
A06	85600001	86600000	94.4444,5.55556
A06	86400001	87400000	96.0396,3.9604
A06	87200001	88200000	82.6923,17.3077
A06	88000001	89000000	84.9315,15.0685
A06	88800001	89800000	85.4545,14.5455
A06	89600001	90600000	82.2581,17.7419
A06	90400001	91400000	80.8511,19.1489
A06	91200001	92200000	80.303,19.697
A06	92000001	93000000	81.6327,18.3673
A06	92800001	93800000	80,20
A06	93600001	94600000	76,24
A06	94400001	95400000	67.6923,32.3077
A06	95200001	96200000	76.7857,23.2143
A06	96000001	97000000	75.3846,24.6154
A06	96800001	97800000	80,20
A06	97600001	98600000	70.1149,29.8851
A06	98400001	99400000	71.0843,28.9157
A06	99200001	100200000	85,15
A06	100000001	101000000	72.3077,27.6923
A06	100800001	101800000	68.3333,31.6667
A06	101600001	102600000	67.6471,32.3529
A06	102400001	103170444	58.3333,41.6667
A07	1	1000000	87.156,12.844
A07	800001	1800000	61.7021,38.2979
A07	1600001	2600000	76.7442,23.2558
A07	2400001	3400000	87.6712,12.3288
A07	3200001	4200000	91.8605,8.13953
A07	4000001	5000000	76.6667,23.3333
A07	4800001	5800000	82.1429,17.8571
A07	5600001	6600000	88.1188,11.8812
A07	6400001	7400000	90.411,9.58904
A07	7200001	8200000	91.1765,8.82353
A07	8000001	9000000	89.8148,10.1852
A07	8800001	9800000	96.5986,3.40136
A07	9600001	10600000	94.898,5.10204
A07	10400001	11400000	96.7078,3.29218
A07	11200001	12200000	98.3696,1.63043
A07	12000001	13000000	96.8,3.2
A07	12800001	13800000	93.6364,6.36364
A07	13600001	14600000	95.2055,4.79452
A07	14400001	15400000	97.3485,2.65152
A07	15200001	16200000	96.7611,3.23887
A07	16000001	17000000	94.964,5.03597
A07	16800001	17800000	93.2331,6.76692
A07	17600001	18600000	93.5185,6.48148
A07	18400001	19400000	93.2515,6.74847
A07	19200001	20200000	94.9239,5.07614
A07	20000001	21000000	95.8824,4.11765
A07	20800001	21800000	92.7835,7.21649
A07	21600001	22600000	95.7576,4.24242
A07	22400001	23400000	95.0413,4.95868
A07	23200001	24200000	93.4343,6.56566
A07	24000001	25000000	97.6077,2.39234
A07	24800001	25800000	94.8718,5.12821
A07	25600001	26600000	95.4887,4.51128
A07	26400001	27400000	92.5,7.5
A07	27200001	28200000	97.2603,2.73973
A07	28000001	29000000	96.3855,3.61446
A07	28800001	29800000	93.3824,6.61765
A07	29600001	30600000	97.7778,2.22222
A07	30400001	31400000	97.6879,2.31214
A07	31200001	32200000	98.0645,1.93548
A07	32000001	33000000	96.9466,3.05344
A07	32800001	33800000	98.4962,1.50376
A07	33600001	34600000	97.541,2.45902
A07	34400001	35400000	99.115,0.884956
A07	35200001	36200000	98.4127,1.5873
A07	36000001	37000000	99.0476,0.952381
A07	36800001	37800000	99.2754,0.724638
A07	37600001	38600000	100,0
A07	38400001	39400000	97.7941,2.20588
A07	39200001	40200000	97.4684,2.53165
A07	40000001	41000000	97.1264,2.87356
A07	40800001	41800000	96.1957,3.80435
A07	41600001	42600000	97.2028,2.7972
A07	42400001	43400000	98.8764,1.1236
A07	43200001	44200000	96.6292,3.37079
A07	44000001	45000000	98.6207,1.37931
A07	44800001	45800000	97.8873,2.11268
A07	45600001	46600000	99.2593,0.740741
A07	46400001	47400000	96.2963,3.7037
A07	47200001	48200000	97.6562,2.34375
A07	48000001	49000000	97.0874,2.91262
A07	48800001	49800000	97.2603,2.73973
A07	49600001	50600000	96.9697,3.0303
A07	50400001	51400000	96.5517,3.44828
A07	51200001	52200000	96.4602,3.53982
A07	52000001	53000000	96.9231,3.07692
A07	52800001	53800000	95.8678,4.13223
A07	53600001	54600000	97.0874,2.91262
A07	54400001	55400000	96.0938,3.90625
A07	55200001	56200000	94.1606,5.83942
A07	56000001	57000000	95.7983,4.20168
A07	56800001	57800000	98.9474,1.05263
A07	57600001	58600000	97.8261,2.17391
A07	58400001	59400000	99.0991,0.900901
A07	59200001	60200000	98.6667,1.33333
A07	60000001	61000000	98.3471,1.65289
A07	60800001	61800000	98.3193,1.68067
A07	61600001	62600000	98.5185,1.48148
A07	62400001	63400000	94.3396,5.66038
A07	63200001	64200000	95.8333,4.16667
A07	64000001	65000000	96.748,3.25203
A07	64800001	65800000	95.6204,4.37956
A07	65600001	66600000	95.3642,4.63576
A07	66400001	67400000	95.5556,4.44444
A07	67200001	68200000	96.9388,3.06122
A07	68000001	69000000	96.6667,3.33333
A07	68800001	69800000	98.5222,1.47783
A07	69600001	70600000	95.935,4.06504
A07	70400001	71400000	95.8824,4.11765
A07	71200001	72200000	93.0769,6.92308
A07	72000001	73000000	90.6977,9.30233
A07	72800001	73800000	83.4951,16.5049
A07	73600001	74600000	93.038,6.96203
A07	74400001	75400000	88.4615,11.5385
A07	75200001	76200000	93.75,6.25
A07	76000001	77000000	89.2157,10.7843
A07	76800001	77800000	89.4231,10.5769
A07	77600001	78251018	89.4737,10.5263
A08	1	1000000	82.4561,17.5439
A08	800001	1800000	82.1918,17.8082
A08	1600001	2600000	86.8217,13.1783
A08	2400001	3400000	89.6226,10.3774
A08	3200001	4200000	82.9545,17.0455
A08	4000001	5000000	90,10
A08	4800001	5800000	88.8889,11.1111
A08	5600001	6600000	90.3704,9.62963
A08	6400001	7400000	93.0233,6.97674
A08	7200001	8200000	89.9329,10.0671
A08	8000001	9000000	94.3662,5.6338
A08	8800001	9800000	97.1631,2.83688
A08	9600001	10600000	95.122,4.87805
A08	10400001	11400000	92.9487,7.05128
A08	11200001	12200000	95.9184,4.08163
A08	12000001	13000000	97.0149,2.98507
A08	12800001	13800000	97.6608,2.33918
A08	13600001	14600000	98.3333,1.66667
A08	14400001	15400000	95.6522,4.34783
A08	15200001	16200000	90,10
A08	16000001	17000000	98.4,1.6
A08	16800001	17800000	97.6636,2.33645
A08	17600001	18600000	97.6744,2.32558
A08	18400001	19400000	97.8142,2.18579
A08	19200001	20200000	98.6486,1.35135
A08	20000001	21000000	98.374,1.62602
A08	20800001	21800000	96.2406,3.7594
A08	21600001	22600000	97.1154,2.88462
A08	22400001	23400000	100,0
A08	23200001	24200000	100,0
A08	24000001	25000000	98.2906,1.7094
A08	24800001	25800000	99.1304,0.869565
A08	25600001	26600000	99.1228,0.877193
A08	26400001	27400000	98.9247,1.07527
A08	27200001	28200000	95.3271,4.6729
A08	28000001	29000000	96.7033,3.2967
A08	28800001	29800000	95.9596,4.0404
A08	29600001	30600000	97.0588,2.94118
A08	30400001	31400000	98.6667,1.33333
A08	31200001	32200000	93.2203,6.77966
A08	32000001	33000000	97.8022,2.1978
A08	32800001	33800000	99.0385,0.961538
A08	33600001	34600000	93.8272,6.17284
A08	34400001	35400000	98.2906,1.7094
A08	35200001	36200000	98.4848,1.51515
A08	36000001	37000000	97.5806,2.41935
A08	36800001	37800000	97.8947,2.10526
A08	37600001	38600000	100,0
A08	38400001	39400000	98.0392,1.96078
A08	39200001	40200000	99.1453,0.854701
A08	40000001	41000000	98.0583,1.94175
A08	40800001	41800000	98.0583,1.94175
A08	41600001	42600000	96.3636,3.63636
A08	42400001	43400000	97.0874,2.91262
A08	43200001	44200000	93.9394,6.06061
A08	44000001	45000000	97.2222,2.77778
A08	44800001	45800000	94.5946,5.40541
A08	45600001	46600000	97.4359,2.5641
A08	46400001	47400000	100,0
A08	47200001	48200000	97.7273,2.27273
A08	48000001	49000000	96.7742,3.22581
A08	48800001	49800000	98.2456,1.75439
A08	49600001	50600000	98.1481,1.85185
A08	50400001	51400000	98.6486,1.35135
A08	51200001	52200000	100,0
A08	52000001	53000000	99.1228,0.877193
A08	52800001	53800000	100,0
A08	53600001	54600000	97.9592,2.04082
A08	54400001	55400000	100,0
A08	55200001	56200000	100,0
A08	56000001	57000000	98.9362,1.06383
A08	56800001	57800000	98.1132,1.88679
A08	57600001	58600000	97.561,2.43902
A08	58400001	59400000	98,2
A08	59200001	60200000	97.4576,2.54237
A08	60000001	61000000	95.4955,4.5045
A08	60800001	61800000	96.1538,3.84615
A08	61600001	62600000	98.1308,1.86916
A08	62400001	63400000	97.0874,2.91262
A08	63200001	64200000	96.0784,3.92157
A08	64000001	65000000	100,0
A08	64800001	65800000	96.0317,3.96825
A08	65600001	66600000	97.5309,2.46914
A08	66400001	67400000	97.7778,2.22222
A08	67200001	68200000	98.4848,1.51515
A08	68000001	69000000	98.3607,1.63934
A08	68800001	69800000	99.187,0.813008
A08	69600001	70600000	97.2222,2.77778
A08	70400001	71400000	97.8723,2.12766
A08	71200001	72200000	96.6292,3.37079
A08	72000001	73000000	98.8235,1.17647
A08	72800001	73800000	99.2063,0.793651
A08	73600001	74600000	100,0
A08	74400001	75400000	100,0
A08	75200001	76200000	99.1736,0.826446
A08	76000001	77000000	98.6667,1.33333
A08	76800001	77800000	95.5882,4.41176
A08	77600001	78600000	95.9677,4.03226
A08	78400001	79400000	96.3235,3.67647
A08	79200001	80200000	95.7746,4.22535
A08	80000001	81000000	92.3977,7.60234
A08	80800001	81800000	93.2927,6.70732
A08	81600001	82600000	95.122,4.87805
A08	82400001	83400000	95.5414,4.4586
A08	83200001	84200000	95.1724,4.82759
A08	84000001	85000000	94.7977,5.20231
A08	84800001	85800000	94.6903,5.30973
A08	85600001	86600000	95.3642,4.63576
A08	86400001	87400000	96.8153,3.18471
A08	87200001	88200000	97.7612,2.23881
A08	88000001	89000000	95.2703,4.72973
A08	88800001	89800000	97.1223,2.8777
A08	89600001	90600000	90.2778,9.72222
A08	90400001	91400000	95.2,4.8
A08	91200001	92200000	97.4093,2.59067
A08	92000001	93000000	93.6306,6.36943
A08	92800001	93800000	94.2308,5.76923
A08	93600001	94600000	92.9577,7.04225
A08	94400001	95400000	96.5517,3.44828
A08	95200001	96200000	87.8788,12.1212
A08	96000001	97000000	80.5085,19.4915
A08	96800001	97800000	94.1176,5.88235
A08	97600001	98600000	90.2174,9.78261
A08	98400001	99400000	89.1892,10.8108
A08	99200001	100200000	85.2941,14.7059
A08	100000001	101000000	91.4634,8.53659
A08	100800001	101800000	77.7778,22.2222
A08	101600001	102600000	48.2759,51.7241
A08	102400001	103400000	58.8235,41.1765
A08	103200001	103626341	92.7273,7.27273
A09	1	1000000	83.1325,16.8675
A09	800001	1800000	92.233,7.76699
A09	1600001	2600000	93.0435,6.95652
A09	2400001	3400000	94.9495,5.05051
A09	3200001	4200000	91.6667,8.33333
A09	4000001	5000000	84.4444,15.5556
A09	4800001	5800000	84,16
A09	5600001	6600000	76.4706,23.5294
A09	6400001	7400000	77.4648,22.5352
A09	7200001	8200000	75.5102,24.4898
A09	8000001	9000000	45.7143,54.2857
A09	8800001	9800000	73.1707,26.8293
A09	9600001	10600000	65.2174,34.7826
A09	10400001	11400000	71.2329,28.7671
A09	11200001	12200000	46.6667,53.3333
A09	12000001	13000000	90.566,9.43396
A09	12800001	13800000	95.1613,4.83871
A09	13600001	14600000	91.791,8.20896
A09	14400001	15400000	93.3884,6.61157
A09	15200001	16200000	93.1034,6.89655
A09	16000001	17000000	95.3125,4.6875
A09	16800001	17800000	96.6667,3.33333
A09	17600001	18600000	98.2906,1.7094
A09	18400001	19400000	97.4359,2.5641
A09	19200001	20200000	92.5,7.5
A09	20000001	21000000	89.0909,10.9091
A09	20800001	21800000	91.4894,8.51064
A09	21600001	22600000	89.5833,10.4167
A09	22400001	23400000	93.75,6.25
A09	23200001	24200000	92.8571,7.14286
A09	24000001	25000000	90.2778,9.72222
A09	24800001	25800000	95,5
A09	25600001	26600000	96.3855,3.61446
A09	26400001	27400000	100,0
A09	27200001	28200000	98.4252,1.5748
A09	28000001	29000000	97.2222,2.77778
A09	28800001	29800000	93.4211,6.57895
A09	29600001	30600000	94.4444,5.55556
A09	30400001	31400000	92.2222,7.77778
A09	31200001	32200000	95.098,4.90196
A09	32000001	33000000	96.7213,3.27869
A09	32800001	33800000	93.8272,6.17284
A09	33600001	34600000	96.9697,3.0303
A09	34400001	35400000	93.5897,6.41026
A09	35200001	36200000	97.561,2.43902
A09	36000001	37000000	94.4444,5.55556
A09	36800001	37800000	84.058,15.942
A09	37600001	38600000	88.0952,11.9048
A09	38400001	39400000	91.3462,8.65385
A09	39200001	40200000	94.5652,5.43478
A09	40000001	41000000	96.8992,3.10078
A09	40800001	41800000	87.0588,12.9412
A09	41600001	42600000	94.1176,5.88235
A09	42400001	43400000	86.1538,13.8462
A09	43200001	44200000	92.7083,7.29167
A09	44000001	45000000	100,0
A09	44800001	45800000	95.2381,4.7619
A09	45600001	46600000	94.4954,5.50459
A09	46400001	47400000	87.7551,12.2449
A09	47200001	48200000	92.7273,7.27273
A09	48000001	49000000	83.3333,16.6667
A09	48800001	49800000	89.8305,10.1695
A09	49600001	50600000	91.6667,8.33333
A09	50400001	51400000	85.7143,14.2857
A09	51200001	52200000	85.9813,14.0187
A09	52000001	53000000	83.7838,16.2162
A09	52800001	53800000	89.1566,10.8434
A09	53600001	54600000	84.9462,15.0538
A09	54400001	55400000	75.4098,24.5902
A09	55200001	56200000	79.5455,20.4545
A09	56000001	57000000	71.4286,28.5714
A09	56800001	57800000	85.5263,14.4737
A09	57600001	58600000	82.8947,17.1053
A09	58400001	59400000	91.0448,8.95522
A09	59200001	60200000	85.4839,14.5161
A09	60000001	61000000	79.7297,20.2703
A09	60800001	61800000	87.0588,12.9412
A09	61600001	62600000	71.25,28.75
A09	62400001	63400000	76.0563,23.9437
A09	63200001	64200000	76.1194,23.8806
A09	64000001	65000000	82.3529,17.6471
A09	64800001	65800000	83.0769,16.9231
A09	65600001	66600000	80.7229,19.2771
A09	66400001	67400000	77.2152,22.7848
A09	67200001	68200000	55.5556,44.4444
A09	68000001	69000000	71.1111,28.8889
A09	68800001	69800000	57.1429,42.8571
A09	69600001	70600000	30.7692,69.2308
A09	70400001	71400000	56.8182,43.1818
A09	71200001	72200000	77.7778,22.2222
A09	72000001	73000000	45.8333,54.1667
A09	72800001	73800000	53.3333,46.6667
A09	73600001	74600000	20.8333,79.1667
A09	74400001	74999931	10.5263,89.4737
A10	1	1000000	75,25
A10	800001	1800000	92.3077,7.69231
A10	1600001	2600000	58.3333,41.6667
A10	2400001	3400000	74.0741,25.9259
A10	3200001	4200000	88.5714,11.4286
A10	4000001	5000000	85.1064,14.8936
A10	4800001	5800000	89.2157,10.7843
A10	5600001	6600000	93.0769,6.92308
A10	6400001	7400000	93.5484,6.45161
A10	7200001	8200000	94.6429,5.35714
A10	8000001	9000000	95.8333,4.16667
A10	8800001	9800000	98.1366,1.86335
A10	9600001	10600000	95.5556,4.44444
A10	10400001	11400000	96.5986,3.40136
A10	11200001	12200000	88.1481,11.8519
A10	12000001	13000000	88.6598,11.3402
A10	12800001	13800000	96.9925,3.00752
A10	13600001	14600000	96.9231,3.07692
A10	14400001	15400000	98.4848,1.51515
A10	15200001	16200000	93.1298,6.87023
A10	16000001	17000000	94.4444,5.55556
A10	16800001	17800000	96.2963,3.7037
A10	17600001	18600000	95.2381,4.7619
A10	18400001	19400000	91.3907,8.60927
A10	19200001	20200000	97.7273,2.27273
A10	20000001	21000000	98.3471,1.65289
A10	20800001	21800000	95.1389,4.86111
A10	21600001	22600000	95.6897,4.31034
A10	22400001	23400000	97.1154,2.88462
A10	23200001	24200000	94.7368,5.26316
A10	24000001	25000000	95.2941,4.70588
A10	24800001	25800000	97.8723,2.12766
A10	25600001	26600000	96.9388,3.06122
A10	26400001	27400000	94.7917,5.20833
A10	27200001	28200000	98.1132,1.88679
A10	28000001	29000000	94.5578,5.44218
A10	28800001	29800000	96.8085,3.19149
A10	29600001	30600000	96.2264,3.77358
A10	30400001	31400000	97.8022,2.1978
A10	31200001	32200000	97.1831,2.8169
A10	32000001	33000000	97.4138,2.58621
A10	32800001	33800000	96.3636,3.63636
A10	33600001	34600000	99.0291,0.970874
A10	34400001	35400000	95.5556,4.44444
A10	35200001	36200000	97.1429,2.85714
A10	36000001	37000000	96.2025,3.79747
A10	36800001	37800000	100,0
A10	37600001	38600000	98.6667,1.33333
A10	38400001	39400000	99.1228,0.877193
A10	39200001	40200000	97.4026,2.5974
A10	40000001	41000000	95.3125,4.6875
A10	40800001	41800000	92,8
A10	41600001	42600000	96.3855,3.61446
A10	42400001	43400000	95.9184,4.08163
A10	43200001	44200000	97.561,2.43902
A10	44000001	45000000	97.7528,2.24719
A10	44800001	45800000	97.1154,2.88462
A10	45600001	46600000	97.1831,2.8169
A10	46400001	47400000	93.75,6.25
A10	47200001	48200000	95.122,4.87805
A10	48000001	49000000	96.9072,3.09278
A10	48800001	49800000	97.7273,2.27273
A10	49600001	50600000	89.0909,10.9091
A10	50400001	51400000	90.9091,9.09091
A10	51200001	52200000	84.4444,15.5556
A10	52000001	53000000	93.1507,6.84932
A10	52800001	53800000	98.5915,1.40845
A10	53600001	54600000	80,20
A10	54400001	55400000	83.6364,16.3636
A10	55200001	56200000	80,20
A10	56000001	57000000	88.5246,11.4754
A10	56800001	57800000	74.6835,25.3165
A10	57600001	58600000	79.4118,20.5882
A10	58400001	59400000	90.7692,9.23077
A10	59200001	60200000	83.5616,16.4384
A10	60000001	61000000	78.125,21.875
A10	60800001	61800000	91.25,8.75
A10	61600001	62600000	82.1429,17.8571
A10	62400001	63400000	77.193,22.807
A10	63200001	64200000	89.6104,10.3896
A10	64000001	65000000	86.5672,13.4328
A10	64800001	65800000	85.7143,14.2857
A10	65600001	66600000	83.1325,16.8675
A10	66400001	67400000	84.1463,15.8537
A10	67200001	68200000	84.8485,15.1515
A10	68000001	69000000	90.4762,9.52381
A10	68800001	69800000	83.7209,16.2791
A10	69600001	70600000	84.9057,15.0943
A10	70400001	71400000	93.3333,6.66667
A10	71200001	72200000	74.6269,25.3731
A10	72000001	73000000	89.0909,10.9091
A10	72800001	73800000	97.619,2.38095
A10	73600001	74600000	88,12
A10	74400001	75400000	91.3043,8.69565
A10	75200001	76200000	79.661,20.339
A10	76000001	77000000	78.6517,21.3483
A10	76800001	77800000	82.8125,17.1875
A10	77600001	78600000	81.0345,18.9655
A10	78400001	79400000	80.6452,19.3548
A10	79200001	80200000	81.8182,18.1818
A10	80000001	81000000	83.0986,16.9014
A10	80800001	81800000	74.1379,25.8621
A10	81600001	82600000	75.9036,24.0964
A10	82400001	83400000	89.1566,10.8434
A10	83200001	84200000	83.0189,16.9811
A10	84000001	85000000	85.2941,14.7059
A10	84800001	85800000	79.4521,20.5479
A10	85600001	86600000	72.7273,27.2727
A10	86400001	87400000	77.9221,22.0779
A10	87200001	88200000	79.2208,20.7792
A10	88000001	89000000	83,17
A10	88800001	89800000	93.4066,6.59341
A10	89600001	90600000	87.5,12.5
A10	90400001	91400000	71.6981,28.3019
A10	91200001	92200000	85.4545,14.5455
A10	92000001	93000000	86.0465,13.9535
A10	92800001	93800000	73.6842,26.3158
A10	93600001	94600000	74.6835,25.3165
A10	94400001	95400000	78.3784,21.6216
A10	95200001	96200000	81.3333,18.6667
A10	96000001	97000000	83.3333,16.6667
A10	96800001	97800000	72.8571,27.1429
A10	97600001	98600000	73.5294,26.4706
A10	98400001	99400000	77.2152,22.7848
A10	99200001	100200000	62.7119,37.2881
A10	100000001	101000000	66,34
A11	1	1000000	89.4118,10.5882
A11	800001	1800000	94.7368,5.26316
A11	1600001	2600000	61.9048,38.0952
A11	2400001	3400000	57.5758,42.4242
A11	3200001	4200000	82.2222,17.7778
A11	4000001	5000000	88.4615,11.5385
A11	4800001	5800000	84.375,15.625
A11	5600001	6600000	70.5882,29.4118
A11	6400001	7400000	89.1892,10.8108
A11	7200001	8200000	91.1111,8.88889
A11	8000001	9000000	87.5,12.5
A11	8800001	9800000	91.954,8.04598
A11	9600001	10600000	89,11
A11	10400001	11400000	93.1507,6.84932
A11	11200001	12200000	93.1034,6.89655
A11	12000001	13000000	91.8367,8.16327
A11	12800001	13800000	93.2584,6.74157
A11	13600001	14600000	94.6809,5.31915
A11	14400001	15400000	87.5,12.5
A11	15200001	16200000	85,15
A11	16000001	17000000	89.3443,10.6557
A11	16800001	17800000	87.1287,12.8713
A11	17600001	18600000	91.8367,8.16327
A11	18400001	19400000	92.8571,7.14286
A11	19200001	20200000	91.9708,8.0292
A11	20000001	21000000	91.5094,8.49057
A11	20800001	21800000	92.1986,7.80142
A11	21600001	22600000	91.8367,8.16327
A11	22400001	23400000	92.4242,7.57576
A11	23200001	24200000	89.8438,10.1562
A11	24000001	25000000	91.0345,8.96552
A11	24800001	25800000	94.3089,5.69106
A11	25600001	26600000	94.8148,5.18519
A11	26400001	27400000	93.75,6.25
A11	27200001	28200000	92.562,7.43802
A11	28000001	29000000	97.1429,2.85714
A11	28800001	29800000	96.2963,3.7037
A11	29600001	30600000	93.5484,6.45161
A11	30400001	31400000	92.7536,7.24638
A11	31200001	32200000	89.7436,10.2564
A11	32000001	33000000	95.1456,4.85437
A11	32800001	33800000	98.1132,1.88679
A11	33600001	34600000	96.3415,3.65854
A11	34400001	35400000	94.3182,5.68182
A11	35200001	36200000	91.358,8.64198
A11	36000001	37000000	96.9072,3.09278
A11	36800001	37800000	97.8947,2.10526
A11	37600001	38600000	96.5909,3.40909
A11	38400001	39400000	96,4
A11	39200001	40200000	95.5224,4.47761
A11	40000001	41000000	97,3
A11	40800001	41800000	96.7033,3.2967
A11	41600001	42600000	91.5493,8.4507
A11	42400001	43400000	92.126,7.87402
A11	43200001	44200000	100,0
A11	44000001	45000000	91.358,8.64198
A11	44800001	45800000	96.0526,3.94737
A11	45600001	46600000	98.1982,1.8018
A11	46400001	47400000	90.8046,9.1954
A11	47200001	48200000	95.122,4.87805
A11	48000001	49000000	98.2143,1.78571
A11	48800001	49800000	95.7627,4.23729
A11	49600001	50600000	92.3913,7.6087
A11	50400001	51400000	96.1905,3.80952
A11	51200001	52200000	90.5512,9.44882
A11	52000001	53000000	88.3333,11.6667
A11	52800001	53800000	92.9293,7.07071
A11	53600001	54600000	96.4286,3.57143
A11	54400001	55400000	96.0526,3.94737
A11	55200001	56200000	95.9596,4.0404
A11	56000001	57000000	93.75,6.25
A11	56800001	57800000	92.7083,7.29167
A11	57600001	58600000	98.9691,1.03093
A11	58400001	59400000	94.3182,5.68182
A11	59200001	60200000	95.1456,4.85437
A11	60000001	61000000	97.6744,2.32558
A11	60800001	61800000	97.7612,2.23881
A11	61600001	62600000	93.4579,6.54206
A11	62400001	63400000	92.4138,7.58621
A11	63200001	64200000	93.8462,6.15385
A11	64000001	65000000	90.8257,9.17431
A11	64800001	65800000	96.4912,3.50877
A11	65600001	66600000	97.0874,2.91262
A11	66400001	67400000	97.2477,2.75229
A11	67200001	68200000	96,4
A11	68000001	69000000	97.8873,2.11268
A11	68800001	69800000	99.2481,0.75188
A11	69600001	70600000	98.2456,1.75439
A11	70400001	71400000	98.6111,1.38889
A11	71200001	72200000	99.2,0.8
A11	72000001	73000000	96.6942,3.30579
A11	72800001	73800000	96.3636,3.63636
A11	73600001	74600000	94.1748,5.82524
A11	74400001	75400000	99,1
A11	75200001	76200000	99.0196,0.980392
A11	76000001	77000000	95.8678,4.13223
A11	76800001	77800000	96.2121,3.78788
A11	77600001	78600000	96.1538,3.84615
A11	78400001	79400000	92.1429,7.85714
A11	79200001	80200000	92.7536,7.24638
A11	80000001	81000000	95.3125,4.6875
A11	80800001	81800000	91.8519,8.14815
A11	81600001	82600000	89.2086,10.7914
A11	82400001	83400000	84.6154,15.3846
A11	83200001	84200000	85.8586,14.1414
A11	84000001	85000000	87.7049,12.2951
A11	84800001	85800000	91.6031,8.39695
A11	85600001	86600000	97.3684,2.63158
A11	86400001	87400000	98.8166,1.18343
A11	87200001	88200000	96.6667,3.33333
A11	88000001	89000000	86.3636,13.6364
A11	88800001	89800000	94.3396,5.66038
A11	89600001	90600000	86.3248,13.6752
A11	90400001	91400000	90,10
A11	91200001	92200000	89.5652,10.4348
A11	92000001	93000000	89.5238,10.4762
A11	92800001	93316192	61.5385,38.4615
A12	1	1000000	86.9159,13.0841
A12	800001	1800000	92.6316,7.36842
A12	1600001	2600000	90.3226,9.67742
A12	2400001	3400000	90.991,9.00901
A12	3200001	4200000	96.6443,3.3557
A12	4000001	5000000	94.1489,5.85106
A12	4800001	5800000	96.8586,3.14136
A12	5600001	6600000	97.2973,2.7027
A12	6400001	7400000	91.9118,8.08824
A12	7200001	8200000	92.7632,7.23684
A12	8000001	9000000	88.5714,11.4286
A12	8800001	9800000	93.4641,6.53595
A12	9600001	10600000	89.6907,10.3093
A12	10400001	11400000	97.9866,2.01342
A12	11200001	12200000	98.3607,1.63934
A12	12000001	13000000	96.1749,3.82514
A12	12800001	13800000	94.4099,5.59006
A12	13600001	14600000	97.2414,2.75862
A12	14400001	15400000	94.2675,5.73248
A12	15200001	16200000	93.2331,6.76692
A12	16000001	17000000	96.4539,3.5461
A12	16800001	17800000	94.7368,5.26316
A12	17600001	18600000	98.773,1.22699
A12	18400001	19400000	98.8304,1.16959
A12	19200001	20200000	97.9021,2.0979
A12	20000001	21000000	97.2678,2.73224
A12	20800001	21800000	98.913,1.08696
A12	21600001	22600000	97.0149,2.98507
A12	22400001	23400000	98.1818,1.81818
A12	23200001	24200000	95.1613,4.83871
A12	24000001	25000000	96.1905,3.80952
A12	24800001	25800000	100,0
A12	25600001	26600000	95.8333,4.16667
A12	26400001	27400000	96.6387,3.36134
A12	27200001	28200000	98.5507,1.44928
A12	28000001	29000000	99.187,0.813008
A12	28800001	29800000	98.2759,1.72414
A12	29600001	30600000	96.5986,3.40136
A12	30400001	31400000	98.6301,1.36986
A12	31200001	32200000	98.7654,1.23457
A12	32000001	33000000	97.2727,2.72727
A12	32800001	33800000	97.3214,2.67857
A12	33600001	34600000	95.283,4.71698
A12	34400001	35400000	96.4706,3.52941
A12	35200001	36200000	98.6301,1.36986
A12	36000001	37000000	97.4359,2.5641
A12	36800001	37800000	98.9247,1.07527
A12	37600001	38600000	97.6,2.4
A12	38400001	39400000	98.3051,1.69492
A12	39200001	40200000	95.935,4.06504
A12	40000001	41000000	95.6044,4.3956
A12	40800001	41800000	95.8333,4.16667
A12	41600001	42600000	96.6667,3.33333
A12	42400001	43400000	97.9798,2.0202
A12	43200001	44200000	98.1308,1.86916
A12	44000001	45000000	98.2143,1.78571
A12	44800001	45800000	97.9167,2.08333
A12	45600001	46600000	97.7273,2.27273
A12	46400001	47400000	96.7033,3.2967
A12	47200001	48200000	95.3488,4.65116
A12	48000001	49000000	97.9592,2.04082
A12	48800001	49800000	98.5075,1.49254
A12	49600001	50600000	98.7805,1.21951
A12	50400001	51400000	98.0263,1.97368
A12	51200001	52200000	97.8102,2.18978
A12	52000001	53000000	97.7273,2.27273
A12	52800001	53800000	96.8992,3.10078
A12	53600001	54600000	97.541,2.45902
A12	54400001	55400000	98.0392,1.96078
A12	55200001	56200000	96.0784,3.92157
A12	56000001	57000000	96.6667,3.33333
A12	56800001	57800000	91.7293,8.27068
A12	57600001	58600000	91.1111,8.88889
A12	58400001	59400000	95.3125,4.6875
A12	59200001	60200000	97.037,2.96296
A12	60000001	61000000	94.8529,5.14706
A12	60800001	61800000	94.6154,5.38462
A12	61600001	62600000	90.7975,9.20245
A12	62400001	63400000	94.152,5.84795
A12	63200001	64200000	93.1677,6.8323
A12	64000001	65000000	90.9091,9.09091
A12	64800001	65800000	93.8931,6.10687
A12	65600001	66600000	94.4056,5.59441
A12	66400001	67400000	94.6078,5.39216
A12	67200001	68200000	93.3333,6.66667
A12	68000001	69000000	98.1132,1.88679
A12	68800001	69800000	95.1613,4.83871
A12	69600001	70600000	98.6928,1.30719
A12	70400001	71400000	96.8944,3.10559
A12	71200001	72200000	96.9231,3.07692
A12	72000001	73000000	95.614,4.38596
A12	72800001	73800000	95.8904,4.10959
A12	73600001	74600000	92.8571,7.14286
A12	74400001	75400000	95.8333,4.16667
A12	75200001	76200000	96.6216,3.37838
A12	76000001	77000000	95.3125,4.6875
A12	76800001	77800000	94.0397,5.96026
A12	77600001	78600000	93.6937,6.30631
A12	78400001	79400000	93.5185,6.48148
A12	79200001	80200000	95.9596,4.0404
A12	80000001	81000000	93.1818,6.81818
A12	80800001	81800000	81.3559,18.6441
A12	81600001	82600000	92.3077,7.69231
A12	82400001	83400000	90.5405,9.45946
A12	83200001	84200000	87.1795,12.8205
A12	84000001	85000000	60.9756,39.0244
A12	84800001	85800000	60.5263,39.4737
A12	85600001	86600000	74.2857,25.7143
A12	86400001	87400000	48,52
A12	87200001	87484866	75,25
A13	1	1000000	87.5,12.5
A13	800001	1800000	93.75,6.25
A13	1600001	2600000	95.8084,4.19162
A13	2400001	3400000	86.6667,13.3333
A13	3200001	4200000	84.7059,15.2941
A13	4000001	5000000	91.0448,8.95522
A13	4800001	5800000	91.3386,8.66142
A13	5600001	6600000	94.9367,5.06329
A13	6400001	7400000	98.3333,1.66667
A13	7200001	8200000	96.7742,3.22581
A13	8000001	9000000	98.7421,1.25786
A13	8800001	9800000	95.935,4.06504
A13	9600001	10600000	94.8905,5.10949
A13	10400001	11400000	91,9
A13	11200001	12200000	94.3262,5.67376
A13	12000001	13000000	98.125,1.875
A13	12800001	13800000	97.4522,2.54777
A13	13600001	14600000	95.092,4.90798
A13	14400001	15400000	94.8498,5.15021
A13	15200001	16200000	98.5915,1.40845
A13	16000001	17000000	98.3607,1.63934
A13	16800001	17800000	97.0588,2.94118
A13	17600001	18600000	98.2906,1.7094
A13	18400001	19400000	97.7273,2.27273
A13	19200001	20200000	95.9016,4.09836
A13	20000001	21000000	94.6237,5.37634
A13	20800001	21800000	96.063,3.93701
A13	21600001	22600000	96.8254,3.1746
A13	22400001	23400000	97.619,2.38095
A13	23200001	24200000	95.5056,4.49438
A13	24000001	25000000	96.9697,3.0303
A13	24800001	25800000	97.5,2.5
A13	25600001	26600000	100,0
A13	26400001	27400000	98.4496,1.55039
A13	27200001	28200000	98.2301,1.76991
A13	28000001	29000000	97.4138,2.58621
A13	28800001	29800000	90.9091,9.09091
A13	29600001	30600000	85.7143,14.2857
A13	30400001	31400000	98.7578,1.24224
A13	31200001	32200000	97.546,2.45399
A13	32000001	33000000	99.0196,0.980392
A13	32800001	33800000	97.8571,2.14286
A13	33600001	34600000	98.2456,1.75439
A13	34400001	35400000	86.0465,13.9535
A13	35200001	36200000	100,0
A13	36000001	37000000	96.1722,3.82775
A13	36800001	37800000	96.9231,3.07692
A13	37600001	38600000	98.2906,1.7094
A13	38400001	39400000	97.3913,2.6087
A13	39200001	40200000	86.1111,13.8889
A13	40000001	41000000	85.2941,14.7059
A13	40800001	41800000	75.4386,24.5614
A13	41600001	42600000	81.8182,18.1818
A13	42400001	43400000	86.3636,13.6364
A13	43200001	44200000	86.4407,13.5593
A13	44000001	45000000	80.7692,19.2308
A13	44800001	45800000	91.3793,8.62069
A13	45600001	46600000	84.2105,15.7895
A13	46400001	47400000	83.9286,16.0714
A13	47200001	48200000	87.037,12.963
A13	48000001	49000000	85.7143,14.2857
A13	48800001	49800000	84,16
A13	49600001	50600000	84.375,15.625
A13	50400001	51400000	96.6102,3.38983
A13	51200001	52200000	78.5714,21.4286
A13	52000001	53000000	80.3279,19.6721
A13	52800001	53800000	87.3016,12.6984
A13	53600001	54600000	83.0769,16.9231
A13	54400001	55400000	85,15
A13	55200001	56200000	82.6667,17.3333
A13	56000001	57000000	87.5,12.5
A13	56800001	57800000	77.6316,22.3684
A13	57600001	58600000	70.2703,29.7297
A13	58400001	59400000	86.9565,13.0435
A13	59200001	60200000	86.3636,13.6364
A13	60000001	61000000	87.0968,12.9032
A13	60800001	61800000	77.5,22.5
A13	61600001	62600000	81.8182,18.1818
A13	62400001	63400000	85.3933,14.6067
A13	63200001	64200000	84.6154,15.3846
A13	64000001	65000000	72,28
A13	64800001	65800000	73.913,26.087
A13	65600001	66600000	76.6667,23.3333
A13	66400001	67400000	82.8947,17.1053
A13	67200001	68200000	82.4561,17.5439
A13	68000001	69000000	87.3418,12.6582
A13	68800001	69800000	85.5422,14.4578
A13	69600001	70600000	80.8989,19.1011
A13	70400001	71400000	88.0952,11.9048
A13	71200001	72200000	87.395,12.605
A13	72000001	73000000	84.6939,15.3061
A13	72800001	73800000	63.7931,36.2069
A13	73600001	74600000	73.6842,26.3158
A13	74400001	75400000	55.7692,44.2308
A13	75200001	76200000	65.9091,34.0909
A13	76000001	77000000	60.3448,39.6552
A13	76800001	77800000	67.3913,32.6087
A13	77600001	78600000	51.2195,48.7805
A13	78400001	79400000	26.6667,73.3333
A13	79200001	79961121	52.1739,47.8261
D01	1	1000000	88.8889,11.1111
D01	800001	1800000	68,32
D01	1600001	2600000	80.597,19.403
D01	2400001	3400000	91.9708,8.0292
D01	3200001	4200000	93.2773,6.72269
D01	4000001	5000000	94.7368,5.26316
D01	4800001	5800000	91.5663,8.43373
D01	5600001	6600000	94.1558,5.84416
D01	6400001	7400000	95.6204,4.37956
D01	7200001	8200000	92.126,7.87402
D01	8000001	9000000	91.129,8.87097
D01	8800001	9800000	90.4192,9.58084
D01	9600001	10600000	87.2,12.8
D01	10400001	11400000	93.662,6.33803
D01	11200001	12200000	96.9697,3.0303
D01	12000001	13000000	94.8837,5.11628
D01	12800001	13800000	95.2096,4.79042
D01	13600001	14600000	89.6552,10.3448
D01	14400001	15400000	92.5466,7.45342
D01	15200001	16200000	95.1724,4.82759
D01	16000001	17000000	96.2366,3.76344
D01	16800001	17800000	93.038,6.96203
D01	17600001	18600000	94.3038,5.6962
D01	18400001	19400000	96.8153,3.18471
D01	19200001	20200000	98.5507,1.44928
D01	20000001	21000000	97.2028,2.7972
D01	20800001	21800000	96.1538,3.84615
D01	21600001	22600000	94.4444,5.55556
D01	22400001	23400000	94.0299,5.97015
D01	23200001	24200000	98.0645,1.93548
D01	24000001	25000000	98.0392,1.96078
D01	24800001	25800000	95.8333,4.16667
D01	25600001	26600000	98.1481,1.85185
D01	26400001	27400000	97.8261,2.17391
D01	27200001	28200000	96.875,3.125
D01	28000001	29000000	94.1176,5.88235
D01	28800001	29800000	95.8904,4.10959
D01	29600001	30600000	95.4839,4.51613
D01	30400001	31400000	94.2197,5.78035
D01	31200001	32200000	95.6522,4.34783
D01	32000001	33000000	99.2647,0.735294
D01	32800001	33800000	95.8678,4.13223
D01	33600001	34600000	97.6378,2.3622
D01	34400001	35400000	96.9231,3.07692
D01	35200001	36200000	97.6562,2.34375
D01	36000001	37000000	93.0435,6.95652
D01	36800001	37800000	97.2973,2.7027
D01	37600001	38600000	96.3768,3.62319
D01	38400001	39400000	97.3118,2.68817
D01	39200001	40200000	98.0392,1.96078
D01	40000001	41000000	94.4444,5.55556
D01	40800001	41800000	95.2756,4.72441
D01	41600001	42600000	94.8905,5.10949
D01	42400001	43400000	94.6667,5.33333
D01	43200001	44200000	95.2055,4.79452
D01	44000001	45000000	96.7742,3.22581
D01	44800001	45800000	96.4444,3.55556
D01	45600001	46600000	96.6443,3.3557
D01	46400001	47400000	95.9016,4.09836
D01	47200001	48200000	95.977,4.02299
D01	48000001	49000000	93.5323,6.46766
D01	48800001	49800000	91.2409,8.75912
D01	49600001	50600000	95.614,4.38596
D01	50400001	51400000	95.8042,4.1958
D01	51200001	52200000	92.8571,7.14286
D01	52000001	53000000	96.129,3.87097
D01	52800001	53800000	95.8042,4.1958
D01	53600001	54600000	94.2308,5.76923
D01	54400001	55400000	94.1799,5.82011
D01	55200001	56200000	95.1807,4.81928
D01	56000001	57000000	91.0345,8.96552
D01	56800001	57800000	82.1782,17.8218
D01	57600001	58600000	85.0877,14.9123
D01	58400001	59400000	86.1111,13.8889
D01	59200001	60200000	81,19
D01	60000001	61000000	73.0769,26.9231
D01	60800001	61456009	74.4186,25.5814
D02	1	1000000	77.1429,22.8571
D02	800001	1800000	84.6154,15.3846
D02	1600001	2600000	89.8305,10.1695
D02	2400001	3400000	100,0
D02	3200001	4200000	95,5
D02	4000001	5000000	76.6234,23.3766
D02	4800001	5800000	86.6667,13.3333
D02	5600001	6600000	89.4231,10.5769
D02	6400001	7400000	89.1089,10.8911
D02	7200001	8200000	94.702,5.29801
D02	8000001	9000000	94.3548,5.64516
D02	8800001	9800000	94.5122,5.4878
D02	9600001	10600000	92.623,7.37705
D02	10400001	11400000	88.6957,11.3043
D02	11200001	12200000	96.8254,3.1746
D02	12000001	13000000	95.1613,4.83871
D02	12800001	13800000	91.9355,8.06452
D02	13600001	14600000	96.7914,3.20856
D02	14400001	15400000	97.3684,2.63158
D02	15200001	16200000	93.7888,6.21118
D02	16000001	17000000	95.5224,4.47761
D02	16800001	17800000	94.8905,5.10949
D02	17600001	18600000	97.561,2.43902
D02	18400001	19400000	96.3855,3.61446
D02	19200001	20200000	96.4602,3.53982
D02	20000001	21000000	97.479,2.52101
D02	20800001	21800000	91.5493,8.4507
D02	21600001	22600000	93.8202,6.17978
D02	22400001	23400000	95.4023,4.5977
D02	23200001	24200000	97.0297,2.9703
D02	24000001	25000000	96.1165,3.8835
D02	24800001	25800000	97.541,2.45902
D02	25600001	26600000	94,6
D02	26400001	27400000	97.5806,2.41935
D02	27200001	28200000	95.1807,4.81928
D02	28000001	29000000	96.2687,3.73134
D02	28800001	29800000	96.1538,3.84615
D02	29600001	30600000	94.6237,5.37634
D02	30400001	31400000	95.6522,4.34783
D02	31200001	32200000	97.5207,2.47934
D02	32000001	33000000	96.1538,3.84615
D02	32800001	33800000	97.4138,2.58621
D02	33600001	34600000	99.2857,0.714286
D02	34400001	35400000	95.5556,4.44444
D02	35200001	36200000	96.2687,3.73134
D02	36000001	37000000	95,5
D02	36800001	37800000	96.1538,3.84615
D02	37600001	38600000	98.8636,1.13636
D02	38400001	39400000	97.4026,2.5974
D02	39200001	40200000	96.648,3.35196
D02	40000001	41000000	97.546,2.45399
D02	40800001	41800000	96.25,3.75
D02	41600001	42600000	91.9708,8.0292
D02	42400001	43400000	95.6204,4.37956
D02	43200001	44200000	91.4894,8.51064
D02	44000001	45000000	94.8276,5.17241
D02	44800001	45800000	95.977,4.02299
D02	45600001	46600000	95.2756,4.72441
D02	46400001	47400000	91.2752,8.72483
D02	47200001	48200000	97.931,2.06897
D02	48000001	49000000	97.2414,2.75862
D02	48800001	49800000	98.1818,1.81818
D02	49600001	50600000	93.5484,6.45161
D02	50400001	51400000	94.3396,5.66038
D02	51200001	52200000	96.7105,3.28947
D02	52000001	53000000	90.8397,9.16031
D02	52800001	53800000	93.7931,6.2069
D02	53600001	54600000	93.7143,6.28571
D02	54400001	55400000	96.5686,3.43137
D02	55200001	56200000	98.2456,1.75439
D02	56000001	57000000	92.3077,7.69231
D02	56800001	57800000	86.9565,13.0435
D02	57600001	58600000	96.2687,3.73134
D02	58400001	59400000	94.186,5.81395
D02	59200001	60200000	91.1602,8.83978
D02	60000001	61000000	94.2149,5.78512
D02	60800001	61800000	90.9091,9.09091
D02	61600001	62600000	93.3735,6.62651
D02	62400001	63400000	95.4955,4.5045
D02	63200001	64200000	75,25
D02	64000001	65000000	78.4946,21.5054
D02	64800001	65800000	67.1875,32.8125
D02	65600001	66600000	61.1111,38.8889
D02	66400001	67400000	59.375,40.625
D02	67200001	67284553	100,0
D03	1	1000000	73.3333,26.6667
D03	800001	1800000	76.8293,23.1707
D03	1600001	2600000	87.4016,12.5984
D03	2400001	3400000	85.2941,14.7059
D03	3200001	4200000	91.3462,8.65385
D03	4000001	5000000	89.2857,10.7143
D03	4800001	5800000	91.7431,8.25688
D03	5600001	6600000	93.2515,6.74847
D03	6400001	7400000	95.625,4.375
D03	7200001	8200000	96.7213,3.27869
D03	8000001	9000000	96.9697,3.0303
D03	8800001	9800000	96.7568,3.24324
D03	9600001	10600000	97.1223,2.8777
D03	10400001	11400000	94.8905,5.10949
D03	11200001	12200000	90.7143,9.28571
D03	12000001	13000000	96.6667,3.33333
D03	12800001	13800000	94.5205,5.47945
D03	13600001	14600000	95.9016,4.09836
D03	14400001	15400000	96.5986,3.40136
D03	15200001	16200000	94.6429,5.35714
D03	16000001	17000000	96.4286,3.57143
D03	16800001	17800000	98.0392,1.96078
D03	17600001	18600000	99.0291,0.970874
D03	18400001	19400000	98.6111,1.38889
D03	19200001	20200000	98.4496,1.55039
D03	20000001	21000000	97.541,2.45902
D03	20800001	21800000	99.2701,0.729927
D03	21600001	22600000	96.1039,3.8961
D03	22400001	23400000	98.5401,1.45985
D03	23200001	24200000	99.3976,0.60241
D03	24000001	25000000	95.8333,4.16667
D03	24800001	25800000	91.716,8.28402
D03	25600001	26600000	94.7368,5.26316
D03	26400001	27400000	93.3702,6.62983
D03	27200001	28200000	97.8417,2.15827
D03	28000001	29000000	97.7941,2.20588
D03	28800001	29800000	95.9184,4.08163
D03	29600001	30600000	97.7778,2.22222
D03	30400001	31400000	90.9091,9.09091
D03	31200001	32200000	96.4497,3.5503
D03	32000001	33000000	97.1429,2.85714
D03	32800001	33800000	93.7853,6.21469
D03	33600001	34600000	93.5484,6.45161
D03	34400001	35400000	94.8148,5.18519
D03	35200001	36200000	90.3448,9.65517
D03	36000001	37000000	93.5252,6.47482
D03	36800001	37800000	96.0526,3.94737
D03	37600001	38600000	94.4828,5.51724
D03	38400001	39400000	96.0265,3.97351
D03	39200001	40200000	95.8904,4.10959
D03	40000001	41000000	93.9394,6.06061
D03	40800001	41800000	93.6508,6.34921
D03	41600001	42600000	90,10
D03	42400001	43400000	78.9474,21.0526
D03	43200001	44200000	73.6264,26.3736
D03	44000001	45000000	85,15
D03	44800001	45800000	96.3415,3.65854
D03	45600001	46600000	74.026,25.974
D03	46400001	46690656	37.5,62.5
D04	1	1000000	91.1111,8.88889
D04	800001	1800000	92.4528,7.54717
D04	1600001	2600000	89.8876,10.1124
D04	2400001	3400000	81.0127,18.9873
D04	3200001	4200000	83.1683,16.8317
D04	4000001	5000000	89.899,10.101
D04	4800001	5800000	90.5172,9.48276
D04	5600001	6600000	89,11
D04	6400001	7400000	93.5065,6.49351
D04	7200001	8200000	94.9045,5.09554
D04	8000001	9000000	97.0588,2.94118
D04	8800001	9800000	89.4118,10.5882
D04	9600001	10600000	93.9394,6.06061
D04	10400001	11400000	94.9045,5.09554
D04	11200001	12200000	95.122,4.87805
D04	12000001	13000000	97.0588,2.94118
D04	12800001	13800000	96.4789,3.52113
D04	13600001	14600000	90.5109,9.48905
D04	14400001	15400000	91.7355,8.26446
D04	15200001	16200000	95.2381,4.7619
D04	16000001	17000000	95.1049,4.8951
D04	16800001	17800000	94.4828,5.51724
D04	17600001	18600000	100,0
D04	18400001	19400000	98.4127,1.5873
D04	19200001	20200000	98.2143,1.78571
D04	20000001	21000000	98.3333,1.66667
D04	20800001	21800000	98.7654,1.23457
D04	21600001	22600000	94.7368,5.26316
D04	22400001	23400000	97.3913,2.6087
D04	23200001	24200000	95.9064,4.09357
D04	24000001	25000000	97.3154,2.68456
D04	24800001	25800000	95.4545,4.54545
D04	25600001	26600000	95.7055,4.29448
D04	26400001	27400000	95.4545,4.54545
D04	27200001	28200000	95.0413,4.95868
D04	28000001	29000000	95.1724,4.82759
D04	28800001	29800000	100,0
D04	29600001	30600000	98.0488,1.95122
D04	30400001	31400000	97.4684,2.53165
D04	31200001	32200000	97.0588,2.94118
D04	32000001	33000000	97.2222,2.77778
D04	32800001	33800000	96.4029,3.59712
D04	33600001	34600000	96.6507,3.34928
D04	34400001	35400000	94.3038,5.6962
D04	35200001	36200000	92.9487,7.05128
D04	36000001	37000000	97.191,2.80899
D04	36800001	37800000	92.7273,7.27273
D04	37600001	38600000	98.7013,1.2987
D04	38400001	39400000	95.1923,4.80769
D04	39200001	40200000	95.4023,4.5977
D04	40000001	41000000	97.3684,2.63158
D04	40800001	41800000	96.7391,3.26087
D04	41600001	42600000	96.5035,3.4965
D04	42400001	43400000	91.9255,8.07453
D04	43200001	44200000	94.5055,5.49451
D04	44000001	45000000	92.5926,7.40741
D04	44800001	45800000	96.1957,3.80435
D04	45600001	46600000	93.5065,6.49351
D04	46400001	47400000	95.2941,4.70588
D04	47200001	48200000	86.8421,13.1579
D04	48000001	49000000	83.3333,16.6667
D04	48800001	49800000	80.4348,19.5652
D04	49600001	50600000	86.2069,13.7931
D04	50400001	51400000	73.6111,26.3889
D04	51200001	51454130	61.5385,38.4615
D05	1	1000000	83.871,16.129
D05	800001	1800000	71.875,28.125
D05	1600001	2600000	75,25
D05	2400001	3400000	60,40
D05	3200001	4200000	65.2174,34.7826
D05	4000001	5000000	83.3333,16.6667
D05	4800001	5800000	80.5556,19.4444
D05	5600001	6600000	69.7674,30.2326
D05	6400001	7400000	65.5172,34.4828
D05	7200001	8200000	72.7273,27.2727
D05	8000001	9000000	67.5676,32.4324
D05	8800001	9800000	60,40
D05	9600001	10600000	69.697,30.303
D05	10400001	11400000	77.7778,22.2222
D05	11200001	12200000	70.3704,29.6296
D05	12000001	13000000	66.6667,33.3333
D05	12800001	13800000	81.25,18.75
D05	13600001	14600000	77.3585,22.6415
D05	14400001	15400000	82.6087,17.3913
D05	15200001	16200000	65.2174,34.7826
D05	16000001	17000000	64.8649,35.1351
D05	16800001	17800000	82.8571,17.1429
D05	17600001	18600000	73.3333,26.6667
D05	18400001	19400000	80.3571,19.6429
D05	19200001	20200000	81.9672,18.0328
D05	20000001	21000000	85.4167,14.5833
D05	20800001	21800000	82.3529,17.6471
D05	21600001	22600000	85.1351,14.8649
D05	22400001	23400000	97.7011,2.29885
D05	23200001	24200000	85.9155,14.0845
D05	24000001	25000000	90.2439,9.7561
D05	24800001	25800000	84.5361,15.4639
D05	25600001	26600000	82.5,17.5
D05	26400001	27400000	88,12
D05	27200001	28200000	85.8586,14.1414
D05	28000001	29000000	95,5
D05	28800001	29800000	93.2203,6.77966
D05	29600001	30600000	93.1507,6.84932
D05	30400001	31400000	95.5224,4.47761
D05	31200001	32200000	98.1651,1.83486
D05	32000001	33000000	96.4602,3.53982
D05	32800001	33800000	95.3125,4.6875
D05	33600001	34600000	96.3504,3.64964
D05	34400001	35400000	97.0414,2.95858
D05	35200001	36200000	96.5812,3.4188
D05	36000001	37000000	91.6667,8.33333
D05	36800001	37800000	94.2029,5.7971
D05	37600001	38600000	96.8504,3.14961
D05	38400001	39400000	94.958,5.04202
D05	39200001	40200000	97.5904,2.40964
D05	40000001	41000000	98.5507,1.44928
D05	40800001	41800000	96.9697,3.0303
D05	41600001	42600000	96.4912,3.50877
D05	42400001	43400000	98.6014,1.3986
D05	43200001	44200000	97.2028,2.7972
D05	44000001	45000000	97.037,2.96296
D05	44800001	45800000	96.3768,3.62319
D05	45600001	46600000	97.2414,2.75862
D05	46400001	47400000	98.1308,1.86916
D05	47200001	48200000	98.2456,1.75439
D05	48000001	49000000	90.3846,9.61538
D05	48800001	49800000	95.0704,4.92958
D05	49600001	50600000	93.3333,6.66667
D05	50400001	51400000	91.2621,8.73786
D05	51200001	52200000	95.6757,4.32432
D05	52000001	53000000	92.9078,7.0922
D05	52800001	53800000	90.7895,9.21053
D05	53600001	54600000	90.1786,9.82143
D05	54400001	55400000	95.7627,4.23729
D05	55200001	56200000	97.4138,2.58621
D05	56000001	57000000	97.5248,2.47525
D05	56800001	57800000	96.2264,3.77358
D05	57600001	58600000	94.1799,5.82011
D05	58400001	59400000	97.6077,2.39234
D05	59200001	60200000	82.4561,17.5439
D05	60000001	61000000	94.3396,5.66038
D05	60800001	61800000	92.3611,7.63889
D05	61600001	61933047	83.3333,16.6667
D06	1	1000000	84.7458,15.2542
D06	800001	1800000	67.0588,32.9412
D06	1600001	2600000	66.6667,33.3333
D06	2400001	3400000	67.2727,32.7273
D06	3200001	4200000	93.2886,6.71141
D06	4000001	5000000	93.7853,6.21469
D06	4800001	5800000	88.8889,11.1111
D06	5600001	6600000	93.0233,6.97674
D06	6400001	7400000	98.1982,1.8018
D06	7200001	8200000	98.0769,1.92308
D06	8000001	9000000	98.3051,1.69492
D06	8800001	9800000	94.7368,5.26316
D06	9600001	10600000	93.0233,6.97674
D06	10400001	11400000	93.5829,6.41711
D06	11200001	12200000	95.2096,4.79042
D06	12000001	13000000	96.5986,3.40136
D06	12800001	13800000	97.9167,2.08333
D06	13600001	14600000	95.302,4.69799
D06	14400001	15400000	96.5035,3.4965
D06	15200001	16200000	93.2515,6.74847
D06	16000001	17000000	96.8944,3.10559
D06	16800001	17800000	95.7983,4.20168
D06	17600001	18600000	96.5278,3.47222
D06	18400001	19400000	96.1538,3.84615
D06	19200001	20200000	95.1389,4.86111
D06	20000001	21000000	94.9153,5.08475
D06	20800001	21800000	96.5116,3.48837
D06	21600001	22600000	96.25,3.75
D06	22400001	23400000	94.375,5.625
D06	23200001	24200000	91.9192,8.08081
D06	24000001	25000000	95.2055,4.79452
D06	24800001	25800000	94.9153,5.08475
D06	25600001	26600000	91.1765,8.82353
D06	26400001	27400000	87.5,12.5
D06	27200001	28200000	95.7627,4.23729
D06	28000001	29000000	97.479,2.52101
D06	28800001	29800000	97.619,2.38095
D06	29600001	30600000	99.3711,0.628931
D06	30400001	31400000	97.9452,2.05479
D06	31200001	32200000	96,4
D06	32000001	33000000	94.6154,5.38462
D06	32800001	33800000	93.8596,6.14035
D06	33600001	34600000	95.2,4.8
D06	34400001	35400000	97.0297,2.9703
D06	35200001	36200000	100,0
D06	36000001	37000000	97.9592,2.04082
D06	36800001	37800000	97.5207,2.47934
D06	37600001	38600000	95.7983,4.20168
D06	38400001	39400000	97.4359,2.5641
D06	39200001	40200000	97.9899,2.01005
D06	40000001	41000000	97.8723,2.12766
D06	40800001	41800000	95.1724,4.82759
D06	41600001	42600000	96.4789,3.52113
D06	42400001	43400000	96.6942,3.30579
D06	43200001	44200000	94.1606,5.83942
D06	44000001	45000000	94.9367,5.06329
D06	44800001	45800000	97.006,2.99401
D06	45600001	46600000	95.1515,4.84848
D06	46400001	47400000	94.0828,5.91716
D06	47200001	48200000	93.4307,6.56934
D06	48000001	49000000	97.0803,2.91971
D06	48800001	49800000	93.7143,6.28571
D06	49600001	50600000	96.4286,3.57143
D06	50400001	51400000	96.0396,3.9604
D06	51200001	52200000	94.958,5.04202
D06	52000001	53000000	95.2055,4.79452
D06	52800001	53800000	96.3235,3.67647
D06	53600001	54600000	92.9577,7.04225
D06	54400001	55400000	95.9016,4.09836
D06	55200001	56200000	88.9655,11.0345
D06	56000001	57000000	94.5578,5.44218
D06	56800001	57800000	83.9695,16.0305
D06	57600001	58600000	90.4762,9.52381
D06	58400001	59400000	92.8058,7.19424
D06	59200001	60200000	86.9565,13.0435
D06	60000001	61000000	78.8991,21.1009
D06	60800001	61800000	84.6154,15.3846
D06	61600001	62600000	93.75,6.25
D06	62400001	63400000	83.0986,16.9014
D06	63200001	64200000	75,25
D06	64000001	64294643	85.7143,14.2857
D07	1	1000000	78.2609,21.7391
D07	800001	1800000	53.0612,46.9388
D07	1600001	2600000	80.2817,19.7183
D07	2400001	3400000	73.0159,26.9841
D07	3200001	4200000	79.7619,20.2381
D07	4000001	5000000	78.3333,21.6667
D07	4800001	5800000	85.5769,14.4231
D07	5600001	6600000	80.2469,19.7531
D07	6400001	7400000	90.7407,9.25926
D07	7200001	8200000	87.013,12.987
D07	8000001	9000000	90.3509,9.64912
D07	8800001	9800000	95.7265,4.2735
D07	9600001	10600000	94.9367,5.06329
D07	10400001	11400000	92.8571,7.14286
D07	11200001	12200000	87.9032,12.0968
D07	12000001	13000000	93.2584,6.74157
D07	12800001	13800000	96.4706,3.52941
D07	13600001	14600000	94.3182,5.68182
D07	14400001	15400000	92.437,7.56303
D07	15200001	16200000	92.6471,7.35294
D07	16000001	17000000	94.2529,5.74713
D07	16800001	17800000	94.0476,5.95238
D07	17600001	18600000	95.2055,4.79452
D07	18400001	19400000	95.3642,4.63576
D07	19200001	20200000	93.2886,6.71141
D07	20000001	21000000	94.2308,5.76923
D07	20800001	21800000	92.7536,7.24638
D07	21600001	22600000	90.1515,9.84848
D07	22400001	23400000	94.6237,5.37634
D07	23200001	24200000	94.697,5.30303
D07	24000001	25000000	96.8254,3.1746
D07	24800001	25800000	96.5278,3.47222
D07	25600001	26600000	90.9091,9.09091
D07	26400001	27400000	94.964,5.03597
D07	27200001	28200000	92.9825,7.01754
D07	28000001	29000000	93.9227,6.07735
D07	28800001	29800000	90.1786,9.82143
D07	29600001	30600000	94.9686,5.03145
D07	30400001	31400000	97.8417,2.15827
D07	31200001	32200000	96.9466,3.05344
D07	32000001	33000000	97.2603,2.73973
D07	32800001	33800000	97.8417,2.15827
D07	33600001	34600000	98.3471,1.65289
D07	34400001	35400000	94.4444,5.55556
D07	35200001	36200000	97.7444,2.25564
D07	36000001	37000000	95,5
D07	36800001	37800000	95.5224,4.47761
D07	37600001	38600000	94.1606,5.83942
D07	38400001	39400000	92.3077,7.69231
D07	39200001	40200000	100,0
D07	40000001	41000000	98.5612,1.43885
D07	40800001	41800000	97.3451,2.65487
D07	41600001	42600000	95,5
D07	42400001	43400000	91.2698,8.73016
D07	43200001	44200000	91.6667,8.33333
D07	44000001	45000000	96.8992,3.10078
D07	44800001	45800000	95,5
D07	45600001	46600000	96.0317,3.96825
D07	46400001	47400000	97.2222,2.77778
D07	47200001	48200000	96.7391,3.26087
D07	48000001	49000000	95.5224,4.47761
D07	48800001	49800000	89.4231,10.5769
D07	49600001	50600000	79.3103,20.6897
D07	50400001	51400000	86.6667,13.3333
D07	51200001	52200000	89.899,10.101
D07	52000001	53000000	87.5,12.5
D07	52800001	53800000	89.4737,10.5263
D07	53600001	54600000	86.5385,13.4615
D07	54400001	55400000	98.75,1.25
D07	55200001	55312611	100,0
D08	1	1000000	75.7143,24.2857
D08	800001	1800000	77.0492,22.9508
D08	1600001	2600000	88.0952,11.9048
D08	2400001	3400000	90.4762,9.52381
D08	3200001	4200000	92.7835,7.21649
D08	4000001	5000000	90.4348,9.56522
D08	4800001	5800000	84.8214,15.1786
D08	5600001	6600000	93.3884,6.61157
D08	6400001	7400000	87.8981,12.1019
D08	7200001	8200000	92.3077,7.69231
D08	8000001	9000000	93.0233,6.97674
D08	8800001	9800000	94.3662,5.6338
D08	9600001	10600000	93.75,6.25
D08	10400001	11400000	96,4
D08	11200001	12200000	96.3235,3.67647
D08	12000001	13000000	94.9495,5.05051
D08	12800001	13800000	98.5915,1.40845
D08	13600001	14600000	98.9583,1.04167
D08	14400001	15400000	97.6471,2.35294
D08	15200001	16200000	96.3964,3.6036
D08	16000001	17000000	95.8621,4.13793
D08	16800001	17800000	96.2963,3.7037
D08	17600001	18600000	95.4839,4.51613
D08	18400001	19400000	96.4706,3.52941
D08	19200001	20200000	98.5612,1.43885
D08	20000001	21000000	98.4848,1.51515
D08	20800001	21800000	96.6102,3.38983
D08	21600001	22600000	97.5,2.5
D08	22400001	23400000	94.4954,5.50459
D08	23200001	24200000	93.3824,6.61765
D08	24000001	25000000	95.122,4.87805
D08	24800001	25800000	95.6897,4.31034
D08	25600001	26600000	92.7536,7.24638
D08	26400001	27400000	97.0297,2.9703
D08	27200001	28200000	98.1308,1.86916
D08	28000001	29000000	98.0769,1.92308
D08	28800001	29800000	96.8,3.2
D08	29600001	30600000	96.5035,3.4965
D08	30400001	31400000	97.5309,2.46914
D08	31200001	32200000	97.8873,2.11268
D08	32000001	33000000	100,0
D08	32800001	33800000	100,0
D08	33600001	34600000	94.8529,5.14706
D08	34400001	35400000	95,5
D08	35200001	36200000	97.9452,2.05479
D08	36000001	37000000	95.3488,4.65116
D08	36800001	37800000	94.6429,5.35714
D08	37600001	38600000	95.1807,4.81928
D08	38400001	39400000	96.1039,3.8961
D08	39200001	40200000	94.7674,5.23256
D08	40000001	41000000	95.9184,4.08163
D08	40800001	41800000	91.8919,8.10811
D08	41600001	42600000	96.2406,3.7594
D08	42400001	43400000	95.2096,4.79042
D08	43200001	44200000	96.9136,3.08642
D08	44000001	45000000	91.4729,8.52713
D08	44800001	45800000	92.4658,7.53425
D08	45600001	46600000	94.6667,5.33333
D08	46400001	47400000	94.6154,5.38462
D08	47200001	48200000	95,5
D08	48000001	49000000	96.3768,3.62319
D08	48800001	49800000	95.3846,4.61538
D08	49600001	50600000	94.8276,5.17241
D08	50400001	51400000	93.1624,6.83761
D08	51200001	52200000	93.0233,6.97674
D08	52000001	53000000	96.7105,3.28947
D08	52800001	53800000	91.4894,8.51064
D08	53600001	54600000	94.3662,5.6338
D08	54400001	55400000	92.5714,7.42857
D08	55200001	56200000	92.6667,7.33333
D08	56000001	57000000	89.9329,10.0671
D08	56800001	57800000	93.3333,6.66667
D08	57600001	58600000	88.0342,11.9658
D08	58400001	59400000	79.7619,20.2381
D08	59200001	60200000	81.25,18.75
D08	60000001	61000000	92.8571,7.14286
D08	60800001	61800000	85.2273,14.7727
D08	61600001	62600000	88.3721,11.6279
D08	62400001	63400000	87.8788,12.1212
D08	63200001	64200000	81.9672,18.0328
D08	64000001	65000000	62,38
D08	64800001	65800000	59.0909,40.9091
D08	65600001	65894135	72.2222,27.7778
D09	1	1000000	99.4624,0.537634
D09	800001	1800000	98.8281,1.17188
D09	1600001	2600000	90.4762,9.52381
D09	2400001	3400000	98.1928,1.80723
D09	3200001	4200000	97.8992,2.10084
D09	4000001	5000000	96.6292,3.37079
D09	4800001	5800000	96,4
D09	5600001	6600000	96.6019,3.39806
D09	6400001	7400000	96.0227,3.97727
D09	7200001	8200000	95.1456,4.85437
D09	8000001	9000000	97.3214,2.67857
D09	8800001	9800000	97.4026,2.5974
D09	9600001	10600000	96.8153,3.18471
D09	10400001	11400000	95.1456,4.85437
D09	11200001	12200000	94.5205,5.47945
D09	12000001	13000000	96.0317,3.96825
D09	12800001	13800000	99.1935,0.806452
D09	13600001	14600000	96.1538,3.84615
D09	14400001	15400000	94.5455,5.45455
D09	15200001	16200000	95.9459,4.05405
D09	16000001	17000000	98.3471,1.65289
D09	16800001	17800000	97.0803,2.91971
D09	17600001	18600000	98.4,1.6
D09	18400001	19400000	98.5294,1.47059
D09	19200001	20200000	98.4375,1.5625
D09	20000001	21000000	96.7105,3.28947
D09	20800001	21800000	95.7576,4.24242
D09	21600001	22600000	97.6744,2.32558
D09	22400001	23400000	94.9686,5.03145
D09	23200001	24200000	93.2099,6.79012
D09	24000001	25000000	95.5696,4.43038
D09	24800001	25800000	95.8333,4.16667
D09	25600001	26600000	96.8254,3.1746
D09	26400001	27400000	98.8506,1.14943
D09	27200001	28200000	96.3504,3.64964
D09	28000001	29000000	94.7977,5.20231
D09	28800001	29800000	93.1298,6.87023
D09	29600001	30600000	95.625,4.375
D09	30400001	31400000	94.3038,5.6962
D09	31200001	32200000	96.2025,3.79747
D09	32000001	33000000	89.0756,10.9244
D09	32800001	33800000	96.1538,3.84615
D09	33600001	34600000	92.2078,7.79221
D09	34400001	35400000	85.2349,14.7651
D09	35200001	36200000	87.5,12.5
D09	36000001	37000000	86.0215,13.9785
D09	36800001	37800000	88.6076,11.3924
D09	37600001	38600000	86.6667,13.3333
D09	38400001	39400000	88.5057,11.4943
D09	39200001	40200000	83.7209,16.2791
D09	40000001	41000000	80.7339,19.2661
D09	40800001	41800000	83.6364,16.3636
D09	41600001	42600000	77.3585,22.6415
D09	42400001	43400000	72.973,27.027
D09	43200001	44200000	70.5882,29.4118
D09	44000001	45000000	88.2353,11.7647
D09	44800001	45800000	76.8293,23.1707
D09	45600001	46600000	75.5102,24.4898
D09	46400001	47400000	84.6154,15.3846
D09	47200001	48200000	70.3704,29.6296
D09	48000001	49000000	69.697,30.303
D09	48800001	49800000	85.1064,14.8936
D09	49600001	50600000	72.2222,27.7778
D09	50400001	50995436	62.5,37.5
D10	1	1000000	80.2632,19.7368
D10	800001	1800000	64.1026,35.8974
D10	1600001	2600000	64.2857,35.7143
D10	2400001	3400000	79.2453,20.7547
D10	3200001	4200000	93.0556,6.94444
D10	4000001	5000000	78.3333,21.6667
D10	4800001	5800000	93.3333,6.66667
D10	5600001	6600000	92.3729,7.62712
D10	6400001	7400000	97.1014,2.89855
D10	7200001	8200000	90.3509,9.64912
D10	8000001	9000000	90,10
D10	8800001	9800000	90.9091,9.09091
D10	9600001	10600000	93.75,6.25
D10	10400001	11400000	94.4,5.6
D10	11200001	12200000	92.3664,7.63359
D10	12000001	13000000	93.1034,6.89655
D10	12800001	13800000	92.8571,7.14286
D10	13600001	14600000	97.9167,2.08333
D10	14400001	15400000	97.3404,2.65957
D10	15200001	16200000	95.0355,4.96454
D10	16000001	17000000	96.1783,3.82166
D10	16800001	17800000	96.5986,3.40136
D10	17600001	18600000	97.619,2.38095
D10	18400001	19400000	95.6284,4.37158
D10	19200001	20200000	94.382,5.61798
D10	20000001	21000000	93.8931,6.10687
D10	20800001	21800000	96,4
D10	21600001	22600000	95.3846,4.61538
D10	22400001	23400000	91.5033,8.49673
D10	23200001	24200000	94.3182,5.68182
D10	24000001	25000000	95.0617,4.93827
D10	24800001	25800000	97.4576,2.54237
D10	25600001	26600000	95.6522,4.34783
D10	26400001	27400000	93.3962,6.60377
D10	27200001	28200000	96.4286,3.57143
D10	28000001	29000000	95.4082,4.59184
D10	28800001	29800000	100,0
D10	29600001	30600000	97.931,2.06897
D10	30400001	31400000	95.6989,4.30108
D10	31200001	32200000	96.2733,3.72671
D10	32000001	33000000	98.3193,1.68067
D10	32800001	33800000	94.0678,5.9322
D10	33600001	34600000	89.4309,10.5691
D10	34400001	35400000	95.5752,4.42478
D10	35200001	36200000	97.8571,2.14286
D10	36000001	37000000	99.2,0.8
D10	36800001	37800000	98.8764,1.1236
D10	37600001	38600000	97.541,2.45902
D10	38400001	39400000	97.561,2.43902
D10	39200001	40200000	94,6
D10	40000001	41000000	98.5612,1.43885
D10	40800001	41800000	99.3151,0.684932
D10	41600001	42600000	96.2687,3.73134
D10	42400001	43400000	97.7099,2.29008
D10	43200001	44200000	92.3077,7.69231
D10	44000001	45000000	95.0704,4.92958
D10	44800001	45800000	95.082,4.91803
D10	45600001	46600000	93.617,6.38298
D10	46400001	47400000	95.9302,4.06977
D10	47200001	48200000	96.1326,3.8674
D10	48000001	49000000	91.8919,8.10811
D10	48800001	49800000	91.4894,8.51064
D10	49600001	50600000	95.2055,4.79452
D10	50400001	51400000	93.0769,6.92308
D10	51200001	52200000	88.8112,11.1888
D10	52000001	53000000	93.5484,6.45161
D10	52800001	53800000	95.7447,4.25532
D10	53600001	54600000	97.8417,2.15827
D10	54400001	55400000	97.3856,2.61438
D10	55200001	56200000	92.8571,7.14286
D10	56000001	57000000	95.935,4.06504
D10	56800001	57800000	90.5263,9.47368
D10	57600001	58600000	88.785,11.215
D10	58400001	59400000	97.7654,2.23464
D10	59200001	60200000	95.1389,4.86111
D10	60000001	61000000	95.0617,4.93827
D10	60800001	61800000	86.4583,13.5417
D10	61600001	62600000	75,25
D10	62400001	63400000	68.8889,31.1111
D10	63200001	63374666	57.1429,42.8571
D11	1	1000000	87.0968,12.9032
D11	800001	1800000	64.9123,35.0877
D11	1600001	2600000	71.4286,28.5714
D11	2400001	3400000	58.3333,41.6667
D11	3200001	4200000	74.1379,25.8621
D11	4000001	5000000	75,25
D11	4800001	5800000	71.4286,28.5714
D11	5600001	6600000	86.1111,13.8889
D11	6400001	7400000	67.6471,32.3529
D11	7200001	8200000	82.1918,17.8082
D11	8000001	9000000	80.8824,19.1176
D11	8800001	9800000	85.7143,14.2857
D11	9600001	10600000	91.3043,8.69565
D11	10400001	11400000	93.1373,6.86275
D11	11200001	12200000	85.3659,14.6341
D11	12000001	13000000	91.2621,8.73786
D11	12800001	13800000	84.7619,15.2381
D11	13600001	14600000	93.7008,6.29921
D11	14400001	15400000	92.4528,7.54717
D11	15200001	16200000	93.0435,6.95652
D11	16000001	17000000	96.9512,3.04878
D11	16800001	17800000	96.3235,3.67647
D11	17600001	18600000	88.7218,11.2782
D11	18400001	19400000	87.2549,12.7451
D11	19200001	20200000	93.2836,6.71642
D11	20000001	21000000	94.9045,5.09554
D11	20800001	21800000	97.7273,2.27273
D11	21600001	22600000	95.5882,4.41176
D11	22400001	23400000	97.7273,2.27273
D11	23200001	24200000	97.3333,2.66667
D11	24000001	25000000	96.9466,3.05344
D11	24800001	25800000	96.0317,3.96825
D11	25600001	26600000	96.4706,3.52941
D11	26400001	27400000	94.1176,5.88235
D11	27200001	28200000	93.6508,6.34921
D11	28000001	29000000	96.9388,3.06122
D11	28800001	29800000	95.4545,4.54545
D11	29600001	30600000	92.8144,7.18563
D11	30400001	31400000	94.8052,5.19481
D11	31200001	32200000	95.7746,4.22535
D11	32000001	33000000	97.7011,2.29885
D11	32800001	33800000	98.75,1.25
D11	33600001	34600000	95.2663,4.73373
D11	34400001	35400000	93.2331,6.76692
D11	35200001	36200000	96.9466,3.05344
D11	36000001	37000000	96.3235,3.67647
D11	36800001	37800000	95.6204,4.37956
D11	37600001	38600000	94.0789,5.92105
D11	38400001	39400000	94.3396,5.66038
D11	39200001	40200000	98.4615,1.53846
D11	40000001	41000000	96.7391,3.26087
D11	40800001	41800000	97.7444,2.25564
D11	41600001	42600000	96.25,3.75
D11	42400001	43400000	97.3262,2.6738
D11	43200001	44200000	99.3056,0.694444
D11	44000001	45000000	96.7742,3.22581
D11	44800001	45800000	95.3757,4.62428
D11	45600001	46600000	94.5578,5.44218
D11	46400001	47400000	92.1212,7.87879
D11	47200001	48200000	96.4497,3.5503
D11	48000001	49000000	97.4026,2.5974
D11	48800001	49800000	94.7059,5.29412
D11	49600001	50600000	95.1515,4.84848
D11	50400001	51400000	97.2527,2.74725
D11	51200001	52200000	98.6667,1.33333
D11	52000001	53000000	95.7447,4.25532
D11	52800001	53800000	94.697,5.30303
D11	53600001	54600000	97.2414,2.75862
D11	54400001	55400000	93.9394,6.06061
D11	55200001	56200000	98.3871,1.6129
D11	56000001	57000000	89.1156,10.8844
D11	56800001	57800000	91.1504,8.84956
D11	57600001	58600000	74.6667,25.3333
D11	58400001	59400000	91.4634,8.53659
D11	59200001	60200000	88.8889,11.1111
D11	60000001	61000000	82.5688,17.4312
D11	60800001	61800000	94.7917,5.20833
D11	61600001	62600000	90.1408,9.85915
D11	62400001	63400000	84.8485,15.1515
D11	63200001	64200000	89.8148,10.1852
D11	64000001	65000000	59.322,40.678
D11	64800001	65800000	55.8824,44.1176
D11	65600001	66087774	53.3333,46.6667
D12	1	1000000	89.4309,10.5691
D12	800001	1800000	88.2353,11.7647
D12	1600001	2600000	85.7143,14.2857
D12	2400001	3400000	85.0467,14.9533
D12	3200001	4200000	91.1504,8.84956
D12	4000001	5000000	96.6387,3.36134
D12	4800001	5800000	95.3846,4.61538
D12	5600001	6600000	92.623,7.37705
D12	6400001	7400000	89.7059,10.2941
D12	7200001	8200000	96.6667,3.33333
D12	8000001	9000000	95.4545,4.54545
D12	8800001	9800000	96.1905,3.80952
D12	9600001	10600000	93.0636,6.93642
D12	10400001	11400000	96.0526,3.94737
D12	11200001	12200000	91.9708,8.0292
D12	12000001	13000000	93.5484,6.45161
D12	12800001	13800000	95.4839,4.51613
D12	13600001	14600000	96.6942,3.30579
D12	14400001	15400000	98.2456,1.75439
D12	15200001	16200000	95.5224,4.47761
D12	16000001	17000000	96.4286,3.57143
D12	16800001	17800000	95.7447,4.25532
D12	17600001	18600000	96.129,3.87097
D12	18400001	19400000	96.5035,3.4965
D12	19200001	20200000	98.1366,1.86335
D12	20000001	21000000	97.351,2.64901
D12	20800001	21800000	97.4843,2.51572
D12	21600001	22600000	97.093,2.90698
D12	22400001	23400000	99.5025,0.497512
D12	23200001	24200000	98.2301,1.76991
D12	24000001	25000000	96.2963,3.7037
D12	24800001	25800000	94.7826,5.21739
D12	25600001	26600000	96.3768,3.62319
D12	26400001	27400000	96.3855,3.61446
D12	27200001	28200000	95.0355,4.96454
D12	28000001	29000000	95.9016,4.09836
D12	28800001	29800000	97.8417,2.15827
D12	29600001	30600000	95.9016,4.09836
D12	30400001	31400000	96.2121,3.78788
D12	31200001	32200000	96.9466,3.05344
D12	32000001	33000000	93.2203,6.77966
D12	32800001	33800000	93.7063,6.29371
D12	33600001	34600000	96.6667,3.33333
D12	34400001	35400000	93.9394,6.06061
D12	35200001	36200000	90.9091,9.09091
D12	36000001	37000000	93.617,6.38298
D12	36800001	37800000	98.3471,1.65289
D12	37600001	38600000	94.702,5.29801
D12	38400001	39400000	96.25,3.75
D12	39200001	40200000	88.785,11.215
D12	40000001	41000000	93.8272,6.17284
D12	40800001	41800000	88.8889,11.1111
D12	41600001	42600000	94.9438,5.05618
D12	42400001	43400000	95.4839,4.51613
D12	43200001	44200000	90.4,9.6
D12	44000001	45000000	91.2162,8.78378
D12	44800001	45800000	89.2086,10.7914
D12	45600001	46600000	97.1831,2.8169
D12	46400001	47400000	92.8571,7.14286
D12	47200001	48200000	86.0465,13.9535
D12	48000001	49000000	92.0792,7.92079
D12	48800001	49800000	92.3077,7.69231
D12	49600001	50600000	90.9091,9.09091
D12	50400001	51400000	90.8397,9.16031
D12	51200001	52200000	93.6364,6.36364
D12	52000001	53000000	82.2917,17.7083
D12	52800001	53800000	87.234,12.766
D12	53600001	54600000	82.7586,17.2414
D12	54400001	55400000	86.2069,13.7931
D12	55200001	56200000	84.507,15.493
D12	56000001	57000000	70.5882,29.4118
D12	56800001	57800000	68.5714,31.4286
D12	57600001	58600000	73.3333,26.6667
D12	58400001	59109837	83.3333,16.6667
D13	1	1000000	87.2093,12.7907
D13	800001	1800000	78.8235,21.1765
D13	1600001	2600000	85.3933,14.6067
D13	2400001	3400000	90,10
D13	3200001	4200000	90.7143,9.28571
D13	4000001	5000000	86.9919,13.0081
D13	4800001	5800000	92.3077,7.69231
D13	5600001	6600000	92.9078,7.0922
D13	6400001	7400000	97.1014,2.89855
D13	7200001	8200000	95.1389,4.86111
D13	8000001	9000000	93.2584,6.74157
D13	8800001	9800000	98.0392,1.96078
D13	9600001	10600000	98.8506,1.14943
D13	10400001	11400000	95.4128,4.58716
D13	11200001	12200000	94.5312,5.46875
D13	12000001	13000000	94.2623,5.7377
D13	12800001	13800000	96.6667,3.33333
D13	13600001	14600000	98.3871,1.6129
D13	14400001	15400000	93.3333,6.66667
D13	15200001	16200000	96,4
D13	16000001	17000000	95.4128,4.58716
D13	16800001	17800000	94.0171,5.98291
D13	17600001	18600000	95.2381,4.7619
D13	18400001	19400000	96.9697,3.0303
D13	19200001	20200000	95.3333,4.66667
D13	20000001	21000000	96.3235,3.67647
D13	20800001	21800000	95.9677,4.03226
D13	21600001	22600000	95.7143,4.28571
D13	22400001	23400000	93.8596,6.14035
D13	23200001	24200000	97.4026,2.5974
D13	24000001	25000000	98.4962,1.50376
D13	24800001	25800000	97.561,2.43902
D13	25600001	26600000	97.7273,2.27273
D13	26400001	27400000	95.0413,4.95868
D13	27200001	28200000	95.8084,4.19162
D13	28000001	29000000	96.1832,3.81679
D13	28800001	29800000	97.8378,2.16216
D13	29600001	30600000	95.3333,4.66667
D13	30400001	31400000	96.732,3.26797
D13	31200001	32200000	96.6942,3.30579
D13	32000001	33000000	94.0299,5.97015
D13	32800001	33800000	93.2432,6.75676
D13	33600001	34600000	96.2687,3.73134
D13	34400001	35400000	97.2028,2.7972
D13	35200001	36200000	96.9925,3.00752
D13	36000001	37000000	98.0263,1.97368
D13	36800001	37800000	98.0263,1.97368
D13	37600001	38600000	95.283,4.71698
D13	38400001	39400000	96.2733,3.72671
D13	39200001	40200000	99.422,0.578035
D13	40000001	41000000	100,0
D13	40800001	41800000	96.4103,3.58974
D13	41600001	42600000	94.1176,5.88235
D13	42400001	43400000	93.9655,6.03448
D13	43200001	44200000	94.1176,5.88235
D13	44000001	45000000	95.0704,4.92958
D13	44800001	45800000	95.3846,4.61538
D13	45600001	46600000	93.6,6.4
D13	46400001	47400000	94.6108,5.38922
D13	47200001	48200000	89.1667,10.8333
D13	48000001	49000000	94.2857,5.71429
D13	48800001	49800000	92.7273,7.27273
D13	49600001	50600000	86.9863,13.0137
D13	50400001	51400000	93.3824,6.61765
D13	51200001	52200000	95.5307,4.46927
D13	52000001	53000000	92.1053,7.89474
D13	52800001	53800000	88.785,11.215
D13	53600001	54600000	90.9091,9.09091
D13	54400001	55400000	87.3684,12.6316
D13	55200001	56200000	90.9774,9.02256
D13	56000001	57000000	91.4634,8.53659
D13	56800001	57800000	94.3662,5.6338
D13	57600001	58600000	60.5263,39.4737
D13	58400001	59400000	72.973,27.027
D13	59200001	60200000	79.7753,20.2247
D13	60000001	60534298	58.0645,41.9355
