A01	1	1000000	118
A01	1000001	2000000	82
A01	2000001	3000000	69
A01	3000001	4000000	38
A01	4000001	5000000	46
A01	5000001	6000000	37
A01	6000001	7000000	50
A01	7000001	8000000	63
A01	8000001	9000000	36
A01	9000001	10000000	30
A01	10000001	11000000	44
A01	11000001	12000000	52
A01	12000001	13000000	34
A01	13000001	14000000	29
A01	14000001	15000000	29
A01	15000001	16000000	14
A01	16000001	17000000	16
A01	17000001	18000000	18
A01	18000001	19000000	30
A01	19000001	20000000	35
A01	20000001	21000000	21
A01	21000001	22000000	19
A01	22000001	23000000	11
A01	23000001	24000000	11
A01	24000001	25000000	16
A01	25000001	26000000	20
A01	26000001	27000000	25
A01	27000001	28000000	7
A01	28000001	29000000	2
A01	29000001	30000000	3
A01	30000001	31000000	5
A01	31000001	32000000	9
A01	32000001	33000000	22
A01	33000001	34000000	17
A01	34000001	35000000	5
A01	35000001	36000000	0
A01	36000001	37000000	4
A01	37000001	38000000	1
A01	38000001	39000000	2
A01	39000001	40000000	15
A01	40000001	41000000	6
A01	41000001	42000000	10
A01	42000001	43000000	9
A01	43000001	44000000	2
A01	44000001	45000000	1
A01	45000001	46000000	16
A01	46000001	47000000	7
A01	47000001	48000000	5
A01	48000001	49000000	1
A01	49000001	50000000	8
A01	50000001	51000000	7
A01	51000001	52000000	3
A01	52000001	53000000	1
A01	53000001	54000000	1
A01	54000001	55000000	3
A01	55000001	56000000	4
A01	56000001	57000000	8
A01	57000001	58000000	3
A01	58000001	59000000	3
A01	59000001	60000000	4
A01	60000001	61000000	4
A01	61000001	62000000	10
A01	62000001	63000000	6
A01	63000001	64000000	7
A01	64000001	65000000	11
A01	65000001	66000000	1
A01	66000001	67000000	2
A01	67000001	68000000	0
A01	68000001	69000000	16
A01	69000001	70000000	1
A01	70000001	71000000	1
A01	71000001	72000000	7
A01	72000001	73000000	5
A01	73000001	74000000	2
A01	74000001	75000000	4
A01	75000001	76000000	18
A01	76000001	77000000	4
A01	77000001	78000000	13
A01	78000001	79000000	11
A01	79000001	80000000	6
A01	80000001	81000000	3
A01	81000001	82000000	10
A01	82000001	83000000	8
A01	83000001	84000000	17
A01	84000001	85000000	2
A01	85000001	86000000	17
A01	86000001	87000000	18
A01	87000001	88000000	13
A01	88000001	89000000	37
A01	89000001	90000000	35
A01	90000001	91000000	47
A01	91000001	92000000	29
A01	92000001	93000000	31
A01	93000001	94000000	41
A01	94000001	95000000	37
A01	95000001	96000000	58
A01	96000001	97000000	47
A01	97000001	98000000	58
A01	98000001	99000000	90
A01	99000001	100000000	94
A02	1	1000000	108
A02	1000001	2000000	69
A02	2000001	3000000	64
A02	3000001	4000000	98
A02	4000001	5000000	53
A02	5000001	6000000	48
A02	6000001	7000000	39
A02	7000001	8000000	55
A02	8000001	9000000	54
A02	9000001	10000000	44
A02	10000001	11000000	38
A02	11000001	12000000	39
A02	12000001	13000000	25
A02	13000001	14000000	18
A02	14000001	15000000	19
A02	15000001	16000000	14
A02	16000001	17000000	15
A02	17000001	18000000	7
A02	18000001	19000000	13
A02	19000001	20000000	11
A02	20000001	21000000	17
A02	21000001	22000000	4
A02	22000001	23000000	2
A02	23000001	24000000	3
A02	24000001	25000000	8
A02	25000001	26000000	5
A02	26000001	27000000	7
A02	27000001	28000000	3
A02	28000001	29000000	3
A02	29000001	30000000	7
A02	30000001	31000000	4
A02	31000001	32000000	1
A02	32000001	33000000	12
A02	33000001	34000000	3
A02	34000001	35000000	9
A02	35000001	36000000	13
A02	36000001	37000000	2
A02	37000001	38000000	1
A02	38000001	39000000	10
A02	39000001	40000000	11
A02	40000001	41000000	14
A02	41000001	42000000	11
A02	42000001	43000000	9
A02	43000001	44000000	17
A02	44000001	45000000	14
A02	45000001	46000000	19
A02	46000001	47000000	10
A02	47000001	48000000	1
A02	48000001	49000000	6
A02	49000001	50000000	1
A02	50000001	51000000	1
A02	51000001	52000000	7
A02	52000001	53000000	5
A02	53000001	54000000	3
A02	54000001	55000000	6
A02	55000001	56000000	15
A02	56000001	57000000	9
A02	57000001	58000000	1
A02	58000001	59000000	7
A02	59000001	60000000	1
A02	60000001	61000000	13
A02	61000001	62000000	12
A02	62000001	63000000	11
A02	63000001	64000000	5
A02	64000001	65000000	4
A02	65000001	66000000	10
A02	66000001	67000000	15
A02	67000001	68000000	10
A02	68000001	69000000	10
A02	69000001	70000000	5
A02	70000001	71000000	5
A02	71000001	72000000	8
A02	72000001	73000000	1
A02	73000001	74000000	28
A02	74000001	75000000	30
A02	75000001	76000000	32
A02	76000001	77000000	25
A02	77000001	78000000	15
A02	78000001	79000000	31
A02	79000001	80000000	42
A02	80000001	81000000	62
A02	81000001	82000000	61
A02	82000001	83000000	118
A02	83000001	84000000	60
A03	1	1000000	61
A03	1000001	2000000	68
A03	2000001	3000000	68
A03	3000001	4000000	58
A03	4000001	5000000	44
A03	5000001	6000000	37
A03	6000001	7000000	36
A03	7000001	8000000	40
A03	8000001	9000000	18
A03	9000001	10000000	28
A03	10000001	11000000	32
A03	11000001	12000000	15
A03	12000001	13000000	31
A03	13000001	14000000	19
A03	14000001	15000000	22
A03	15000001	16000000	20
A03	16000001	17000000	17
A03	17000001	18000000	24
A03	18000001	19000000	11
A03	19000001	20000000	7
A03	20000001	21000000	1
A03	21000001	22000000	21
A03	22000001	23000000	3
A03	23000001	24000000	5
A03	24000001	25000000	12
A03	25000001	26000000	6
A03	26000001	27000000	7
A03	27000001	28000000	9
A03	28000001	29000000	4
A03	29000001	30000000	2
A03	30000001	31000000	19
A03	31000001	32000000	3
A03	32000001	33000000	13
A03	33000001	34000000	6
A03	34000001	35000000	4
A03	35000001	36000000	1
A03	36000001	37000000	9
A03	37000001	38000000	12
A03	38000001	39000000	6
A03	39000001	40000000	2
A03	40000001	41000000	10
A03	41000001	42000000	9
A03	42000001	43000000	8
A03	43000001	44000000	12
A03	44000001	45000000	3
A03	45000001	46000000	2
A03	46000001	47000000	3
A03	47000001	48000000	14
A03	48000001	49000000	5
A03	49000001	50000000	1
A03	50000001	51000000	6
A03	51000001	52000000	2
A03	52000001	53000000	1
A03	53000001	54000000	1
A03	54000001	55000000	1
A03	55000001	56000000	5
A03	56000001	57000000	12
A03	57000001	58000000	29
A03	58000001	59000000	6
A03	59000001	60000000	10
A03	60000001	61000000	19
A03	61000001	62000000	7
A03	62000001	63000000	16
A03	63000001	64000000	11
A03	64000001	65000000	7
A03	65000001	66000000	9
A03	66000001	67000000	10
A03	67000001	68000000	2
A03	68000001	69000000	6
A03	69000001	70000000	1
A03	70000001	71000000	4
A03	71000001	72000000	2
A03	72000001	73000000	14
A03	73000001	74000000	2
A03	74000001	75000000	4
A03	75000001	76000000	16
A03	76000001	77000000	16
A03	77000001	78000000	4
A03	78000001	79000000	6
A03	79000001	80000000	8
A03	80000001	81000000	16
A03	81000001	82000000	31
A03	82000001	83000000	9
A03	83000001	84000000	16
A03	84000001	85000000	16
A03	85000001	86000000	14
A03	86000001	87000000	33
A03	87000001	88000000	10
A03	88000001	89000000	26
A03	89000001	90000000	23
A03	90000001	91000000	21
A03	91000001	92000000	31
A03	92000001	93000000	41
A03	93000001	94000000	42
A03	94000001	95000000	55
A03	95000001	96000000	53
A03	96000001	97000000	43
A03	97000001	98000000	96
A03	98000001	99000000	113
A03	99000001	100000000	123
A03	100000001	101000000	35
A04	1	1000000	73
A04	1000001	2000000	64
A04	2000001	3000000	30
A04	3000001	4000000	31
A04	4000001	5000000	43
A04	5000001	6000000	25
A04	6000001	7000000	34
A04	7000001	8000000	25
A04	8000001	9000000	21
A04	9000001	10000000	20
A04	10000001	11000000	14
A04	11000001	12000000	22
A04	12000001	13000000	19
A04	13000001	14000000	20
A04	14000001	15000000	3
A04	15000001	16000000	5
A04	16000001	17000000	0
A04	17000001	18000000	7
A04	18000001	19000000	7
A04	19000001	20000000	7
A04	20000001	21000000	6
A04	21000001	22000000	2
A04	22000001	23000000	1
A04	23000001	24000000	1
A04	24000001	25000000	6
A04	25000001	26000000	5
A04	26000001	27000000	4
A04	27000001	28000000	11
A04	28000001	29000000	7
A04	29000001	30000000	15
A04	30000001	31000000	7
A04	31000001	32000000	5
A04	32000001	33000000	4
A04	33000001	34000000	4
A04	34000001	35000000	6
A04	35000001	36000000	2
A04	36000001	37000000	7
A04	37000001	38000000	6
A04	38000001	39000000	8
A04	39000001	40000000	12
A04	40000001	41000000	14
A04	41000001	42000000	13
A04	42000001	43000000	6
A04	43000001	44000000	13
A04	44000001	45000000	22
A04	45000001	46000000	27
A04	46000001	47000000	11
A04	47000001	48000000	8
A04	48000001	49000000	13
A04	49000001	50000000	13
A04	50000001	51000000	23
A04	51000001	52000000	14
A04	52000001	53000000	24
A04	53000001	54000000	26
A04	54000001	55000000	26
A04	55000001	56000000	19
A04	56000001	57000000	26
A04	57000001	58000000	35
A04	58000001	59000000	25
A04	59000001	60000000	60
A04	60000001	61000000	85
A04	61000001	62000000	86
A04	62000001	63000000	110
A05	1	1000000	83
A05	1000001	2000000	105
A05	2000001	3000000	76
A05	3000001	4000000	101
A05	4000001	5000000	88
A05	5000001	6000000	107
A05	6000001	7000000	105
A05	7000001	8000000	125
A05	8000001	9000000	121
A05	9000001	10000000	92
A05	10000001	11000000	83
A05	11000001	12000000	104
A05	12000001	13000000	89
A05	13000001	14000000	87
A05	14000001	15000000	85
A05	15000001	16000000	114
A05	16000001	17000000	78
A05	17000001	18000000	69
A05	18000001	19000000	100
A05	19000001	20000000	95
A05	20000001	21000000	65
A05	21000001	22000000	63
A05	22000001	23000000	38
A05	23000001	24000000	43
A05	24000001	25000000	65
A05	25000001	26000000	60
A05	26000001	27000000	49
A05	27000001	28000000	43
A05	28000001	29000000	35
A05	29000001	30000000	43
A05	30000001	31000000	32
A05	31000001	32000000	20
A05	32000001	33000000	34
A05	33000001	34000000	20
A05	34000001	35000000	19
A05	35000001	36000000	25
A05	36000001	37000000	29
A05	37000001	38000000	18
A05	38000001	39000000	11
A05	39000001	40000000	15
A05	40000001	41000000	9
A05	41000001	42000000	16
A05	42000001	43000000	9
A05	43000001	44000000	12
A05	44000001	45000000	20
A05	45000001	46000000	11
A05	46000001	47000000	7
A05	47000001	48000000	6
A05	48000001	49000000	6
A05	49000001	50000000	7
A05	50000001	51000000	4
A05	51000001	52000000	5
A05	52000001	53000000	2
A05	53000001	54000000	7
A05	54000001	55000000	12
A05	55000001	56000000	17
A05	56000001	57000000	8
A05	57000001	58000000	9
A05	58000001	59000000	12
A05	59000001	60000000	8
A05	60000001	61000000	0
A05	61000001	62000000	9
A05	62000001	63000000	18
A05	63000001	64000000	1
A05	64000001	65000000	15
A05	65000001	66000000	9
A05	66000001	67000000	6
A05	67000001	68000000	9
A05	68000001	69000000	12
A05	69000001	70000000	11
A05	70000001	71000000	26
A05	71000001	72000000	9
A05	72000001	73000000	22
A05	73000001	74000000	30
A05	74000001	75000000	7
A05	75000001	76000000	7
A05	76000001	77000000	13
A05	77000001	78000000	18
A05	78000001	79000000	38
A05	79000001	80000000	30
A05	80000001	81000000	36
A05	81000001	82000000	17
A05	82000001	83000000	12
A05	83000001	84000000	47
A05	84000001	85000000	38
A05	85000001	86000000	28
A05	86000001	87000000	45
A05	87000001	88000000	34
A05	88000001	89000000	54
A05	89000001	90000000	52
A05	90000001	91000000	68
A05	91000001	92000000	75
A05	92000001	93000000	4
A06	1	1000000	111
A06	1000001	2000000	67
A06	2000001	3000000	66
A06	3000001	4000000	60
A06	4000001	5000000	25
A06	5000001	6000000	45
A06	6000001	7000000	39
A06	7000001	8000000	36
A06	8000001	9000000	25
A06	9000001	10000000	32
A06	10000001	11000000	28
A06	11000001	12000000	5
A06	12000001	13000000	1
A06	13000001	14000000	11
A06	14000001	15000000	27
A06	15000001	16000000	51
A06	16000001	17000000	19
A06	17000001	18000000	26
A06	18000001	19000000	16
A06	19000001	20000000	20
A06	20000001	21000000	3
A06	21000001	22000000	10
A06	22000001	23000000	12
A06	23000001	24000000	7
A06	24000001	25000000	6
A06	25000001	26000000	9
A06	26000001	27000000	20
A06	27000001	28000000	12
A06	28000001	29000000	10
A06	29000001	30000000	17
A06	30000001	31000000	25
A06	31000001	32000000	9
A06	32000001	33000000	22
A06	33000001	34000000	19
A06	34000001	35000000	8
A06	35000001	36000000	15
A06	36000001	37000000	9
A06	37000001	38000000	9
A06	38000001	39000000	5
A06	39000001	40000000	3
A06	40000001	41000000	3
A06	41000001	42000000	8
A06	42000001	43000000	6
A06	43000001	44000000	16
A06	44000001	45000000	7
A06	45000001	46000000	3
A06	46000001	47000000	9
A06	47000001	48000000	10
A06	48000001	49000000	8
A06	49000001	50000000	5
A06	50000001	51000000	9
A06	51000001	52000000	3
A06	52000001	53000000	0
A06	53000001	54000000	0
A06	54000001	55000000	5
A06	55000001	56000000	8
A06	56000001	57000000	3
A06	57000001	58000000	5
A06	58000001	59000000	7
A06	59000001	60000000	6
A06	60000001	61000000	1
A06	61000001	62000000	1
A06	62000001	63000000	3
A06	63000001	64000000	8
A06	64000001	65000000	14
A06	65000001	66000000	0
A06	66000001	67000000	4
A06	67000001	68000000	9
A06	68000001	69000000	12
A06	69000001	70000000	4
A06	70000001	71000000	10
A06	71000001	72000000	4
A06	72000001	73000000	3
A06	73000001	74000000	1
A06	74000001	75000000	2
A06	75000001	76000000	9
A06	76000001	77000000	4
A06	77000001	78000000	6
A06	78000001	79000000	3
A06	79000001	80000000	7
A06	80000001	81000000	5
A06	81000001	82000000	6
A06	82000001	83000000	1
A06	83000001	84000000	3
A06	84000001	85000000	22
A06	85000001	86000000	7
A06	86000001	87000000	3
A06	87000001	88000000	6
A06	88000001	89000000	20
A06	89000001	90000000	18
A06	90000001	91000000	8
A06	91000001	92000000	13
A06	92000001	93000000	16
A06	93000001	94000000	33
A06	94000001	95000000	30
A06	95000001	96000000	40
A06	96000001	97000000	39
A06	97000001	98000000	47
A06	98000001	99000000	49
A06	99000001	100000000	34
A06	100000001	101000000	48
A06	101000001	102000000	80
A06	102000001	103000000	120
A06	103000001	104000000	23
A07	1	1000000	78
A07	1000001	2000000	80
A07	2000001	3000000	88
A07	3000001	4000000	72
A07	4000001	5000000	77
A07	5000001	6000000	70
A07	6000001	7000000	62
A07	7000001	8000000	47
A07	8000001	9000000	61
A07	9000001	10000000	47
A07	10000001	11000000	40
A07	11000001	12000000	46
A07	12000001	13000000	11
A07	13000001	14000000	42
A07	14000001	15000000	42
A07	15000001	16000000	32
A07	16000001	17000000	43
A07	17000001	18000000	25
A07	18000001	19000000	37
A07	19000001	20000000	36
A07	20000001	21000000	28
A07	21000001	22000000	26
A07	22000001	23000000	18
A07	23000001	24000000	24
A07	24000001	25000000	16
A07	25000001	26000000	39
A07	26000001	27000000	27
A07	27000001	28000000	22
A07	28000001	29000000	33
A07	29000001	30000000	17
A07	30000001	31000000	21
A07	31000001	32000000	11
A07	32000001	33000000	26
A07	33000001	34000000	16
A07	34000001	35000000	13
A07	35000001	36000000	10
A07	36000001	37000000	10
A07	37000001	38000000	8
A07	38000001	39000000	13
A07	39000001	40000000	33
A07	40000001	41000000	7
A07	41000001	42000000	8
A07	42000001	43000000	12
A07	43000001	44000000	9
A07	44000001	45000000	14
A07	45000001	46000000	5
A07	46000001	47000000	4
A07	47000001	48000000	2
A07	48000001	49000000	4
A07	49000001	50000000	5
A07	50000001	51000000	11
A07	51000001	52000000	10
A07	52000001	53000000	6
A07	53000001	54000000	3
A07	54000001	55000000	3
A07	55000001	56000000	7
A07	56000001	57000000	3
A07	57000001	58000000	16
A07	58000001	59000000	3
A07	59000001	60000000	2
A07	60000001	61000000	8
A07	61000001	62000000	5
A07	62000001	63000000	18
A07	63000001	64000000	18
A07	64000001	65000000	12
A07	65000001	66000000	19
A07	66000001	67000000	7
A07	67000001	68000000	15
A07	68000001	69000000	23
A07	69000001	70000000	15
A07	70000001	71000000	30
A07	71000001	72000000	17
A07	72000001	73000000	47
A07	73000001	74000000	68
A07	74000001	75000000	50
A07	75000001	76000000	61
A07	76000001	77000000	67
A07	77000001	78000000	81
A07	78000001	79000000	18
A08	1	1000000	114
A08	1000001	2000000	80
A08	2000001	3000000	71
A08	3000001	4000000	72
A08	4000001	5000000	54
A08	5000001	6000000	57
A08	6000001	7000000	47
A08	7000001	8000000	33
A08	8000001	9000000	37
A08	9000001	10000000	13
A08	10000001	11000000	30
A08	11000001	12000000	27
A08	12000001	13000000	21
A08	13000001	14000000	10
A08	14000001	15000000	14
A08	15000001	16000000	22
A08	16000001	17000000	7
A08	17000001	18000000	6
A08	18000001	19000000	8
A08	19000001	20000000	5
A08	20000001	21000000	2
A08	21000001	22000000	11
A08	22000001	23000000	4
A08	23000001	24000000	5
A08	24000001	25000000	3
A08	25000001	26000000	5
A08	26000001	27000000	7
A08	27000001	28000000	6
A08	28000001	29000000	6
A08	29000001	30000000	2
A08	30000001	31000000	3
A08	31000001	32000000	3
A08	32000001	33000000	7
A08	33000001	34000000	5
A08	34000001	35000000	5
A08	35000001	36000000	6
A08	36000001	37000000	8
A08	37000001	38000000	3
A08	38000001	39000000	4
A08	39000001	40000000	1
A08	40000001	41000000	3
A08	41000001	42000000	6
A08	42000001	43000000	5
A08	43000001	44000000	1
A08	44000001	45000000	7
A08	45000001	46000000	11
A08	46000001	47000000	3
A08	47000001	48000000	4
A08	48000001	49000000	4
A08	49000001	50000000	8
A08	50000001	51000000	10
A08	51000001	52000000	9
A08	52000001	53000000	5
A08	53000001	54000000	3
A08	54000001	55000000	6
A08	55000001	56000000	4
A08	56000001	57000000	4
A08	57000001	58000000	6
A08	58000001	59000000	7
A08	59000001	60000000	7
A08	60000001	61000000	15
A08	61000001	62000000	6
A08	62000001	63000000	7
A08	63000001	64000000	1
A08	64000001	65000000	1
A08	65000001	66000000	2
A08	66000001	67000000	6
A08	67000001	68000000	5
A08	68000001	69000000	15
A08	69000001	70000000	12
A08	70000001	71000000	11
A08	71000001	72000000	11
A08	72000001	73000000	33
A08	73000001	74000000	24
A08	74000001	75000000	9
A08	75000001	76000000	4
A08	76000001	77000000	4
A08	77000001	78000000	8
A08	78000001	79000000	7
A08	79000001	80000000	15
A08	80000001	81000000	30
A08	81000001	82000000	38
A08	82000001	83000000	40
A08	83000001	84000000	26
A08	84000001	85000000	32
A08	85000001	86000000	35
A08	86000001	87000000	12
A08	87000001	88000000	25
A08	88000001	89000000	27
A08	89000001	90000000	38
A08	90000001	91000000	48
A08	91000001	92000000	33
A08	92000001	93000000	37
A08	93000001	94000000	24
A08	94000001	95000000	40
A08	95000001	96000000	31
A08	96000001	97000000	76
A08	97000001	98000000	62
A08	98000001	99000000	51
A08	99000001	100000000	95
A08	100000001	101000000	64
A08	101000001	102000000	86
A08	102000001	103000000	126
A08	103000001	104000000	82
A09	1	1000000	44
A09	1000001	2000000	35
A09	2000001	3000000	50
A09	3000001	4000000	25
A09	4000001	5000000	27
A09	5000001	6000000	20
A09	6000001	7000000	28
A09	7000001	8000000	31
A09	8000001	9000000	18
A09	9000001	10000000	13
A09	10000001	11000000	15
A09	11000001	12000000	6
A09	12000001	13000000	7
A09	13000001	14000000	11
A09	14000001	15000000	21
A09	15000001	16000000	7
A09	16000001	17000000	4
A09	17000001	18000000	1
A09	18000001	19000000	0
A09	19000001	20000000	2
A09	20000001	21000000	10
A09	21000001	22000000	2
A09	22000001	23000000	9
A09	23000001	24000000	1
A09	24000001	25000000	5
A09	25000001	26000000	6
A09	26000001	27000000	9
A09	27000001	28000000	4
A09	28000001	29000000	7
A09	29000001	30000000	4
A09	30000001	31000000	2
A09	31000001	32000000	3
A09	32000001	33000000	11
A09	33000001	34000000	11
A09	34000001	35000000	7
A09	35000001	36000000	10
A09	36000001	37000000	2
A09	37000001	38000000	10
A09	38000001	39000000	16
A09	39000001	40000000	10
A09	40000001	41000000	6
A09	41000001	42000000	13
A09	42000001	43000000	5
A09	43000001	44000000	11
A09	44000001	45000000	1
A09	45000001	46000000	13
A09	46000001	47000000	11
A09	47000001	48000000	28
A09	48000001	49000000	37
A09	49000001	50000000	28
A09	50000001	51000000	7
A09	51000001	52000000	13
A09	52000001	53000000	45
A09	53000001	54000000	49
A09	54000001	55000000	43
A09	55000001	56000000	40
A09	56000001	57000000	32
A09	57000001	58000000	39
A09	58000001	59000000	30
A09	59000001	60000000	54
A09	60000001	61000000	49
A09	61000001	62000000	50
A09	62000001	63000000	53
A09	63000001	64000000	56
A09	64000001	65000000	64
A09	65000001	66000000	54
A09	66000001	67000000	54
A09	67000001	68000000	93
A09	68000001	69000000	89
A09	69000001	70000000	72
A09	70000001	71000000	127
A09	71000001	72000000	108
A09	72000001	73000000	111
A09	73000001	74000000	109
A09	74000001	75000000	119
A10	1	1000000	120
A10	1000001	2000000	107
A10	2000001	3000000	99
A10	3000001	4000000	78
A10	4000001	5000000	78
A10	5000001	6000000	42
A10	6000001	7000000	42
A10	7000001	8000000	37
A10	8000001	9000000	5
A10	9000001	10000000	22
A10	10000001	11000000	35
A10	11000001	12000000	45
A10	12000001	13000000	31
A10	13000001	14000000	14
A10	14000001	15000000	15
A10	15000001	16000000	21
A10	16000001	17000000	36
A10	17000001	18000000	26
A10	18000001	19000000	26
A10	19000001	20000000	26
A10	20000001	21000000	34
A10	21000001	22000000	17
A10	22000001	23000000	15
A10	23000001	24000000	17
A10	24000001	25000000	6
A10	25000001	26000000	3
A10	26000001	27000000	5
A10	27000001	28000000	4
A10	28000001	29000000	6
A10	29000001	30000000	4
A10	30000001	31000000	5
A10	31000001	32000000	2
A10	32000001	33000000	2
A10	33000001	34000000	2
A10	34000001	35000000	0
A10	35000001	36000000	3
A10	36000001	37000000	1
A10	37000001	38000000	0
A10	38000001	39000000	3
A10	39000001	40000000	3
A10	40000001	41000000	6
A10	41000001	42000000	4
A10	42000001	43000000	8
A10	43000001	44000000	2
A10	44000001	45000000	9
A10	45000001	46000000	2
A10	46000001	47000000	2
A10	47000001	48000000	8
A10	48000001	49000000	3
A10	49000001	50000000	12
A10	50000001	51000000	6
A10	51000001	52000000	4
A10	52000001	53000000	3
A10	53000001	54000000	1
A10	54000001	55000000	5
A10	55000001	56000000	6
A10	56000001	57000000	11
A10	57000001	58000000	18
A10	58000001	59000000	15
A10	59000001	60000000	9
A10	60000001	61000000	9
A10	61000001	62000000	12
A10	62000001	63000000	23
A10	63000001	64000000	12
A10	64000001	65000000	24
A10	65000001	66000000	17
A10	66000001	67000000	19
A10	67000001	68000000	29
A10	68000001	69000000	4
A10	69000001	70000000	5
A10	70000001	71000000	14
A10	71000001	72000000	18
A10	72000001	73000000	24
A10	73000001	74000000	10
A10	74000001	75000000	1
A10	75000001	76000000	9
A10	76000001	77000000	34
A10	77000001	78000000	11
A10	78000001	79000000	12
A10	79000001	80000000	18
A10	80000001	81000000	7
A10	81000001	82000000	22
A10	82000001	83000000	12
A10	83000001	84000000	23
A10	84000001	85000000	19
A10	85000001	86000000	38
A10	86000001	87000000	21
A10	87000001	88000000	35
A10	88000001	89000000	25
A10	89000001	90000000	22
A10	90000001	91000000	24
A10	91000001	92000000	41
A10	92000001	93000000	41
A10	93000001	94000000	31
A10	94000001	95000000	39
A10	95000001	96000000	48
A10	96000001	97000000	34
A10	97000001	98000000	72
A10	98000001	99000000	46
A10	99000001	100000000	49
A10	100000001	101000000	76
A11	1	1000000	98
A11	1000001	2000000	114
A11	2000001	3000000	114
A11	3000001	4000000	104
A11	4000001	5000000	104
A11	5000001	6000000	92
A11	6000001	7000000	97
A11	7000001	8000000	85
A11	8000001	9000000	78
A11	9000001	10000000	53
A11	10000001	11000000	64
A11	11000001	12000000	55
A11	12000001	13000000	57
A11	13000001	14000000	48
A11	14000001	15000000	49
A11	15000001	16000000	72
A11	16000001	17000000	40
A11	17000001	18000000	66
A11	18000001	19000000	35
A11	19000001	20000000	34
A11	20000001	21000000	48
A11	21000001	22000000	28
A11	22000001	23000000	46
A11	23000001	24000000	41
A11	24000001	25000000	36
A11	25000001	26000000	43
A11	26000001	27000000	27
A11	27000001	28000000	15
A11	28000001	29000000	18
A11	29000001	30000000	12
A11	30000001	31000000	7
A11	31000001	32000000	13
A11	32000001	33000000	8
A11	33000001	34000000	1
A11	34000001	35000000	13
A11	35000001	36000000	7
A11	36000001	37000000	8
A11	37000001	38000000	3
A11	38000001	39000000	5
A11	39000001	40000000	2
A11	40000001	41000000	3
A11	41000001	42000000	8
A11	42000001	43000000	9
A11	43000001	44000000	3
A11	44000001	45000000	1
A11	45000001	46000000	5
A11	46000001	47000000	4
A11	47000001	48000000	10
A11	48000001	49000000	12
A11	49000001	50000000	9
A11	50000001	51000000	13
A11	51000001	52000000	12
A11	52000001	53000000	20
A11	53000001	54000000	16
A11	54000001	55000000	8
A11	55000001	56000000	15
A11	56000001	57000000	37
A11	57000001	58000000	0
A11	58000001	59000000	8
A11	59000001	60000000	5
A11	60000001	61000000	6
A11	61000001	62000000	2
A11	62000001	63000000	4
A11	63000001	64000000	16
A11	64000001	65000000	16
A11	65000001	66000000	8
A11	66000001	67000000	4
A11	67000001	68000000	19
A11	68000001	69000000	4
A11	69000001	70000000	18
A11	70000001	71000000	18
A11	71000001	72000000	24
A11	72000001	73000000	19
A11	73000001	74000000	20
A11	74000001	75000000	2
A11	75000001	76000000	2
A11	76000001	77000000	29
A11	77000001	78000000	32
A11	78000001	79000000	21
A11	79000001	80000000	30
A11	80000001	81000000	44
A11	81000001	82000000	44
A11	82000001	83000000	46
A11	83000001	84000000	53
A11	84000001	85000000	46
A11	85000001	86000000	22
A11	86000001	87000000	29
A11	87000001	88000000	27
A11	88000001	89000000	46
A11	89000001	90000000	63
A11	90000001	91000000	54
A11	91000001	92000000	43
A11	92000001	93000000	72
A11	93000001	94000000	41
A12	1	1000000	70
A12	1000001	2000000	64
A12	2000001	3000000	66
A12	3000001	4000000	57
A12	4000001	5000000	37
A12	5000001	6000000	33
A12	6000001	7000000	36
A12	7000001	8000000	45
A12	8000001	9000000	28
A12	9000001	10000000	28
A12	10000001	11000000	26
A12	11000001	12000000	14
A12	12000001	13000000	25
A12	13000001	14000000	39
A12	14000001	15000000	28
A12	15000001	16000000	16
A12	16000001	17000000	15
A12	17000001	18000000	11
A12	18000001	19000000	5
A12	19000001	20000000	3
A12	20000001	21000000	5
A12	21000001	22000000	3
A12	22000001	23000000	17
A12	23000001	24000000	2
A12	24000001	25000000	6
A12	25000001	26000000	7
A12	26000001	27000000	10
A12	27000001	28000000	2
A12	28000001	29000000	4
A12	29000001	30000000	5
A12	30000001	31000000	3
A12	31000001	32000000	3
A12	32000001	33000000	7
A12	33000001	34000000	6
A12	34000001	35000000	1
A12	35000001	36000000	4
A12	36000001	37000000	6
A12	37000001	38000000	11
A12	38000001	39000000	9
A12	39000001	40000000	5
A12	40000001	41000000	6
A12	41000001	42000000	5
A12	42000001	43000000	2
A12	43000001	44000000	11
A12	44000001	45000000	4
A12	45000001	46000000	7
A12	46000001	47000000	9
A12	47000001	48000000	17
A12	48000001	49000000	1
A12	49000001	50000000	2
A12	50000001	51000000	1
A12	51000001	52000000	1
A12	52000001	53000000	4
A12	53000001	54000000	6
A12	54000001	55000000	5
A12	55000001	56000000	4
A12	56000001	57000000	5
A12	57000001	58000000	23
A12	58000001	59000000	31
A12	59000001	60000000	45
A12	60000001	61000000	33
A12	61000001	62000000	50
A12	62000001	63000000	26
A12	63000001	64000000	40
A12	64000001	65000000	52
A12	65000001	66000000	52
A12	66000001	67000000	41
A12	67000001	68000000	39
A12	68000001	69000000	19
A12	69000001	70000000	28
A12	70000001	71000000	32
A12	71000001	72000000	27
A12	72000001	73000000	37
A12	73000001	74000000	44
A12	74000001	75000000	56
A12	75000001	76000000	47
A12	76000001	77000000	37
A12	77000001	78000000	42
A12	78000001	79000000	70
A12	79000001	80000000	50
A12	80000001	81000000	68
A12	81000001	82000000	89
A12	82000001	83000000	81
A12	83000001	84000000	106
A12	84000001	85000000	116
A12	85000001	86000000	114
A12	86000001	87000000	108
A12	87000001	88000000	61
A13	1	1000000	90
A13	1000001	2000000	91
A13	2000001	3000000	63
A13	3000001	4000000	79
A13	4000001	5000000	50
A13	5000001	6000000	53
A13	6000001	7000000	26
A13	7000001	8000000	0
A13	8000001	9000000	8
A13	9000001	10000000	11
A13	10000001	11000000	32
A13	11000001	12000000	20
A13	12000001	13000000	33
A13	13000001	14000000	38
A13	14000001	15000000	23
A13	15000001	16000000	15
A13	16000001	17000000	4
A13	17000001	18000000	10
A13	18000001	19000000	12
A13	19000001	20000000	14
A13	20000001	21000000	11
A13	21000001	22000000	10
A13	22000001	23000000	12
A13	23000001	24000000	23
A13	24000001	25000000	5
A13	25000001	26000000	13
A13	26000001	27000000	5
A13	27000001	28000000	2
A13	28000001	29000000	3
A13	29000001	30000000	2
A13	30000001	31000000	2
A13	31000001	32000000	4
A13	32000001	33000000	7
A13	33000001	34000000	11
A13	34000001	35000000	8
A13	35000001	36000000	6
A13	36000001	37000000	3
A13	37000001	38000000	11
A13	38000001	39000000	6
A13	39000001	40000000	16
A13	40000001	41000000	15
A13	41000001	42000000	6
A13	42000001	43000000	9
A13	43000001	44000000	3
A13	44000001	45000000	10
A13	45000001	46000000	15
A13	46000001	47000000	11
A13	47000001	48000000	15
A13	48000001	49000000	11
A13	49000001	50000000	6
A13	50000001	51000000	23
A13	51000001	52000000	13
A13	52000001	53000000	10
A13	53000001	54000000	6
A13	54000001	55000000	9
A13	55000001	56000000	17
A13	56000001	57000000	14
A13	57000001	58000000	4
A13	58000001	59000000	19
A13	59000001	60000000	16
A13	60000001	61000000	24
A13	61000001	62000000	29
A13	62000001	63000000	21
A13	63000001	64000000	26
A13	64000001	65000000	37
A13	65000001	66000000	40
A13	66000001	67000000	40
A13	67000001	68000000	32
A13	68000001	69000000	35
A13	69000001	70000000	35
A13	70000001	71000000	27
A13	71000001	72000000	31
A13	72000001	73000000	46
A13	73000001	74000000	63
A13	74000001	75000000	74
A13	75000001	76000000	91
A13	76000001	77000000	82
A13	77000001	78000000	50
A13	78000001	79000000	103
A13	79000001	80000000	125
D01	1	1000000	136
D01	1000001	2000000	100
D01	2000001	3000000	66
D01	3000001	4000000	54
D01	4000001	5000000	64
D01	5000001	6000000	76
D01	6000001	7000000	56
D01	7000001	8000000	29
D01	8000001	9000000	61
D01	9000001	10000000	71
D01	10000001	11000000	57
D01	11000001	12000000	24
D01	12000001	13000000	28
D01	13000001	14000000	35
D01	14000001	15000000	51
D01	15000001	16000000	39
D01	16000001	17000000	17
D01	17000001	18000000	31
D01	18000001	19000000	44
D01	19000001	20000000	21
D01	20000001	21000000	10
D01	21000001	22000000	21
D01	22000001	23000000	20
D01	23000001	24000000	17
D01	24000001	25000000	14
D01	25000001	26000000	27
D01	26000001	27000000	13
D01	27000001	28000000	17
D01	28000001	29000000	21
D01	29000001	30000000	6
D01	30000001	31000000	19
D01	31000001	32000000	17
D01	32000001	33000000	10
D01	33000001	34000000	8
D01	34000001	35000000	5
D01	35000001	36000000	14
D01	36000001	37000000	17
D01	37000001	38000000	11
D01	38000001	39000000	10
D01	39000001	40000000	22
D01	40000001	41000000	35
D01	41000001	42000000	31
D01	42000001	43000000	23
D01	43000001	44000000	24
D01	44000001	45000000	10
D01	45000001	46000000	26
D01	46000001	47000000	19
D01	47000001	48000000	26
D01	48000001	49000000	19
D01	49000001	50000000	23
D01	50000001	51000000	24
D01	51000001	52000000	25
D01	52000001	53000000	45
D01	53000001	54000000	42
D01	54000001	55000000	63
D01	55000001	56000000	40
D01	56000001	57000000	60
D01	57000001	58000000	70
D01	58000001	59000000	56
D01	59000001	60000000	79
D01	60000001	61000000	120
D01	61000001	62000000	47
D02	1	1000000	122
D02	1000001	2000000	60
D02	2000001	3000000	78
D02	3000001	4000000	30
D02	4000001	5000000	96
D02	5000001	6000000	69
D02	6000001	7000000	67
D02	7000001	8000000	68
D02	8000001	9000000	65
D02	9000001	10000000	50
D02	10000001	11000000	36
D02	11000001	12000000	32
D02	12000001	13000000	25
D02	13000001	14000000	32
D02	14000001	15000000	25
D02	15000001	16000000	10
D02	16000001	17000000	18
D02	17000001	18000000	23
D02	18000001	19000000	6
D02	19000001	20000000	18
D02	20000001	21000000	9
D02	21000001	22000000	25
D02	22000001	23000000	20
D02	23000001	24000000	16
D02	24000001	25000000	20
D02	25000001	26000000	16
D02	26000001	27000000	15
D02	27000001	28000000	17
D02	28000001	29000000	11
D02	29000001	30000000	13
D02	30000001	31000000	16
D02	31000001	32000000	14
D02	32000001	33000000	13
D02	33000001	34000000	10
D02	34000001	35000000	20
D02	35000001	36000000	22
D02	36000001	37000000	15
D02	37000001	38000000	14
D02	38000001	39000000	18
D02	39000001	40000000	20
D02	40000001	41000000	9
D02	41000001	42000000	22
D02	42000001	43000000	27
D02	43000001	44000000	27
D02	44000001	45000000	14
D02	45000001	46000000	22
D02	46000001	47000000	27
D02	47000001	48000000	10
D02	48000001	49000000	14
D02	49000001	50000000	33
D02	50000001	51000000	30
D02	51000001	52000000	23
D02	52000001	53000000	22
D02	53000001	54000000	42
D02	54000001	55000000	17
D02	55000001	56000000	33
D02	56000001	57000000	35
D02	57000001	58000000	28
D02	58000001	59000000	43
D02	59000001	60000000	36
D02	60000001	61000000	55
D02	61000001	62000000	48
D02	62000001	63000000	65
D02	63000001	64000000	68
D02	64000001	65000000	87
D02	65000001	66000000	112
D02	66000001	67000000	150
D02	67000001	68000000	39
D03	1	1000000	135
D03	1000001	2000000	67
D03	2000001	3000000	76
D03	3000001	4000000	62
D03	4000001	5000000	35
D03	5000001	6000000	38
D03	6000001	7000000	42
D03	7000001	8000000	24
D03	8000001	9000000	32
D03	9000001	10000000	19
D03	10000001	11000000	28
D03	11000001	12000000	16
D03	12000001	13000000	14
D03	13000001	14000000	6
D03	14000001	15000000	11
D03	15000001	16000000	9
D03	16000001	17000000	13
D03	17000001	18000000	8
D03	18000001	19000000	5
D03	19000001	20000000	4
D03	20000001	21000000	15
D03	21000001	22000000	2
D03	22000001	23000000	12
D03	23000001	24000000	14
D03	24000001	25000000	27
D03	25000001	26000000	41
D03	26000001	27000000	33
D03	27000001	28000000	32
D03	28000001	29000000	15
D03	29000001	30000000	28
D03	30000001	31000000	44
D03	31000001	32000000	29
D03	32000001	33000000	26
D03	33000001	34000000	30
D03	34000001	35000000	39
D03	35000001	36000000	47
D03	36000001	37000000	37
D03	37000001	38000000	36
D03	38000001	39000000	49
D03	39000001	40000000	53
D03	40000001	41000000	37
D03	41000001	42000000	54
D03	42000001	43000000	80
D03	43000001	44000000	67
D03	44000001	45000000	76
D03	45000001	46000000	39
D03	46000001	47000000	62
D04	1	1000000	72
D04	1000001	2000000	68
D04	2000001	3000000	68
D04	3000001	4000000	59
D04	4000001	5000000	65
D04	5000001	6000000	50
D04	6000001	7000000	61
D04	7000001	8000000	41
D04	8000001	9000000	45
D04	9000001	10000000	42
D04	10000001	11000000	45
D04	11000001	12000000	31
D04	12000001	13000000	22
D04	13000001	14000000	34
D04	14000001	15000000	28
D04	15000001	16000000	45
D04	16000001	17000000	21
D04	17000001	18000000	19
D04	18000001	19000000	7
D04	19000001	20000000	2
D04	20000001	21000000	9
D04	21000001	22000000	15
D04	22000001	23000000	13
D04	23000001	24000000	14
D04	24000001	25000000	12
D04	25000001	26000000	27
D04	26000001	27000000	13
D04	27000001	28000000	7
D04	28000001	29000000	20
D04	29000001	30000000	23
D04	30000001	31000000	28
D04	31000001	32000000	9
D04	32000001	33000000	14
D04	33000001	34000000	18
D04	34000001	35000000	25
D04	35000001	36000000	17
D04	36000001	37000000	37
D04	37000001	38000000	39
D04	38000001	39000000	28
D04	39000001	40000000	32
D04	40000001	41000000	28
D04	41000001	42000000	28
D04	42000001	43000000	50
D04	43000001	44000000	21
D04	44000001	45000000	41
D04	45000001	46000000	53
D04	46000001	47000000	70
D04	47000001	48000000	80
D04	48000001	49000000	97
D04	49000001	50000000	88
D04	50000001	51000000	87
D04	51000001	52000000	58
D05	1	1000000	89
D05	1000001	2000000	128
D05	2000001	3000000	140
D05	3000001	4000000	142
D05	4000001	5000000	122
D05	5000001	6000000	108
D05	6000001	7000000	107
D05	7000001	8000000	122
D05	8000001	9000000	105
D05	9000001	10000000	99
D05	10000001	11000000	110
D05	11000001	12000000	93
D05	12000001	13000000	96
D05	13000001	14000000	89
D05	14000001	15000000	123
D05	15000001	16000000	101
D05	16000001	17000000	92
D05	17000001	18000000	94
D05	18000001	19000000	98
D05	19000001	20000000	82
D05	20000001	21000000	70
D05	21000001	22000000	69
D05	22000001	23000000	52
D05	23000001	24000000	81
D05	24000001	25000000	76
D05	25000001	26000000	75
D05	26000001	27000000	55
D05	27000001	28000000	63
D05	28000001	29000000	34
D05	29000001	30000000	56
D05	30000001	31000000	27
D05	31000001	32000000	54
D05	32000001	33000000	44
D05	33000001	34000000	25
D05	34000001	35000000	19
D05	35000001	36000000	29
D05	36000001	37000000	19
D05	37000001	38000000	25
D05	38000001	39000000	13
D05	39000001	40000000	14
D05	40000001	41000000	9
D05	41000001	42000000	13
D05	42000001	43000000	23
D05	43000001	44000000	17
D05	44000001	45000000	16
D05	45000001	46000000	10
D05	46000001	47000000	23
D05	47000001	48000000	14
D05	48000001	49000000	24
D05	49000001	50000000	30
D05	50000001	51000000	43
D05	51000001	52000000	20
D05	52000001	53000000	32
D05	53000001	54000000	31
D05	54000001	55000000	50
D05	55000001	56000000	54
D05	56000001	57000000	33
D05	57000001	58000000	35
D05	58000001	59000000	56
D05	59000001	60000000	55
D05	60000001	61000000	46
D05	61000001	62000000	69
D06	1	1000000	92
D06	1000001	2000000	106
D06	2000001	3000000	70
D06	3000001	4000000	61
D06	4000001	5000000	35
D06	5000001	6000000	54
D06	6000001	7000000	68
D06	7000001	8000000	40
D06	8000001	9000000	47
D06	9000001	10000000	27
D06	10000001	11000000	45
D06	11000001	12000000	51
D06	12000001	13000000	47
D06	13000001	14000000	50
D06	14000001	15000000	45
D06	15000001	16000000	26
D06	16000001	17000000	26
D06	17000001	18000000	20
D06	18000001	19000000	32
D06	19000001	20000000	31
D06	20000001	21000000	29
D06	21000001	22000000	33
D06	22000001	23000000	27
D06	23000001	24000000	19
D06	24000001	25000000	27
D06	25000001	26000000	19
D06	26000001	27000000	30
D06	27000001	28000000	11
D06	28000001	29000000	10
D06	29000001	30000000	19
D06	30000001	31000000	14
D06	31000001	32000000	17
D06	32000001	33000000	13
D06	33000001	34000000	16
D06	34000001	35000000	7
D06	35000001	36000000	13
D06	36000001	37000000	7
D06	37000001	38000000	7
D06	38000001	39000000	8
D06	39000001	40000000	23
D06	40000001	41000000	19
D06	41000001	42000000	23
D06	42000001	43000000	17
D06	43000001	44000000	21
D06	44000001	45000000	10
D06	45000001	46000000	15
D06	46000001	47000000	19
D06	47000001	48000000	18
D06	48000001	49000000	18
D06	49000001	50000000	27
D06	50000001	51000000	25
D06	51000001	52000000	30
D06	52000001	53000000	19
D06	53000001	54000000	27
D06	54000001	55000000	43
D06	55000001	56000000	53
D06	56000001	57000000	45
D06	57000001	58000000	55
D06	58000001	59000000	57
D06	59000001	60000000	44
D06	60000001	61000000	58
D06	61000001	62000000	61
D06	62000001	63000000	92
D06	63000001	64000000	136
D06	64000001	65000000	22
D07	1	1000000	88
D07	1000001	2000000	100
D07	2000001	3000000	105
D07	3000001	4000000	77
D07	4000001	5000000	98
D07	5000001	6000000	65
D07	6000001	7000000	75
D07	7000001	8000000	70
D07	8000001	9000000	63
D07	9000001	10000000	54
D07	10000001	11000000	53
D07	11000001	12000000	74
D07	12000001	13000000	39
D07	13000001	14000000	58
D07	14000001	15000000	40
D07	15000001	16000000	53
D07	16000001	17000000	47
D07	17000001	18000000	36
D07	18000001	19000000	41
D07	19000001	20000000	41
D07	20000001	21000000	46
D07	21000001	22000000	39
D07	22000001	23000000	41
D07	23000001	24000000	27
D07	24000001	25000000	35
D07	25000001	26000000	28
D07	26000001	27000000	13
D07	27000001	28000000	36
D07	28000001	29000000	14
D07	29000001	30000000	28
D07	30000001	31000000	17
D07	31000001	32000000	28
D07	32000001	33000000	23
D07	33000001	34000000	8
D07	34000001	35000000	25
D07	35000001	36000000	18
D07	36000001	37000000	9
D07	37000001	38000000	14
D07	38000001	39000000	20
D07	39000001	40000000	0
D07	40000001	41000000	8
D07	41000001	42000000	18
D07	42000001	43000000	33
D07	43000001	44000000	27
D07	44000001	45000000	20
D07	45000001	46000000	32
D07	46000001	47000000	29
D07	47000001	48000000	27
D07	48000001	49000000	36
D07	49000001	50000000	57
D07	50000001	51000000	66
D07	51000001	52000000	60
D07	52000001	53000000	60
D07	53000001	54000000	63
D07	54000001	55000000	67
D07	55000001	56000000	20
D08	1	1000000	119
D08	1000001	2000000	95
D08	2000001	3000000	95
D08	3000001	4000000	82
D08	4000001	5000000	75
D08	5000001	6000000	69
D08	6000001	7000000	52
D08	7000001	8000000	50
D08	8000001	9000000	35
D08	9000001	10000000	41
D08	10000001	11000000	36
D08	11000001	12000000	23
D08	12000001	13000000	46
D08	13000001	14000000	15
D08	14000001	15000000	19
D08	15000001	16000000	19
D08	16000001	17000000	19
D08	17000001	18000000	11
D08	18000001	19000000	17
D08	19000001	20000000	16
D08	20000001	21000000	10
D08	21000001	22000000	3
D08	22000001	23000000	14
D08	23000001	24000000	27
D08	24000001	25000000	11
D08	25000001	26000000	20
D08	26000001	27000000	8
D08	27000001	28000000	11
D08	28000001	29000000	7
D08	29000001	30000000	17
D08	30000001	31000000	26
D08	31000001	32000000	9
D08	32000001	33000000	7
D08	33000001	34000000	7
D08	34000001	35000000	21
D08	35000001	36000000	22
D08	36000001	37000000	20
D08	37000001	38000000	15
D08	38000001	39000000	23
D08	39000001	40000000	28
D08	40000001	41000000	15
D08	41000001	42000000	26
D08	42000001	43000000	28
D08	43000001	44000000	36
D08	44000001	45000000	31
D08	45000001	46000000	21
D08	46000001	47000000	35
D08	47000001	48000000	53
D08	48000001	49000000	46
D08	49000001	50000000	44
D08	50000001	51000000	51
D08	51000001	52000000	29
D08	52000001	53000000	46
D08	53000001	54000000	65
D08	54000001	55000000	52
D08	55000001	56000000	46
D08	56000001	57000000	47
D08	57000001	58000000	61
D08	58000001	59000000	68
D08	59000001	60000000	67
D08	60000001	61000000	56
D08	61000001	62000000	83
D08	62000001	63000000	87
D08	63000001	64000000	78
D08	64000001	65000000	121
D08	65000001	66000000	113
D09	1	1000000	37
D09	1000001	2000000	37
D09	2000001	3000000	43
D09	3000001	4000000	28
D09	4000001	5000000	15
D09	5000001	6000000	28
D09	6000001	7000000	39
D09	7000001	8000000	33
D09	8000001	9000000	24
D09	9000001	10000000	21
D09	10000001	11000000	15
D09	11000001	12000000	34
D09	12000001	13000000	22
D09	13000001	14000000	10
D09	14000001	15000000	16
D09	15000001	16000000	7
D09	16000001	17000000	3
D09	17000001	18000000	15
D09	18000001	19000000	8
D09	19000001	20000000	2
D09	20000001	21000000	6
D09	21000001	22000000	12
D09	22000001	23000000	19
D09	23000001	24000000	27
D09	24000001	25000000	18
D09	25000001	26000000	13
D09	26000001	27000000	19
D09	27000001	28000000	25
D09	28000001	29000000	39
D09	29000001	30000000	44
D09	30000001	31000000	50
D09	31000001	32000000	56
D09	32000001	33000000	76
D09	33000001	34000000	48
D09	34000001	35000000	63
D09	35000001	36000000	59
D09	36000001	37000000	72
D09	37000001	38000000	63
D09	38000001	39000000	67
D09	39000001	40000000	75
D09	40000001	41000000	81
D09	41000001	42000000	73
D09	42000001	43000000	104
D09	43000001	44000000	99
D09	44000001	45000000	86
D09	45000001	46000000	119
D09	46000001	47000000	111
D09	47000001	48000000	113
D09	48000001	49000000	111
D09	49000001	50000000	110
D09	50000001	51000000	127
D10	1	1000000	124
D10	1000001	2000000	108
D10	2000001	3000000	117
D10	3000001	4000000	78
D10	4000001	5000000	95
D10	5000001	6000000	59
D10	6000001	7000000	68
D10	7000001	8000000	49
D10	8000001	9000000	61
D10	9000001	10000000	49
D10	10000001	11000000	65
D10	11000001	12000000	40
D10	12000001	13000000	49
D10	13000001	14000000	36
D10	14000001	15000000	25
D10	15000001	16000000	29
D10	16000001	17000000	31
D10	17000001	18000000	41
D10	18000001	19000000	29
D10	19000001	20000000	18
D10	20000001	21000000	39
D10	21000001	22000000	35
D10	22000001	23000000	25
D10	23000001	24000000	30
D10	24000001	25000000	25
D10	25000001	26000000	24
D10	26000001	27000000	23
D10	27000001	28000000	22
D10	28000001	29000000	16
D10	29000001	30000000	12
D10	30000001	31000000	17
D10	31000001	32000000	16
D10	32000001	33000000	9
D10	33000001	34000000	20
D10	34000001	35000000	11
D10	35000001	36000000	11
D10	36000001	37000000	6
D10	37000001	38000000	9
D10	38000001	39000000	3
D10	39000001	40000000	16
D10	40000001	41000000	15
D10	41000001	42000000	10
D10	42000001	43000000	18
D10	43000001	44000000	29
D10	44000001	45000000	15
D10	45000001	46000000	40
D10	46000001	47000000	28
D10	47000001	48000000	23
D10	48000001	49000000	32
D10	49000001	50000000	27
D10	50000001	51000000	41
D10	51000001	52000000	45
D10	52000001	53000000	35
D10	53000001	54000000	38
D10	54000001	55000000	39
D10	55000001	56000000	58
D10	56000001	57000000	45
D10	57000001	58000000	42
D10	58000001	59000000	78
D10	59000001	60000000	43
D10	60000001	61000000	50
D10	61000001	62000000	65
D10	62000001	63000000	51
D10	63000001	64000000	33
D11	1	1000000	107
D11	1000001	2000000	135
D11	2000001	3000000	111
D11	3000001	4000000	115
D11	4000001	5000000	117
D11	5000001	6000000	111
D11	6000001	7000000	122
D11	7000001	8000000	110
D11	8000001	9000000	98
D11	9000001	10000000	72
D11	10000001	11000000	93
D11	11000001	12000000	77
D11	12000001	13000000	81
D11	13000001	14000000	81
D11	14000001	15000000	82
D11	15000001	16000000	60
D11	16000001	17000000	49
D11	17000001	18000000	56
D11	18000001	19000000	55
D11	19000001	20000000	61
D11	20000001	21000000	48
D11	21000001	22000000	43
D11	22000001	23000000	31
D11	23000001	24000000	18
D11	24000001	25000000	30
D11	25000001	26000000	31
D11	26000001	27000000	26
D11	27000001	28000000	33
D11	28000001	29000000	24
D11	29000001	30000000	16
D11	30000001	31000000	35
D11	31000001	32000000	15
D11	32000001	33000000	20
D11	33000001	34000000	26
D11	34000001	35000000	19
D11	35000001	36000000	5
D11	36000001	37000000	7
D11	37000001	38000000	12
D11	38000001	39000000	18
D11	39000001	40000000	7
D11	40000001	41000000	10
D11	41000001	42000000	11
D11	42000001	43000000	18
D11	43000001	44000000	24
D11	44000001	45000000	26
D11	45000001	46000000	13
D11	46000001	47000000	37
D11	47000001	48000000	20
D11	48000001	49000000	29
D11	49000001	50000000	23
D11	50000001	51000000	39
D11	51000001	52000000	21
D11	52000001	53000000	41
D11	53000001	54000000	38
D11	54000001	55000000	33
D11	55000001	56000000	54
D11	56000001	57000000	58
D11	57000001	58000000	76
D11	58000001	59000000	70
D11	59000001	60000000	53
D11	60000001	61000000	49
D11	61000001	62000000	48
D11	62000001	63000000	54
D11	63000001	64000000	56
D11	64000001	65000000	58
D11	65000001	66000000	113
D11	66000001	67000000	15
D12	1	1000000	76
D12	1000001	2000000	81
D12	2000001	3000000	69
D12	3000001	4000000	70
D12	4000001	5000000	51
D12	5000001	6000000	45
D12	6000001	7000000	34
D12	7000001	8000000	51
D12	8000001	9000000	31
D12	9000001	10000000	37
D12	10000001	11000000	47
D12	11000001	12000000	30
D12	12000001	13000000	30
D12	13000001	14000000	19
D12	14000001	15000000	22
D12	15000001	16000000	19
D12	16000001	17000000	14
D12	17000001	18000000	13
D12	18000001	19000000	14
D12	19000001	20000000	16
D12	20000001	21000000	8
D12	21000001	22000000	5
D12	22000001	23000000	13
D12	23000001	24000000	9
D12	24000001	25000000	5
D12	25000001	26000000	23
D12	26000001	27000000	10
D12	27000001	28000000	16
D12	28000001	29000000	18
D12	29000001	30000000	10
D12	30000001	31000000	8
D12	31000001	32000000	17
D12	32000001	33000000	12
D12	33000001	34000000	6
D12	34000001	35000000	33
D12	35000001	36000000	64
D12	36000001	37000000	55
D12	37000001	38000000	44
D12	38000001	39000000	45
D12	39000001	40000000	52
D12	40000001	41000000	55
D12	41000001	42000000	72
D12	42000001	43000000	46
D12	43000001	44000000	36
D12	44000001	45000000	57
D12	45000001	46000000	44
D12	46000001	47000000	54
D12	47000001	48000000	63
D12	48000001	49000000	60
D12	49000001	50000000	55
D12	50000001	51000000	80
D12	51000001	52000000	72
D12	52000001	53000000	90
D12	53000001	54000000	97
D12	54000001	55000000	82
D12	55000001	56000000	104
D12	56000001	57000000	112
D12	57000001	58000000	113
D12	58000001	59000000	116
D12	59000001	60000000	16
D13	1	1000000	101
D13	1000001	2000000	103
D13	2000001	3000000	101
D13	3000001	4000000	69
D13	4000001	5000000	67
D13	5000001	6000000	50
D13	6000001	7000000	41
D13	7000001	8000000	52
D13	8000001	9000000	57
D13	9000001	10000000	46
D13	10000001	11000000	26
D13	11000001	12000000	40
D13	12000001	13000000	21
D13	13000001	14000000	27
D13	14000001	15000000	26
D13	15000001	16000000	36
D13	16000001	17000000	23
D13	17000001	18000000	7
D13	18000001	19000000	22
D13	19000001	20000000	21
D13	20000001	21000000	8
D13	21000001	22000000	19
D13	22000001	23000000	21
D13	23000001	24000000	11
D13	24000001	25000000	11
D13	25000001	26000000	9
D13	26000001	27000000	8
D13	27000001	28000000	11
D13	28000001	29000000	11
D13	29000001	30000000	30
D13	30000001	31000000	22
D13	31000001	32000000	8
D13	32000001	33000000	16
D13	33000001	34000000	28
D13	34000001	35000000	28
D13	35000001	36000000	31
D13	36000001	37000000	19
D13	37000001	38000000	23
D13	38000001	39000000	24
D13	39000001	40000000	13
D13	40000001	41000000	17
D13	41000001	42000000	32
D13	42000001	43000000	41
D13	43000001	44000000	23
D13	44000001	45000000	25
D13	45000001	46000000	56
D13	46000001	47000000	36
D13	47000001	48000000	50
D13	48000001	49000000	45
D13	49000001	50000000	45
D13	50000001	51000000	46
D13	51000001	52000000	35
D13	52000001	53000000	67
D13	53000001	54000000	84
D13	54000001	55000000	75
D13	55000001	56000000	92
D13	56000001	57000000	87
D13	57000001	58000000	48
D13	58000001	59000000	110
D13	59000001	60000000	97
D13	60000001	61000000	72
