A01	1	1000000	0.943396,99.0566
A01	800001	1800000	0.699301,99.3007
A01	1600001	2600000	1.53846,98.4615
A01	2400001	3400000	0.985222,99.0148
A01	3200001	4200000	0.727273,99.2727
A01	4000001	5000000	0.501253,99.4987
A01	4800001	5800000	0.437637,99.5624
A01	5600001	6600000	0.21978,99.7802
A01	6400001	7400000	0.712589,99.2874
A01	7200001	8200000	0.967742,99.0323
A01	8000001	9000000	0.199601,99.8004
A01	8800001	9800000	0.527241,99.4728
A01	9600001	10600000	0.344234,99.6558
A01	10400001	11400000	0,100
A01	11200001	12200000	0.218341,99.7817
A01	12000001	13000000	0.550964,99.449
A01	12800001	13800000	0,100
A01	13600001	14600000	0.662252,99.3377
A01	14400001	15400000	0.236967,99.763
A01	15200001	16200000	0.753296,99.2467
A01	16000001	17000000	0.203666,99.7963
A01	16800001	17800000	0.420168,99.5798
A01	17600001	18600000	0.58309,99.4169
A01	18400001	19400000	0.286533,99.7135
A01	19200001	20200000	0.289017,99.711
A01	20000001	21000000	0,100
A01	20800001	21800000	0.433839,99.5662
A01	21600001	22600000	0.381679,99.6183
A01	22400001	23400000	0.684932,99.3151
A01	23200001	24200000	0.668896,99.3311
A01	24000001	25000000	0.280899,99.7191
A01	24800001	25800000	1.29199,98.708
A01	25600001	26600000	0.797872,99.2021
A01	26400001	27400000	0.694444,99.3056
A01	27200001	28200000	0.826446,99.1736
A01	28000001	29000000	1.1194,98.8806
A01	28800001	29800000	0.26738,99.7326
A01	29600001	30600000	0,100
A01	30400001	31400000	0,100
A01	31200001	32200000	0,100
A01	32000001	33000000	0.677201,99.3228
A01	32800001	33800000	0.849858,99.1501
A01	33600001	34600000	0.30581,99.6942
A01	34400001	35400000	0.429185,99.5708
A01	35200001	36200000	1.63043,98.3696
A01	36000001	37000000	0.401606,99.5984
A01	36800001	37800000	1.22951,98.7705
A01	37600001	38600000	0.729927,99.2701
A01	38400001	39400000	0,100
A01	39200001	40200000	0,100
A01	40000001	41000000	0.355872,99.6441
A01	40800001	41800000	0.338983,99.661
A01	41600001	42600000	0,100
A01	42400001	43400000	0.930233,99.0698
A01	43200001	44200000	0,100
A01	44000001	45000000	0,100
A01	44800001	45800000	0.323625,99.6764
A01	45600001	46600000	0.340136,99.6599
A01	46400001	47400000	0,100
A01	47200001	48200000	0,100
A01	48000001	49000000	0.387597,99.6124
A01	48800001	49800000	0,100
A01	49600001	50600000	0.662252,99.3377
A01	50400001	51400000	0.3861,99.6139
A01	51200001	52200000	0,100
A01	52000001	53000000	0,100
A01	52800001	53800000	0.328947,99.6711
A01	53600001	54600000	0,100
A01	54400001	55400000	0.326797,99.6732
A01	55200001	56200000	0.769231,99.2308
A01	56000001	57000000	0.436681,99.5633
A01	56800001	57800000	0.518135,99.4819
A01	57600001	58600000	0,100
A01	58400001	59400000	0.793651,99.2063
A01	59200001	60200000	0.677966,99.322
A01	60000001	61000000	0.980392,99.0196
A01	60800001	61800000	0.383142,99.6169
A01	61600001	62600000	1.25,98.75
A01	62400001	63400000	0,100
A01	63200001	64200000	0.884956,99.115
A01	64000001	65000000	1.08696,98.913
A01	64800001	65800000	0.497512,99.5025
A01	65600001	66600000	0.904977,99.095
A01	66400001	67400000	1.21212,98.7879
A01	67200001	68200000	0.552486,99.4475
A01	68000001	69000000	0.257732,99.7423
A01	68800001	69800000	0.297619,99.7024
A01	69600001	70600000	0.490196,99.5098
A01	70400001	71400000	0.623053,99.3769
A01	71200001	72200000	0.273224,99.7268
A01	72000001	73000000	0.359712,99.6403
A01	72800001	73800000	0.763359,99.2366
A01	73600001	74600000	0,100
A01	74400001	75400000	0.338983,99.661
A01	75200001	76200000	0,100
A01	76000001	77000000	0.395257,99.6047
A01	76800001	77800000	1.03093,98.9691
A01	77600001	78600000	0.383142,99.6169
A01	78400001	79400000	0,100
A01	79200001	80200000	0,100
A01	80000001	81000000	0.888889,99.1111
A01	80800001	81800000	0.45045,99.5495
A01	81600001	82600000	0.411523,99.5885
A01	82400001	83400000	1.13208,98.8679
A01	83200001	84200000	0.44843,99.5516
A01	84000001	85000000	0.77821,99.2218
A01	84800001	85800000	0.273973,99.726
A01	85600001	86600000	0.777202,99.2228
A01	86400001	87400000	0.511509,99.4885
A01	87200001	88200000	0.540541,99.4595
A01	88000001	89000000	0.45977,99.5402
A01	88800001	89800000	0.672269,99.3277
A01	89600001	90600000	0.2457,99.7543
A01	90400001	91400000	0.26738,99.7326
A01	91200001	92200000	0.782779,99.2172
A01	92000001	93000000	0.352113,99.6479
A01	92800001	93800000	1.07066,98.9293
A01	93600001	94600000	1.08992,98.9101
A01	94400001	95400000	0.520833,99.4792
A01	95200001	96200000	0.269542,99.7305
A01	96000001	97000000	0,100
A01	96800001	97800000	0,100
A01	97600001	98600000	0,100
A01	98400001	99400000	1.45985,98.5401
A01	99200001	99884700	0.628931,99.3711
A02	1	1000000	1.0929,98.9071
A02	800001	1800000	1.75439,98.2456
A02	1600001	2600000	0.238095,99.7619
A02	2400001	3400000	0,100
A02	3200001	4200000	0.643087,99.3569
A02	4000001	5000000	0.416089,99.5839
A02	4800001	5800000	0.17331,99.8267
A02	5600001	6600000	0,100
A02	6400001	7400000	0.206612,99.7934
A02	7200001	8200000	0.242718,99.7573
A02	8000001	9000000	0.823723,99.1763
A02	8800001	9800000	0.27972,99.7203
A02	9600001	10600000	0.716332,99.2837
A02	10400001	11400000	1.12994,98.8701
A02	11200001	12200000	0.521739,99.4783
A02	12000001	13000000	0.156495,99.8435
A02	12800001	13800000	0.438596,99.5614
A02	13600001	14600000	0,100
A02	14400001	15400000	0.212766,99.7872
A02	15200001	16200000	0,100
A02	16000001	17000000	0.963855,99.0361
A02	16800001	17800000	0.276243,99.7238
A02	17600001	18600000	0.512821,99.4872
A02	18400001	19400000	0,100
A02	19200001	20200000	0,100
A02	20000001	21000000	0.505051,99.4949
A02	20800001	21800000	0.294118,99.7059
A02	21600001	22600000	1.05634,98.9437
A02	22400001	23400000	0.378788,99.6212
A02	23200001	24200000	0.895522,99.1045
A02	24000001	25000000	0.359712,99.6403
A02	24800001	25800000	0.340136,99.6599
A02	25600001	26600000	0.362319,99.6377
A02	26400001	27400000	0,100
A02	27200001	28200000	1.08696,98.913
A02	28000001	29000000	1.35135,98.6486
A02	28800001	29800000	0.943396,99.0566
A02	29600001	30600000	0.696864,99.3031
A02	30400001	31400000	0.34965,99.6503
A02	31200001	32200000	0.369004,99.631
A02	32000001	33000000	0.557103,99.4429
A02	32800001	33800000	1.2987,98.7013
A02	33600001	34600000	1.13208,98.8679
A02	34400001	35400000	1.51515,98.4848
A02	35200001	36200000	0,100
A02	36000001	37000000	0,100
A02	36800001	37800000	0.298507,99.7015
A02	37600001	38600000	0,100
A02	38400001	39400000	1.04439,98.9556
A02	39200001	40200000	0.332226,99.6678
A02	40000001	41000000	0,100
A02	40800001	41800000	0.615385,99.3846
A02	41600001	42600000	0.204499,99.7955
A02	42400001	43400000	0.193424,99.8066
A02	43200001	44200000	0.584795,99.4152
A02	44000001	45000000	0,100
A02	44800001	45800000	0.273973,99.726
A02	45600001	46600000	0.591716,99.4083
A02	46400001	47400000	0.319489,99.6805
A02	47200001	48200000	0.78125,99.2188
A02	48000001	49000000	0,100
A02	48800001	49800000	0,100
A02	49600001	50600000	0,100
A02	50400001	51400000	0,100
A02	51200001	52200000	0.295858,99.7041
A02	52000001	53000000	1.55039,98.4496
A02	52800001	53800000	0,100
A02	53600001	54600000	0,100
A02	54400001	55400000	0,100
A02	55200001	56200000	0.263158,99.7368
A02	56000001	57000000	0,100
A02	56800001	57800000	0.4,99.6
A02	57600001	58600000	0.682594,99.3174
A02	58400001	59400000	0.436681,99.5633
A02	59200001	60200000	0.914634,99.0854
A02	60000001	61000000	1.03806,98.9619
A02	60800001	61800000	0.27027,99.7297
A02	61600001	62600000	0.492611,99.5074
A02	62400001	63400000	0.732601,99.2674
A02	63200001	64200000	1.25,98.75
A02	64000001	65000000	0.763359,99.2366
A02	64800001	65800000	0.673401,99.3266
A02	65600001	66600000	0.242131,99.7579
A02	66400001	67400000	0,100
A02	67200001	68200000	0.993377,99.0066
A02	68000001	69000000	0.738007,99.262
A02	68800001	69800000	0.537634,99.4624
A02	69600001	70600000	1.28205,98.7179
A02	70400001	71400000	1.22699,98.773
A02	71200001	72200000	1.01781,98.9822
A02	72000001	73000000	0,100
A02	72800001	73800000	0,100
A02	73600001	74600000	0.148148,99.8519
A02	74400001	75400000	0.481541,99.5185
A02	75200001	76200000	0.616016,99.384
A02	76000001	77000000	0.537634,99.4624
A02	76800001	77800000	0,100
A02	77600001	78600000	0.45045,99.5495
A02	78400001	79400000	0.925926,99.0741
A02	79200001	80200000	0.921659,99.0783
A02	80000001	81000000	0.554529,99.4455
A02	80800001	81800000	0.26455,99.7354
A02	81600001	82600000	0.322581,99.6774
A02	82400001	83400000	2.98507,97.0149
A02	83200001	83447906	10,90
A03	1	1000000	0,100
A03	800001	1800000	0.361011,99.639
A03	1600001	2600000	0.529101,99.4709
A03	2400001	3400000	0,100
A03	3200001	4200000	0,100
A03	4000001	5000000	0,100
A03	4800001	5800000	0.176991,99.823
A03	5600001	6600000	0.59761,99.4024
A03	6400001	7400000	0.653595,99.3464
A03	7200001	8200000	0.891266,99.1087
A03	8000001	9000000	0.630252,99.3697
A03	8800001	9800000	0.552486,99.4475
A03	9600001	10600000	0.634249,99.3658
A03	10400001	11400000	0.555556,99.4444
A03	11200001	12200000	0.298507,99.7015
A03	12000001	13000000	0.692841,99.3072
A03	12800001	13800000	0.484262,99.5157
A03	13600001	14600000	1.04603,98.954
A03	14400001	15400000	0,100
A03	15200001	16200000	0,100
A03	16000001	17000000	1.40449,98.5955
A03	16800001	17800000	0.325203,99.6748
A03	17600001	18600000	0.164204,99.8358
A03	18400001	19400000	0.253807,99.7462
A03	19200001	20200000	0.334448,99.6656
A03	20000001	21000000	0.671141,99.3289
A03	20800001	21800000	1.0101,98.9899
A03	21600001	22600000	1.47783,98.5222
A03	22400001	23400000	1.09091,98.9091
A03	23200001	24200000	0.833333,99.1667
A03	24000001	25000000	0.296736,99.7033
A03	24800001	25800000	0,100
A03	25600001	26600000	0.390625,99.6094
A03	26400001	27400000	0.546448,99.4536
A03	27200001	28200000	0,100
A03	28000001	29000000	1.02041,98.9796
A03	28800001	29800000	0.383142,99.6169
A03	29600001	30600000	0.389105,99.6109
A03	30400001	31400000	0.58309,99.4169
A03	31200001	32200000	0.452489,99.5475
A03	32000001	33000000	0.591716,99.4083
A03	32800001	33800000	0.837989,99.162
A03	33600001	34600000	0,100
A03	34400001	35400000	0.355872,99.6441
A03	35200001	36200000	0,100
A03	36000001	37000000	0.934579,99.0654
A03	36800001	37800000	1.25,98.75
A03	37600001	38600000	1.10701,98.893
A03	38400001	39400000	0.362319,99.6377
A03	39200001	40200000	0,100
A03	40000001	41000000	0.28169,99.7183
A03	40800001	41800000	2.07254,97.9275
A03	41600001	42600000	0,100
A03	42400001	43400000	0,100
A03	43200001	44200000	0.31348,99.6865
A03	44000001	45000000	0,100
A03	44800001	45800000	0,100
A03	45600001	46600000	0.37594,99.6241
A03	46400001	47400000	0.531915,99.4681
A03	47200001	48200000	2.04082,97.9592
A03	48000001	49000000	0.632911,99.3671
A03	48800001	49800000	0,100
A03	49600001	50600000	0,100
A03	50400001	51400000	0,100
A03	51200001	52200000	0,100
A03	52000001	53000000	0,100
A03	52800001	53800000	0,100
A03	53600001	54600000	0,100
A03	54400001	55400000	0,100
A03	55200001	56200000	0,100
A03	56000001	57000000	0,100
A03	56800001	57800000	0.564972,99.435
A03	57600001	58600000	1.10497,98.895
A03	58400001	59400000	0.980392,99.0196
A03	59200001	60200000	0.438596,99.5614
A03	60000001	61000000	1.27119,98.7288
A03	60800001	61800000	0,100
A03	61600001	62600000	0.485437,99.5146
A03	62400001	63400000	1.59574,98.4043
A03	63200001	64200000	1.92308,98.0769
A03	64000001	65000000	0,100
A03	64800001	65800000	0,100
A03	65600001	66600000	0.373134,99.6269
A03	66400001	67400000	0.485437,99.5146
A03	67200001	68200000	0,100
A03	68000001	69000000	1.5625,98.4375
A03	68800001	69800000	1.27389,98.7261
A03	69600001	70600000	0,100
A03	70400001	71400000	0,100
A03	71200001	72200000	0,100
A03	72000001	73000000	0.403226,99.5968
A03	72800001	73800000	0,100
A03	73600001	74600000	0.552486,99.4475
A03	74400001	75400000	0,100
A03	75200001	76200000	0.546448,99.4536
A03	76000001	77000000	0.478469,99.5215
A03	76800001	77800000	0,100
A03	77600001	78600000	0.588235,99.4118
A03	78400001	79400000	0,100
A03	79200001	80200000	0,100
A03	80000001	81000000	0.851064,99.1489
A03	80800001	81800000	0,100
A03	81600001	82600000	0,100
A03	82400001	83400000	1.92308,98.0769
A03	83200001	84200000	0.177305,99.8227
A03	84000001	85000000	0.502513,99.4975
A03	84800001	85800000	0.666667,99.3333
A03	85600001	86600000	0,100
A03	86400001	87400000	0.549451,99.4505
A03	87200001	88200000	1.06952,98.9305
A03	88000001	89000000	0.643087,99.3569
A03	88800001	89800000	0,100
A03	89600001	90600000	0.42735,99.5726
A03	90400001	91400000	0.970874,99.0291
A03	91200001	92200000	0,100
A03	92000001	93000000	0,100
A03	92800001	93800000	0.3663,99.6337
A03	93600001	94600000	0,100
A03	94400001	95400000	0,100
A03	95200001	96200000	0,100
A03	96000001	97000000	0.404858,99.5951
A03	96800001	97800000	1.1976,98.8024
A03	97600001	98600000	0,100
A03	98400001	99400000	0,100
A03	99200001	100200000	0,100
A03	100000001	100263045	0,100
A04	1	1000000	0.345423,99.6546
A04	800001	1800000	0.321543,99.6785
A04	1600001	2600000	0.819672,99.1803
A04	2400001	3400000	0.2457,99.7543
A04	3200001	4200000	0.307692,99.6923
A04	4000001	5000000	0,100
A04	4800001	5800000	0.787402,99.2126
A04	5600001	6600000	1.89125,98.1087
A04	6400001	7400000	0.78329,99.2167
A04	7200001	8200000	0.650759,99.3492
A04	8000001	9000000	0.182815,99.8172
A04	8800001	9800000	0,100
A04	9600001	10600000	0,100
A04	10400001	11400000	0.257732,99.7423
A04	11200001	12200000	0.728155,99.2718
A04	12000001	13000000	1.07239,98.9276
A04	12800001	13800000	0,100
A04	13600001	14600000	0.34965,99.6503
A04	14400001	15400000	0.291545,99.7085
A04	15200001	16200000	0.653595,99.3464
A04	16000001	17000000	0,100
A04	16800001	17800000	0.367647,99.6324
A04	17600001	18600000	0.531915,99.4681
A04	18400001	19400000	1.5544,98.4456
A04	19200001	20200000	1.14068,98.8593
A04	20000001	21000000	1.00334,98.9967
A04	20800001	21800000	0.473934,99.5261
A04	21600001	22600000	0,100
A04	22400001	23400000	0.628931,99.3711
A04	23200001	24200000	0.851064,99.1489
A04	24000001	25000000	0,100
A04	24800001	25800000	0.557103,99.4429
A04	25600001	26600000	0.711744,99.2883
A04	26400001	27400000	0,100
A04	27200001	28200000	0.681818,99.3182
A04	28000001	29000000	0.77821,99.2218
A04	28800001	29800000	0,100
A04	29600001	30600000	0.318471,99.6815
A04	30400001	31400000	1.19522,98.8048
A04	31200001	32200000	0,100
A04	32000001	33000000	0.357143,99.6429
A04	32800001	33800000	0.558659,99.4413
A04	33600001	34600000	0,100
A04	34400001	35400000	0.813008,99.187
A04	35200001	36200000	0.314465,99.6855
A04	36000001	37000000	0.303951,99.696
A04	36800001	37800000	0.294118,99.7059
A04	37600001	38600000	0.359712,99.6403
A04	38400001	39400000	0.931677,99.0683
A04	39200001	40200000	1.26183,98.7382
A04	40000001	41000000	0.357782,99.6422
A04	40800001	41800000	0.242718,99.7573
A04	41600001	42600000	0.452489,99.5475
A04	42400001	43400000	1.02389,98.9761
A04	43200001	44200000	1.18765,98.8124
A04	44000001	45000000	0.445434,99.5546
A04	44800001	45800000	0.209205,99.7908
A04	45600001	46600000	0.460123,99.5399
A04	46400001	47400000	0.656455,99.3435
A04	47200001	48200000	0.199601,99.8004
A04	48000001	49000000	0.3125,99.6875
A04	48800001	49800000	0.715308,99.2847
A04	49600001	50600000	0.410678,99.5893
A04	50400001	51400000	0.409277,99.5907
A04	51200001	52200000	0.138696,99.8613
A04	52000001	53000000	0.312989,99.687
A04	52800001	53800000	0.531915,99.4681
A04	53600001	54600000	0.181159,99.8188
A04	54400001	55400000	0.509338,99.4907
A04	55200001	56200000	0.753296,99.2467
A04	56000001	57000000	0.304878,99.6951
A04	56800001	57800000	0,100
A04	57600001	58600000	0,100
A04	58400001	59400000	0.230415,99.7696
A04	59200001	60200000	0.486618,99.5134
A04	60000001	61000000	0,100
A04	60800001	61800000	0,100
A04	61600001	62600000	0.571429,99.4286
A04	62400001	62913772	0,100
A05	1	1000000	0.343643,99.6564
A05	800001	1800000	1.69492,98.3051
A05	1600001	2600000	0,100
A05	2400001	3400000	0,100
A05	3200001	4200000	0,100
A05	4000001	5000000	2.17391,97.8261
A05	4800001	5800000	4,96
A05	5600001	6600000	1.47059,98.5294
A05	6400001	7400000	1.26582,98.7342
A05	7200001	8200000	1.04167,98.9583
A05	8000001	9000000	6.66667,93.3333
A05	8800001	9800000	0,100
A05	9600001	10600000	0.549451,99.4505
A05	10400001	11400000	0,100
A05	11200001	12200000	2.41935,97.5806
A05	12000001	13000000	1.07527,98.9247
A05	12800001	13800000	0.34965,99.6503
A05	13600001	14600000	0,100
A05	14400001	15400000	0,100
A05	15200001	16200000	2.6455,97.3545
A05	16000001	17000000	2.6087,97.3913
A05	16800001	17800000	2.75862,97.2414
A05	17600001	18600000	0,100
A05	18400001	19400000	1.94805,98.0519
A05	19200001	20200000	2.91667,97.0833
A05	20000001	21000000	0.868056,99.1319
A05	20800001	21800000	0.733496,99.2665
A05	21600001	22600000	0.619835,99.3802
A05	22400001	23400000	0.196464,99.8035
A05	23200001	24200000	0.31348,99.6865
A05	24000001	25000000	0,100
A05	24800001	25800000	1.05485,98.9451
A05	25600001	26600000	0.343643,99.6564
A05	26400001	27400000	0.493827,99.5062
A05	27200001	28200000	0.560224,99.4398
A05	28000001	29000000	0.12837,99.8716
A05	28800001	29800000	0,100
A05	29600001	30600000	0.330579,99.6694
A05	30400001	31400000	0.264201,99.7358
A05	31200001	32200000	1.06195,98.9381
A05	32000001	33000000	0.672269,99.3277
A05	32800001	33800000	0.958904,99.0411
A05	33600001	34600000	1.4218,98.5782
A05	34400001	35400000	0.140449,99.8596
A05	35200001	36200000	0.763359,99.2366
A05	36000001	37000000	0.163934,99.8361
A05	36800001	37800000	0.865052,99.1349
A05	37600001	38600000	0.699301,99.3007
A05	38400001	39400000	0.222717,99.7773
A05	39200001	40200000	0.221239,99.7788
A05	40000001	41000000	0,100
A05	40800001	41800000	0.481928,99.5181
A05	41600001	42600000	0.248756,99.7512
A05	42400001	43400000	0.568182,99.4318
A05	43200001	44200000	1.31579,98.6842
A05	44000001	45000000	0.303951,99.696
A05	44800001	45800000	0.469484,99.5305
A05	45600001	46600000	0.413223,99.5868
A05	46400001	47400000	0,100
A05	47200001	48200000	0.215983,99.784
A05	48000001	49000000	0.694444,99.3056
A05	48800001	49800000	1.53846,98.4615
A05	49600001	50600000	0,100
A05	50400001	51400000	0.58651,99.4135
A05	51200001	52200000	0.884956,99.115
A05	52000001	53000000	0,100
A05	52800001	53800000	0.943396,99.0566
A05	53600001	54600000	0.207469,99.7925
A05	54400001	55400000	0.27248,99.7275
A05	55200001	56200000	0.440529,99.5595
A05	56000001	57000000	0.381679,99.6183
A05	56800001	57800000	0,100
A05	57600001	58600000	0,100
A05	58400001	59400000	0.706714,99.2933
A05	59200001	60200000	0.497512,99.5025
A05	60000001	61000000	0.44843,99.5516
A05	60800001	61800000	0.198413,99.8016
A05	61600001	62600000	0.0740741,99.9259
A05	62400001	63400000	0.719424,99.2806
A05	63200001	64200000	0.507614,99.4924
A05	64000001	65000000	0,100
A05	64800001	65800000	0,100
A05	65600001	66600000	1.28617,98.7138
A05	66400001	67400000	0.222222,99.7778
A05	67200001	68200000	0,100
A05	68000001	69000000	1.04712,98.9529
A05	68800001	69800000	0.636943,99.3631
A05	69600001	70600000	0.37594,99.6241
A05	70400001	71400000	0.414079,99.5859
A05	71200001	72200000	0.533333,99.4667
A05	72000001	73000000	0,100
A05	72800001	73800000	0.340716,99.6593
A05	73600001	74600000	0.414079,99.5859
A05	74400001	75400000	0.460829,99.5392
A05	75200001	76200000	0.477327,99.5227
A05	76000001	77000000	0.389105,99.6109
A05	76800001	77800000	0.243605,99.7564
A05	77600001	78600000	0.801603,99.1984
A05	78400001	79400000	0.15361,99.8464
A05	79200001	80200000	0.540541,99.4595
A05	80000001	81000000	0.727802,99.2722
A05	80800001	81800000	0.329489,99.6705
A05	81600001	82600000	0,100
A05	82400001	83400000	0.316122,99.6839
A05	83200001	84200000	0.380952,99.619
A05	84000001	85000000	0.125471,99.8745
A05	84800001	85800000	0,100
A05	85600001	86600000	0.231481,99.7685
A05	86400001	87400000	0.352113,99.6479
A05	87200001	88200000	0.840336,99.1597
A05	88000001	89000000	0.684932,99.3151
A05	88800001	89800000	0.23753,99.7625
A05	89600001	90600000	0.166113,99.8339
A05	90400001	91400000	0.414938,99.5851
A05	91200001	92200000	0,100
A05	92000001	92047023	0,100
A06	1	1000000	0.904977,99.095
A06	800001	1800000	0.248139,99.7519
A06	1600001	2600000	0.501253,99.4987
A06	2400001	3400000	0.549451,99.4505
A06	3200001	4200000	0.190476,99.8095
A06	4000001	5000000	0.27137,99.7286
A06	4800001	5800000	0.306279,99.6937
A06	5600001	6600000	0.465116,99.5349
A06	6400001	7400000	1.13208,98.8679
A06	7200001	8200000	0.293686,99.7063
A06	8000001	9000000	0.817996,99.182
A06	8800001	9800000	0.865801,99.1342
A06	9600001	10600000	1.48936,98.5106
A06	10400001	11400000	0,100
A06	11200001	12200000	0,100
A06	12000001	13000000	0.680272,99.3197
A06	12800001	13800000	0.817439,99.1826
A06	13600001	14600000	0.920245,99.0798
A06	14400001	15400000	0.958466,99.0415
A06	15200001	16200000	0.223214,99.7768
A06	16000001	17000000	0.416667,99.5833
A06	16800001	17800000	0.571429,99.4286
A06	17600001	18600000	0.423729,99.5763
A06	18400001	19400000	0.660793,99.3392
A06	19200001	20200000	0.285714,99.7143
A06	20000001	21000000	0,100
A06	20800001	21800000	0.229885,99.7701
A06	21600001	22600000	1.40845,98.5915
A06	22400001	23400000	0.573066,99.4269
A06	23200001	24200000	0.287356,99.7126
A06	24000001	25000000	0,100
A06	24800001	25800000	0,100
A06	25600001	26600000	0.383142,99.6169
A06	26400001	27400000	0.461894,99.5381
A06	27200001	28200000	0.512821,99.4872
A06	28000001	29000000	0.263852,99.7361
A06	28800001	29800000	0.660793,99.3392
A06	29600001	30600000	0.320513,99.6795
A06	30400001	31400000	0.21978,99.7802
A06	31200001	32200000	0,100
A06	32000001	33000000	0,100
A06	32800001	33800000	0.724638,99.2754
A06	33600001	34600000	0.497512,99.5025
A06	34400001	35400000	0,100
A06	35200001	36200000	0.471698,99.5283
A06	36000001	37000000	0.704225,99.2958
A06	36800001	37800000	0.249377,99.7506
A06	37600001	38600000	0.510204,99.4898
A06	38400001	39400000	0.3125,99.6875
A06	39200001	40200000	0.60241,99.3976
A06	40000001	41000000	0.37594,99.6241
A06	40800001	41800000	0.617284,99.3827
A06	41600001	42600000	0.444444,99.5556
A06	42400001	43400000	0.985222,99.0148
A06	43200001	44200000	2.29008,97.7099
A06	44000001	45000000	0.641026,99.359
A06	44800001	45800000	0.492611,99.5074
A06	45600001	46600000	1.68067,98.3193
A06	46400001	47400000	1.92308,98.0769
A06	47200001	48200000	0.655738,99.3443
A06	48000001	49000000	0.680272,99.3197
A06	48800001	49800000	0.568182,99.4318
A06	49600001	50600000	0.389105,99.6109
A06	50400001	51400000	0.438596,99.5614
A06	51200001	52200000	0.796813,99.2032
A06	52000001	53000000	0.462963,99.537
A06	52800001	53800000	1.57068,98.4293
A06	53600001	54600000	0,100
A06	54400001	55400000	0.469484,99.5305
A06	55200001	56200000	0.421941,99.5781
A06	56000001	57000000	0.531915,99.4681
A06	56800001	57800000	0,100
A06	57600001	58600000	1.93798,98.062
A06	58400001	59400000	0,100
A06	59200001	60200000	0.408163,99.5918
A06	60000001	61000000	0.913242,99.0868
A06	60800001	61800000	0.404858,99.5951
A06	61600001	62600000	0,100
A06	62400001	63400000	1.41844,98.5816
A06	63200001	64200000	0.980392,99.0196
A06	64000001	65000000	0.568182,99.4318
A06	64800001	65800000	0,100
A06	65600001	66600000	0.436681,99.5633
A06	66400001	67400000	0.60241,99.3976
A06	67200001	68200000	1.16279,98.8372
A06	68000001	69000000	1.16959,98.8304
A06	68800001	69800000	0.943396,99.0566
A06	69600001	70600000	0.632911,99.3671
A06	70400001	71400000	1.35135,98.6486
A06	71200001	72200000	0.598802,99.4012
A06	72000001	73000000	0,100
A06	72800001	73800000	0.546448,99.4536
A06	73600001	74600000	0.990099,99.0099
A06	74400001	75400000	0.632911,99.3671
A06	75200001	76200000	0,100
A06	76000001	77000000	1.79641,98.2036
A06	76800001	77800000	0.578035,99.422
A06	77600001	78600000	0,100
A06	78400001	79400000	0.938967,99.061
A06	79200001	80200000	0,100
A06	80000001	81000000	0,100
A06	80800001	81800000	0.584795,99.4152
A06	81600001	82600000	0,100
A06	82400001	83400000	1.64835,98.3516
A06	83200001	84200000	1.08696,98.913
A06	84000001	85000000	0.518135,99.4819
A06	84800001	85800000	0.873362,99.1266
A06	85600001	86600000	2.25989,97.7401
A06	86400001	87400000	0.5,99.5
A06	87200001	88200000	2.18579,97.8142
A06	88000001	89000000	0.958466,99.0415
A06	88800001	89800000	1.07143,98.9286
A06	89600001	90600000	1.49254,98.5075
A06	90400001	91400000	0,100
A06	91200001	92200000	1.37615,98.6239
A06	92000001	93000000	1.9305,98.0695
A06	92800001	93800000	1.38249,98.6175
A06	93600001	94600000	1.83486,98.1651
A06	94400001	95400000	1.79856,98.2014
A06	95200001	96200000	1.05634,98.9437
A06	96000001	97000000	0.269542,99.7305
A06	96800001	97800000	0,100
A06	97600001	98600000	0.877193,99.1228
A06	98400001	99400000	0.412371,99.5876
A06	99200001	100200000	0.278552,99.7214
A06	100000001	101000000	0.239234,99.7608
A06	100800001	101800000	0.955414,99.0446
A06	101600001	102600000	2.08333,97.9167
A06	102400001	103170444	1.69492,98.3051
A07	1	1000000	0.946372,99.0536
A07	800001	1800000	0,100
A07	1600001	2600000	0,100
A07	2400001	3400000	0.316456,99.6835
A07	3200001	4200000	0.3367,99.6633
A07	4000001	5000000	1.34228,98.6577
A07	4800001	5800000	0.295858,99.7041
A07	5600001	6600000	0.263158,99.7368
A07	6400001	7400000	0.617284,99.3827
A07	7200001	8200000	0.574713,99.4253
A07	8000001	9000000	0.265252,99.7347
A07	8800001	9800000	0.174216,99.8258
A07	9600001	10600000	0.246002,99.754
A07	10400001	11400000	0.126743,99.8733
A07	11200001	12200000	0.145985,99.854
A07	12000001	13000000	0.5,99.5
A07	12800001	13800000	0.869565,99.1304
A07	13600001	14600000	0.398406,99.6016
A07	14400001	15400000	0.221484,99.7785
A07	15200001	16200000	0.117096,99.8829
A07	16000001	17000000	0.411523,99.5885
A07	16800001	17800000	0.364299,99.6357
A07	17600001	18600000	0.412371,99.5876
A07	18400001	19400000	0.487805,99.5122
A07	19200001	20200000	0.445765,99.5542
A07	20000001	21000000	1.32075,98.6792
A07	20800001	21800000	0.485437,99.5146
A07	21600001	22600000	0.345423,99.6546
A07	22400001	23400000	0.2457,99.7543
A07	23200001	24200000	0.485437,99.5146
A07	24000001	25000000	0.298507,99.7015
A07	24800001	25800000	0.583658,99.4163
A07	25600001	26600000	0.656455,99.3435
A07	26400001	27400000	0.206612,99.7934
A07	27200001	28200000	0.460829,99.5392
A07	28000001	29000000	0.844595,99.1554
A07	28800001	29800000	1.26582,98.7342
A07	29600001	30600000	0.149701,99.8503
A07	30400001	31400000	0.604839,99.3952
A07	31200001	32200000	0,100
A07	32000001	33000000	0,100
A07	32800001	33800000	0,100
A07	33600001	34600000	0.512821,99.4872
A07	34400001	35400000	0.260417,99.7396
A07	35200001	36200000	0.346021,99.654
A07	36000001	37000000	0.411523,99.5885
A07	36800001	37800000	0.687285,99.3127
A07	37600001	38600000	0.660066,99.3399
A07	38400001	39400000	0.808625,99.1914
A07	39200001	40200000	0.265957,99.734
A07	40000001	41000000	0.414079,99.5859
A07	40800001	41800000	0.692841,99.3072
A07	41600001	42600000	0.344828,99.6552
A07	42400001	43400000	0.790514,99.2095
A07	43200001	44200000	0.793651,99.2063
A07	44000001	45000000	0.213675,99.7863
A07	44800001	45800000	0.426439,99.5736
A07	45600001	46600000	0.318471,99.6815
A07	46400001	47400000	0.431034,99.569
A07	47200001	48200000	0,100
A07	48000001	49000000	0,100
A07	48800001	49800000	0,100
A07	49600001	50600000	0.421941,99.5781
A07	50400001	51400000	0.772201,99.2278
A07	51200001	52200000	0.358423,99.6416
A07	52000001	53000000	0.390625,99.6094
A07	52800001	53800000	0.352113,99.6479
A07	53600001	54600000	0.423729,99.5763
A07	54400001	55400000	0.557103,99.4429
A07	55200001	56200000	0,100
A07	56000001	57000000	0.403226,99.5968
A07	56800001	57800000	0.357143,99.6429
A07	57600001	58600000	0,100
A07	58400001	59400000	0,100
A07	59200001	60200000	0.518135,99.4819
A07	60000001	61000000	0,100
A07	60800001	61800000	0.668896,99.3311
A07	61600001	62600000	0.511509,99.4885
A07	62400001	63400000	0.742574,99.2574
A07	63200001	64200000	0.4914,99.5086
A07	64000001	65000000	0.857143,99.1429
A07	64800001	65800000	0.244499,99.7555
A07	65600001	66600000	0.242718,99.7573
A07	66400001	67400000	0.327869,99.6721
A07	67200001	68200000	0.172117,99.8279
A07	68000001	69000000	0.109409,99.8906
A07	68800001	69800000	0.529101,99.4709
A07	69600001	70600000	1.36986,98.6301
A07	70400001	71400000	0.166945,99.8331
A07	71200001	72200000	1.02249,98.9775
A07	72000001	73000000	0.236407,99.7636
A07	72800001	73800000	0.288184,99.7118
A07	73600001	74600000	0.181488,99.8185
A07	74400001	75400000	0,100
A07	75200001	76200000	0,100
A07	76000001	77000000	0.643087,99.3569
A07	76800001	77800000	0.274725,99.7253
A07	77600001	78251018	0,100
A08	1	1000000	1.19048,98.8095
A08	800001	1800000	0,100
A08	1600001	2600000	0.320513,99.6795
A08	2400001	3400000	0.362319,99.6377
A08	3200001	4200000	0.526316,99.4737
A08	4000001	5000000	0,100
A08	4800001	5800000	0.869565,99.1304
A08	5600001	6600000	1.00671,98.9933
A08	6400001	7400000	0.411523,99.5885
A08	7200001	8200000	0.350877,99.6491
A08	8000001	9000000	0,100
A08	8800001	9800000	0.358423,99.6416
A08	9600001	10600000	0,100
A08	10400001	11400000	0,100
A08	11200001	12200000	0.243309,99.7567
A08	12000001	13000000	0.373134,99.6269
A08	12800001	13800000	0,100
A08	13600001	14600000	0,100
A08	14400001	15400000	0.421941,99.5781
A08	15200001	16200000	0.369004,99.631
A08	16000001	17000000	0,100
A08	16800001	17800000	0.324675,99.6753
A08	17600001	18600000	0,100
A08	18400001	19400000	0.657895,99.3421
A08	19200001	20200000	0,100
A08	20000001	21000000	0,100
A08	20800001	21800000	0,100
A08	21600001	22600000	0,100
A08	22400001	23400000	0,100
A08	23200001	24200000	0.641026,99.359
A08	24000001	25000000	0,100
A08	24800001	25800000	0.540541,99.4595
A08	25600001	26600000	0,100
A08	26400001	27400000	0.757576,99.2424
A08	27200001	28200000	0.414938,99.5851
A08	28000001	29000000	0,100
A08	28800001	29800000	0.460829,99.5392
A08	29600001	30600000	0,100
A08	30400001	31400000	0,100
A08	31200001	32200000	0,100
A08	32000001	33000000	0,100
A08	32800001	33800000	0,100
A08	33600001	34600000	0.649351,99.3506
A08	34400001	35400000	1.28205,98.7179
A08	35200001	36200000	0,100
A08	36000001	37000000	0.5,99.5
A08	36800001	37800000	0,100
A08	37600001	38600000	0,100
A08	38400001	39400000	1.3245,98.6755
A08	39200001	40200000	0,100
A08	40000001	41000000	0,100
A08	40800001	41800000	0,100
A08	41600001	42600000	0.621118,99.3789
A08	42400001	43400000	0,100
A08	43200001	44200000	0,100
A08	44000001	45000000	0.892857,99.1071
A08	44800001	45800000	0,100
A08	45600001	46600000	1.28205,98.7179
A08	46400001	47400000	0.584795,99.4152
A08	47200001	48200000	0.480769,99.5192
A08	48000001	49000000	0.985222,99.0148
A08	48800001	49800000	0.840336,99.1597
A08	49600001	50600000	0.840336,99.1597
A08	50400001	51400000	0.534759,99.4652
A08	51200001	52200000	0,100
A08	52000001	53000000	0,100
A08	52800001	53800000	1.40845,98.5915
A08	53600001	54600000	1.03627,98.9637
A08	54400001	55400000	0,100
A08	55200001	56200000	0,100
A08	56000001	57000000	1.57895,98.4211
A08	56800001	57800000	1.0101,98.9899
A08	57600001	58600000	0.75188,99.2481
A08	58400001	59400000	0,100
A08	59200001	60200000	0,100
A08	60000001	61000000	0.363636,99.6364
A08	60800001	61800000	0.301205,99.6988
A08	61600001	62600000	0.438596,99.5614
A08	62400001	63400000	0,100
A08	63200001	64200000	0.442478,99.5575
A08	64000001	65000000	0,100
A08	64800001	65800000	0,100
A08	65600001	66600000	0,100
A08	66400001	67400000	0.378788,99.6212
A08	67200001	68200000	0.428266,99.5717
A08	68000001	69000000	0.294118,99.7059
A08	68800001	69800000	0,100
A08	69600001	70600000	0.253165,99.7468
A08	70400001	71400000	0.533333,99.4667
A08	71200001	72200000	0,100
A08	72000001	73000000	0.379507,99.6205
A08	72800001	73800000	0.479616,99.5204
A08	73600001	74600000	0.607287,99.3927
A08	74400001	75400000	0,100
A08	75200001	76200000	0,100
A08	76000001	77000000	1.15942,98.8406
A08	76800001	77800000	0.909091,99.0909
A08	77600001	78600000	1.15274,98.8473
A08	78400001	79400000	0.902935,99.0971
A08	79200001	80200000	0.210526,99.7895
A08	80000001	81000000	0.487805,99.5122
A08	80800001	81800000	0.337838,99.6622
A08	81600001	82600000	0.184502,99.8155
A08	82400001	83400000	0.204499,99.7955
A08	83200001	84200000	0.21692,99.7831
A08	84000001	85000000	0.181818,99.8182
A08	84800001	85800000	1.00251,98.9975
A08	85600001	86600000	0.458716,99.5413
A08	86400001	87400000	0.207469,99.7925
A08	87200001	88200000	0.879121,99.1209
A08	88000001	89000000	0.663717,99.3363
A08	88800001	89800000	0,100
A08	89600001	90600000	0.793651,99.2063
A08	90400001	91400000	0.792079,99.2079
A08	91200001	92200000	0.480769,99.5192
A08	92000001	93000000	0.378072,99.6219
A08	92800001	93800000	0.757576,99.2424
A08	93600001	94600000	0.35524,99.6448
A08	94400001	95400000	0.31348,99.6865
A08	95200001	96200000	1.04167,98.9583
A08	96000001	97000000	0.429185,99.5708
A08	96800001	97800000	0.4914,99.5086
A08	97600001	98600000	0.611621,99.3884
A08	98400001	99400000	0,100
A08	99200001	100200000	0.276243,99.7238
A08	100000001	101000000	0.395257,99.6047
A08	100800001	101800000	0.990099,99.0099
A08	101600001	102600000	0,100
A08	102400001	103400000	0,100
A08	103200001	103626341	0,100
A09	1	1000000	0.280112,99.7199
A09	800001	1800000	0.537634,99.4624
A09	1600001	2600000	0,100
A09	2400001	3400000	0.775194,99.2248
A09	3200001	4200000	0.304878,99.6951
A09	4000001	5000000	0.628931,99.3711
A09	4800001	5800000	1.40056,98.5994
A09	5600001	6600000	2.6455,97.3545
A09	6400001	7400000	1.9685,98.0315
A09	7200001	8200000	1.51515,98.4848
A09	8000001	9000000	1.94175,98.0583
A09	8800001	9800000	0.78125,99.2188
A09	9600001	10600000	1.88679,98.1132
A09	10400001	11400000	1.82927,98.1707
A09	11200001	12200000	3.80952,96.1905
A09	12000001	13000000	0.609756,99.3902
A09	12800001	13800000	0,100
A09	13600001	14600000	0,100
A09	14400001	15400000	0,100
A09	15200001	16200000	1.4218,98.5782
A09	16000001	17000000	1.96078,98.0392
A09	16800001	17800000	0.877193,99.1228
A09	17600001	18600000	0.416667,99.5833
A09	18400001	19400000	0.943396,99.0566
A09	19200001	20200000	0.909091,99.0909
A09	20000001	21000000	1.40187,98.5981
A09	20800001	21800000	1.63934,98.3607
A09	21600001	22600000	0.52356,99.4764
A09	22400001	23400000	0.526316,99.4737
A09	23200001	24200000	0.877193,99.1228
A09	24000001	25000000	0.549451,99.4505
A09	24800001	25800000	2.63158,97.3684
A09	25600001	26600000	0.49505,99.505
A09	26400001	27400000	0.892857,99.1071
A09	27200001	28200000	0.381679,99.6183
A09	28000001	29000000	0.383142,99.6169
A09	28800001	29800000	0,100
A09	29600001	30600000	0,100
A09	30400001	31400000	0.444444,99.5556
A09	31200001	32200000	0.452489,99.5475
A09	32000001	33000000	0.512821,99.4872
A09	32800001	33800000	0.865801,99.1342
A09	33600001	34600000	0.704225,99.2958
A09	34400001	35400000	0.518135,99.4819
A09	35200001	36200000	1.51515,98.4848
A09	36000001	37000000	0,100
A09	36800001	37800000	1.42857,98.5714
A09	37600001	38600000	1.2605,98.7395
A09	38400001	39400000	1.59236,98.4076
A09	39200001	40200000	0.819672,99.1803
A09	40000001	41000000	0,100
A09	40800001	41800000	0.337838,99.6622
A09	41600001	42600000	0.290698,99.7093
A09	42400001	43400000	2.75591,97.2441
A09	43200001	44200000	0.485437,99.5146
A09	44000001	45000000	0,100
A09	44800001	45800000	1.02041,98.9796
A09	45600001	46600000	0,100
A09	46400001	47400000	0.574713,99.4253
A09	47200001	48200000	0.819672,99.1803
A09	48000001	49000000	0.431034,99.569
A09	48800001	49800000	0.41841,99.5816
A09	49600001	50600000	1.32013,98.6799
A09	50400001	51400000	1.88088,98.1191
A09	51200001	52200000	0.539084,99.4609
A09	52000001	53000000	0.526316,99.4737
A09	52800001	53800000	0.896861,99.1031
A09	53600001	54600000	0.596421,99.4036
A09	54400001	55400000	0,100
A09	55200001	56200000	0.423729,99.5763
A09	56000001	57000000	0.308642,99.6914
A09	56800001	57800000	0,100
A09	57600001	58600000	0,100
A09	58400001	59400000	0.911854,99.0881
A09	59200001	60200000	1.47059,98.5294
A09	60000001	61000000	0.986842,99.0132
A09	60800001	61800000	0,100
A09	61600001	62600000	0,100
A09	62400001	63400000	0.326797,99.6732
A09	63200001	64200000	0,100
A09	64000001	65000000	0.393701,99.6063
A09	64800001	65800000	0.609756,99.3902
A09	65600001	66600000	0.278552,99.7214
A09	66400001	67400000	0.903614,99.0964
A09	67200001	68200000	0.714286,99.2857
A09	68000001	69000000	0.684932,99.3151
A09	68800001	69800000	1.06383,98.9362
A09	69600001	70600000	1.21951,98.7805
A09	70400001	71400000	0,100
A09	71200001	72200000	0.47619,99.5238
A09	72000001	73000000	1.83486,98.1651
A09	72800001	73800000	2.94118,97.0588
A09	73600001	74600000	1.42857,98.5714
A09	74400001	74999931	0,100
A10	1	1000000	0.787402,99.2126
A10	800001	1800000	0,100
A10	1600001	2600000	0,100
A10	2400001	3400000	0,100
A10	3200001	4200000	0,100
A10	4000001	5000000	1.28535,98.7147
A10	4800001	5800000	0.600601,99.3994
A10	5600001	6600000	0.625,99.375
A10	6400001	7400000	1.19048,98.8095
A10	7200001	8200000	0.379507,99.6205
A10	8000001	9000000	1.0142,98.9858
A10	8800001	9800000	0.234742,99.7653
A10	9600001	10600000	0.225734,99.7743
A10	10400001	11400000	0.181818,99.8182
A10	11200001	12200000	0,100
A10	12000001	13000000	0,100
A10	12800001	13800000	0.414079,99.5859
A10	13600001	14600000	0.223214,99.7768
A10	14400001	15400000	1.29199,98.708
A10	15200001	16200000	0.446429,99.5536
A10	16000001	17000000	0.188679,99.8113
A10	16800001	17800000	0.463679,99.5363
A10	17600001	18600000	0.536673,99.4633
A10	18400001	19400000	0.171821,99.8282
A10	19200001	20200000	1.25448,98.7455
A10	20000001	21000000	0.925926,99.0741
A10	20800001	21800000	0.938967,99.061
A10	21600001	22600000	0.955414,99.0446
A10	22400001	23400000	0.389105,99.6109
A10	23200001	24200000	0.409836,99.5902
A10	24000001	25000000	0,100
A10	24800001	25800000	0,100
A10	25600001	26600000	0,100
A10	26400001	27400000	0.369004,99.631
A10	27200001	28200000	0.404858,99.5951
A10	28000001	29000000	0.58309,99.4169
A10	28800001	29800000	1.5625,98.4375
A10	29600001	30600000	0.3125,99.6875
A10	30400001	31400000	0.471698,99.5283
A10	31200001	32200000	0.328947,99.6711
A10	32000001	33000000	0.44843,99.5516
A10	32800001	33800000	0.809717,99.1903
A10	33600001	34600000	0.369004,99.631
A10	34400001	35400000	0.865801,99.1342
A10	35200001	36200000	1.02041,98.9796
A10	36000001	37000000	0.571429,99.4286
A10	36800001	37800000	0,100
A10	37600001	38600000	0,100
A10	38400001	39400000	0.409836,99.5902
A10	39200001	40200000	1.4218,98.5782
A10	40000001	41000000	0.617284,99.3827
A10	40800001	41800000	0,100
A10	41600001	42600000	0.909091,99.0909
A10	42400001	43400000	0.315457,99.6845
A10	43200001	44200000	0.46729,99.5327
A10	44000001	45000000	0,100
A10	44800001	45800000	0.398406,99.6016
A10	45600001	46600000	0.454545,99.5455
A10	46400001	47400000	1.57895,98.4211
A10	47200001	48200000	0.416667,99.5833
A10	48000001	49000000	0,100
A10	48800001	49800000	0.613497,99.3865
A10	49600001	50600000	0.444444,99.5556
A10	50400001	51400000	1.26582,98.7342
A10	51200001	52200000	0.561798,99.4382
A10	52000001	53000000	0.77821,99.2218
A10	52800001	53800000	0.52356,99.4764
A10	53600001	54600000	1.25786,98.7421
A10	54400001	55400000	0,100
A10	55200001	56200000	0.444444,99.5556
A10	56000001	57000000	1.55039,98.4496
A10	56800001	57800000	0.677966,99.322
A10	57600001	58600000	1.85874,98.1413
A10	58400001	59400000	1.26984,98.7302
A10	59200001	60200000	1.23839,98.7616
A10	60000001	61000000	0.5,99.5
A10	60800001	61800000	0.543478,99.4565
A10	61600001	62600000	1.53257,98.4674
A10	62400001	63400000	0.790514,99.2095
A10	63200001	64200000	1.06383,98.9362
A10	64000001	65000000	1.45455,98.5455
A10	64800001	65800000	0.611621,99.3884
A10	65600001	66600000	0.263158,99.7368
A10	66400001	67400000	1.875,98.125
A10	67200001	68200000	0.823045,99.177
A10	68000001	69000000	0,100
A10	68800001	69800000	1.33929,98.6607
A10	69600001	70600000	0.696864,99.3031
A10	70400001	71400000	0.970874,99.0291
A10	71200001	72200000	0.909091,99.0909
A10	72000001	73000000	0.938967,99.061
A10	72800001	73800000	1.13636,98.8636
A10	73600001	74600000	1.11732,98.8827
A10	74400001	75400000	1.17647,98.8235
A10	75200001	76200000	1.47059,98.5294
A10	76000001	77000000	0.45045,99.5495
A10	76800001	77800000	0.662252,99.3377
A10	77600001	78600000	0,100
A10	78400001	79400000	0.829876,99.1701
A10	79200001	80200000	0,100
A10	80000001	81000000	0.392157,99.6078
A10	80800001	81800000	0,100
A10	81600001	82600000	0.735294,99.2647
A10	82400001	83400000	1.78571,98.2143
A10	83200001	84200000	1.33779,98.6622
A10	84000001	85000000	1.38122,98.6188
A10	84800001	85800000	0.30303,99.697
A10	85600001	86600000	0.619195,99.3808
A10	86400001	87400000	0.617284,99.3827
A10	87200001	88200000	0.257732,99.7423
A10	88000001	89000000	0.207469,99.7925
A10	88800001	89800000	0.428266,99.5717
A10	89600001	90600000	0.543478,99.4565
A10	90400001	91400000	0.283286,99.7167
A10	91200001	92200000	0.404858,99.5951
A10	92000001	93000000	0.246305,99.7537
A10	92800001	93800000	0.593472,99.4065
A10	93600001	94600000	0.810811,99.1892
A10	94400001	95400000	0,100
A10	95200001	96200000	0.597015,99.403
A10	96000001	97000000	0.5,99.5
A10	96800001	97800000	0.338983,99.661
A10	97600001	98600000	0,100
A10	98400001	99400000	1.70213,98.2979
A10	99200001	100200000	2.18579,97.8142
A10	100000001	101000000	0,100
A10	100800001	100866604	0,100
A11	1	1000000	0,100
A11	800001	1800000	1.27389,98.7261
A11	1600001	2600000	1.5873,98.4127
A11	2400001	3400000	0,100
A11	3200001	4200000	0,100
A11	4000001	5000000	0,100
A11	4800001	5800000	0,100
A11	5600001	6600000	1.33333,98.6667
A11	6400001	7400000	0,100
A11	7200001	8200000	0,100
A11	8000001	9000000	0.497512,99.5025
A11	8800001	9800000	0.276243,99.7238
A11	9600001	10600000	0.60241,99.3976
A11	10400001	11400000	0.380228,99.6198
A11	11200001	12200000	0,100
A11	12000001	13000000	0.699301,99.3007
A11	12800001	13800000	0.60423,99.3958
A11	13600001	14600000	0.273224,99.7268
A11	14400001	15400000	0.308642,99.6914
A11	15200001	16200000	0,100
A11	16000001	17000000	0.380228,99.6198
A11	16800001	17800000	0.775194,99.2248
A11	17600001	18600000	0.252525,99.7475
A11	18400001	19400000	0.402414,99.5976
A11	19200001	20200000	0.197628,99.8024
A11	20000001	21000000	0.791557,99.2084
A11	20800001	21800000	0.324149,99.6759
A11	21600001	22600000	0.461894,99.5381
A11	22400001	23400000	0.173913,99.8261
A11	23200001	24200000	0.214592,99.7854
A11	24000001	25000000	0.511945,99.4881
A11	24800001	25800000	0.212314,99.7877
A11	25600001	26600000	0.43573,99.5643
A11	26400001	27400000	1.14286,98.8571
A11	27200001	28200000	0.956938,99.0431
A11	28000001	29000000	0.958466,99.0415
A11	28800001	29800000	0.729927,99.2701
A11	29600001	30600000	0.243309,99.7567
A11	30400001	31400000	0.357143,99.6429
A11	31200001	32200000	0,100
A11	32000001	33000000	0,100
A11	32800001	33800000	0,100
A11	33600001	34600000	0,100
A11	34400001	35400000	1.2931,98.7069
A11	35200001	36200000	0.393701,99.6063
A11	36000001	37000000	0.649351,99.3506
A11	36800001	37800000	0.338983,99.661
A11	37600001	38600000	0.460829,99.5392
A11	38400001	39400000	0,100
A11	39200001	40200000	1.53061,98.4694
A11	40000001	41000000	0.321543,99.6785
A11	40800001	41800000	0.338983,99.661
A11	41600001	42600000	0,100
A11	42400001	43400000	0.537634,99.4624
A11	43200001	44200000	0,100
A11	44000001	45000000	0.444444,99.5556
A11	44800001	45800000	0,100
A11	45600001	46600000	0.684932,99.3151
A11	46400001	47400000	0.316456,99.6835
A11	47200001	48200000	0,100
A11	48000001	49000000	0,100
A11	48800001	49800000	0,100
A11	49600001	50600000	0,100
A11	50400001	51400000	0.252525,99.7475
A11	51200001	52200000	1.14286,98.8571
A11	52000001	53000000	0.235294,99.7647
A11	52800001	53800000	0.236967,99.763
A11	53600001	54600000	1.2987,98.7013
A11	54400001	55400000	0.483092,99.5169
A11	55200001	56200000	0,100
A11	56000001	57000000	0.42735,99.5726
A11	56800001	57800000	0.699301,99.3007
A11	57600001	58600000	0,100
A11	58400001	59400000	0,100
A11	59200001	60200000	1.2987,98.7013
A11	60000001	61000000	1.16279,98.8372
A11	60800001	61800000	0.358423,99.6416
A11	61600001	62600000	0,100
A11	62400001	63400000	0.250627,99.7494
A11	63200001	64200000	0.198807,99.8012
A11	64000001	65000000	1.07817,98.9218
A11	64800001	65800000	0,100
A11	65600001	66600000	0.355872,99.6441
A11	66400001	67400000	0.268817,99.7312
A11	67200001	68200000	0.795756,99.2042
A11	68000001	69000000	0,100
A11	68800001	69800000	0.419287,99.5807
A11	69600001	70600000	0.550964,99.449
A11	70400001	71400000	0.198807,99.8012
A11	71200001	72200000	0,100
A11	72000001	73000000	0.215983,99.784
A11	72800001	73800000	0.485437,99.5146
A11	73600001	74600000	1.1583,98.8417
A11	74400001	75400000	0,100
A11	75200001	76200000	0,100
A11	76000001	77000000	0.238663,99.7613
A11	76800001	77800000	0.17762,99.8224
A11	77600001	78600000	0.357782,99.6422
A11	78400001	79400000	0.642398,99.3576
A11	79200001	80200000	0.892857,99.1071
A11	80000001	81000000	0.43956,99.5604
A11	80800001	81800000	0.674157,99.3258
A11	81600001	82600000	0.714286,99.2857
A11	82400001	83400000	0.19305,99.8069
A11	83200001	84200000	0.2331,99.7669
A11	84000001	85000000	0.923788,99.0762
A11	84800001	85800000	0.705882,99.2941
A11	85600001	86600000	0,100
A11	86400001	87400000	0.376648,99.6234
A11	87200001	88200000	0.952381,99.0476
A11	88000001	89000000	1.63934,98.3607
A11	88800001	89800000	0.189753,99.8102
A11	89600001	90600000	0.27027,99.7297
A11	90400001	91400000	0.308642,99.6914
A11	91200001	92200000	0,100
A11	92000001	93000000	0,100
A11	92800001	93316192	0,100
A12	1	1000000	0.280899,99.7191
A12	800001	1800000	0.914634,99.0854
A12	1600001	2600000	0.357143,99.6429
A12	2400001	3400000	0.243902,99.7561
A12	3200001	4200000	0,100
A12	4000001	5000000	0.14245,99.8575
A12	4800001	5800000	0,100
A12	5600001	6600000	0.382409,99.6176
A12	6400001	7400000	0.410678,99.5893
A12	7200001	8200000	1.13269,98.8673
A12	8000001	9000000	1.42518,98.5748
A12	8800001	9800000	0.94697,99.053
A12	9600001	10600000	0.664452,99.3355
A12	10400001	11400000	0.578035,99.422
A12	11200001	12200000	0.511073,99.4889
A12	12000001	13000000	0,100
A12	12800001	13800000	0.187266,99.8127
A12	13600001	14600000	0.966184,99.0338
A12	14400001	15400000	0.767263,99.2327
A12	15200001	16200000	0.273224,99.7268
A12	16000001	17000000	0.700935,99.2991
A12	16800001	17800000	0.25,99.75
A12	17600001	18600000	0.925926,99.0741
A12	18400001	19400000	0.242718,99.7573
A12	19200001	20200000	1.17994,98.8201
A12	20000001	21000000	0,100
A12	20800001	21800000	0.182815,99.8172
A12	21600001	22600000	0.248756,99.7512
A12	22400001	23400000	0.252525,99.7475
A12	23200001	24200000	0.341297,99.6587
A12	24000001	25000000	0.409836,99.5902
A12	24800001	25800000	0,100
A12	25600001	26600000	0,100
A12	26400001	27400000	0.337838,99.6622
A12	27200001	28200000	0,100
A12	28000001	29000000	0.276243,99.7238
A12	28800001	29800000	0.292398,99.7076
A12	29600001	30600000	0,100
A12	30400001	31400000	0.492611,99.5074
A12	31200001	32200000	0,100
A12	32000001	33000000	0,100
A12	32800001	33800000	1.65017,98.3498
A12	33600001	34600000	1.35135,98.6486
A12	34400001	35400000	0.591716,99.4083
A12	35200001	36200000	0.497512,99.5025
A12	36000001	37000000	0.473934,99.5261
A12	36800001	37800000	1.60643,98.3936
A12	37600001	38600000	0.615385,99.3846
A12	38400001	39400000	0.746269,99.2537
A12	39200001	40200000	0.323625,99.6764
A12	40000001	41000000	0.362319,99.6377
A12	40800001	41800000	0,100
A12	41600001	42600000	0,100
A12	42400001	43400000	0,100
A12	43200001	44200000	0.763359,99.2366
A12	44000001	45000000	0,100
A12	44800001	45800000	1.13208,98.8679
A12	45600001	46600000	0.380228,99.6198
A12	46400001	47400000	0.819672,99.1803
A12	47200001	48200000	0.290698,99.7093
A12	48000001	49000000	0,100
A12	48800001	49800000	0.3367,99.6633
A12	49600001	50600000	0,100
A12	50400001	51400000	0,100
A12	51200001	52200000	0.3367,99.6633
A12	52000001	53000000	0,100
A12	52800001	53800000	0.729927,99.2701
A12	53600001	54600000	0.97561,99.0244
A12	54400001	55400000	0.209644,99.7904
A12	55200001	56200000	0.714286,99.2857
A12	56000001	57000000	0,100
A12	56800001	57800000	0.421941,99.5781
A12	57600001	58600000	1.22549,98.7745
A12	58400001	59400000	0.245098,99.7549
A12	59200001	60200000	0.177305,99.8227
A12	60000001	61000000	0,100
A12	60800001	61800000	0.204082,99.7959
A12	61600001	62600000	0,100
A12	62400001	63400000	0.160256,99.8397
A12	63200001	64200000	0.677966,99.322
A12	64000001	65000000	0.220264,99.7797
A12	64800001	65800000	0.930233,99.0698
A12	65600001	66600000	0.941176,99.0588
A12	66400001	67400000	0.27933,99.7207
A12	67200001	68200000	0,100
A12	68000001	69000000	0.580271,99.4197
A12	68800001	69800000	0.41841,99.5816
A12	69600001	70600000	0.163399,99.8366
A12	70400001	71400000	0.17762,99.8224
A12	71200001	72200000	0.147493,99.8525
A12	72000001	73000000	0.663717,99.3363
A12	72800001	73800000	0.722022,99.278
A12	73600001	74600000	0.520833,99.4792
A12	74400001	75400000	0.630252,99.3697
A12	75200001	76200000	0.336134,99.6639
A12	76000001	77000000	0.4158,99.5842
A12	76800001	77800000	0,100
A12	77600001	78600000	0.218341,99.7817
A12	78400001	79400000	0.461894,99.5381
A12	79200001	80200000	0,100
A12	80000001	81000000	0,100
A12	80800001	81800000	1.5544,98.4456
A12	81600001	82600000	0.701754,99.2982
A12	82400001	83400000	1.31004,98.69
A12	83200001	84200000	1.06952,98.9305
A12	84000001	85000000	1.44928,98.5507
A12	84800001	85800000	0,100
A12	85600001	86600000	0,100
A12	86400001	87400000	0,100
A12	87200001	87484866	0,100
A13	1	1000000	0.677201,99.3228
A13	800001	1800000	0.454545,99.5455
A13	1600001	2600000	0.426439,99.5736
A13	2400001	3400000	0.544959,99.455
A13	3200001	4200000	0.636943,99.3631
A13	4000001	5000000	0.394477,99.6055
A13	4800001	5800000	0.207469,99.7925
A13	5600001	6600000	0.477707,99.5223
A13	6400001	7400000	0.274725,99.7253
A13	7200001	8200000	0,100
A13	8000001	9000000	0,100
A13	8800001	9800000	0.862069,99.1379
A13	9600001	10600000	0.475059,99.5249
A13	10400001	11400000	0,100
A13	11200001	12200000	0,100
A13	12000001	13000000	0.180505,99.8195
A13	12800001	13800000	0.353982,99.646
A13	13600001	14600000	0.375235,99.6248
A13	14400001	15400000	0.126422,99.8736
A13	15200001	16200000	0.245098,99.7549
A13	16000001	17000000	0.684932,99.3151
A13	16800001	17800000	0.993377,99.0066
A13	17600001	18600000	0.323625,99.6764
A13	18400001	19400000	0.529101,99.4709
A13	19200001	20200000	0.328947,99.6711
A13	20000001	21000000	0.831025,99.169
A13	20800001	21800000	0.534759,99.4652
A13	21600001	22600000	0,100
A13	22400001	23400000	0.26178,99.7382
A13	23200001	24200000	0.327869,99.6721
A13	24000001	25000000	0.389105,99.6109
A13	24800001	25800000	0.327869,99.6721
A13	25600001	26600000	1.92308,98.0769
A13	26400001	27400000	0.369004,99.631
A13	27200001	28200000	0.364964,99.635
A13	28000001	29000000	0.862069,99.1379
A13	28800001	29800000	1.21212,98.7879
A13	29600001	30600000	1.13636,98.8636
A13	30400001	31400000	0,100
A13	31200001	32200000	0,100
A13	32000001	33000000	0,100
A13	32800001	33800000	0.810811,99.1892
A13	33600001	34600000	0,100
A13	34400001	35400000	1.49254,98.5075
A13	35200001	36200000	0.900901,99.0991
A13	36000001	37000000	0,100
A13	36800001	37800000	0.636943,99.3631
A13	37600001	38600000	0.724638,99.2754
A13	38400001	39400000	1.82371,98.1763
A13	39200001	40200000	2.68199,97.318
A13	40000001	41000000	1.76056,98.2394
A13	40800001	41800000	2.10084,97.8992
A13	41600001	42600000	0,100
A13	42400001	43400000	0,100
A13	43200001	44200000	0,100
A13	44000001	45000000	0.689655,99.3103
A13	44800001	45800000	0.52356,99.4764
A13	45600001	46600000	1.33779,98.6622
A13	46400001	47400000	2.1978,97.8022
A13	47200001	48200000	1.2,98.8
A13	48000001	49000000	0.462963,99.537
A13	48800001	49800000	0.425532,99.5745
A13	49600001	50600000	0.531915,99.4681
A13	50400001	51400000	0.925926,99.0741
A13	51200001	52200000	1.34228,98.6577
A13	52000001	53000000	0,100
A13	52800001	53800000	0.900901,99.0991
A13	53600001	54600000	0.471698,99.5283
A13	54400001	55400000	1.05263,98.9474
A13	55200001	56200000	0.221729,99.7783
A13	56000001	57000000	0.30303,99.697
A13	56800001	57800000	1.48699,98.513
A13	57600001	58600000	1.67224,98.3278
A13	58400001	59400000	0.228311,99.7717
A13	59200001	60200000	0.600601,99.3994
A13	60000001	61000000	0.58651,99.4135
A13	60800001	61800000	1.33333,98.6667
A13	61600001	62600000	0.490196,99.5098
A13	62400001	63400000	0.27248,99.7275
A13	63200001	64200000	0,100
A13	64000001	65000000	1.09091,98.9091
A13	64800001	65800000	0.396825,99.6032
A13	65600001	66600000	2.44755,97.5524
A13	66400001	67400000	0.900901,99.0991
A13	67200001	68200000	0.377358,99.6226
A13	68000001	69000000	0.600601,99.3994
A13	68800001	69800000	0.220751,99.7792
A13	69600001	70600000	0.204499,99.7955
A13	70400001	71400000	0,100
A13	71200001	72200000	0.18622,99.8138
A13	72000001	73000000	0.787402,99.2126
A13	72800001	73800000	0.793651,99.2063
A13	73600001	74600000	0.251889,99.7481
A13	74400001	75400000	0.473934,99.5261
A13	75200001	76200000	0,100
A13	76000001	77000000	0.636943,99.3631
A13	76800001	77800000	0,100
A13	77600001	78600000	1.63934,98.3607
A13	78400001	79400000	9.09091,90.9091
A13	79200001	79961121	1.06383,98.9362
D01	1	1000000	0.598802,99.4012
D01	800001	1800000	1.14943,98.8506
D01	1600001	2600000	4.26829,95.7317
D01	2400001	3400000	1.39665,98.6034
D01	3200001	4200000	0.292398,99.7076
D01	4000001	5000000	0,100
D01	4800001	5800000	1.00671,98.9933
D01	5600001	6600000	0.211416,99.7886
D01	6400001	7400000	0.396825,99.6032
D01	7200001	8200000	0.181818,99.8182
D01	8000001	9000000	0.721154,99.2788
D01	8800001	9800000	0.366972,99.633
D01	9600001	10600000	0.731707,99.2683
D01	10400001	11400000	0.707547,99.2925
D01	11200001	12200000	0.321027,99.679
D01	12000001	13000000	0.562852,99.4371
D01	12800001	13800000	0.226757,99.7732
D01	13600001	14600000	0.214133,99.7859
D01	14400001	15400000	0,100
D01	15200001	16200000	0,100
D01	16000001	17000000	0.495868,99.5041
D01	16800001	17800000	0.498339,99.5017
D01	17600001	18600000	0.363636,99.6364
D01	18400001	19400000	0.184502,99.8155
D01	19200001	20200000	0.402414,99.5976
D01	20000001	21000000	0.524934,99.4751
D01	20800001	21800000	0.188324,99.8117
D01	21600001	22600000	1.15702,98.843
D01	22400001	23400000	0.558659,99.4413
D01	23200001	24200000	1.28205,98.7179
D01	24000001	25000000	0.421053,99.5789
D01	24800001	25800000	0.6,99.4
D01	25600001	26600000	0.205339,99.7947
D01	26400001	27400000	0.205339,99.7947
D01	27200001	28200000	0,100
D01	28000001	29000000	0.21978,99.7802
D01	28800001	29800000	0.516796,99.4832
D01	29600001	30600000	0.987654,99.0123
D01	30400001	31400000	0.518135,99.4819
D01	31200001	32200000	0.230415,99.7696
D01	32000001	33000000	0.775194,99.2248
D01	32800001	33800000	0.434783,99.5652
D01	33600001	34600000	0.58651,99.4135
D01	34400001	35400000	0.607903,99.3921
D01	35200001	36200000	0.293255,99.7067
D01	36000001	37000000	0.727273,99.2727
D01	36800001	37800000	1.03093,98.9691
D01	37600001	38600000	0.412371,99.5876
D01	38400001	39400000	0.499168,99.5008
D01	39200001	40200000	0.210084,99.7899
D01	40000001	41000000	0.552486,99.4475
D01	40800001	41800000	0.769231,99.2308
D01	41600001	42600000	0.468384,99.5316
D01	42400001	43400000	0.980392,99.0196
D01	43200001	44200000	0.386847,99.6132
D01	44000001	45000000	0.517241,99.4828
D01	44800001	45800000	0.356295,99.6437
D01	45600001	46600000	0.900901,99.0991
D01	46400001	47400000	1.02302,98.977
D01	47200001	48200000	0,100
D01	48000001	49000000	0.17094,99.8291
D01	48800001	49800000	0.211416,99.7886
D01	49600001	50600000	0.268097,99.7319
D01	50400001	51400000	0.227273,99.7727
D01	51200001	52200000	1.05708,98.9429
D01	52000001	53000000	0.575816,99.4242
D01	52800001	53800000	0.501253,99.4987
D01	53600001	54600000	0.172414,99.8276
D01	54400001	55400000	0.183486,99.8165
D01	55200001	56200000	0.595238,99.4048
D01	56000001	57000000	0.191939,99.8081
D01	56800001	57800000	0.316456,99.6835
D01	57600001	58600000	0.25974,99.7403
D01	58400001	59400000	0.235849,99.7642
D01	59200001	60200000	1.58311,98.4169
D01	60000001	61000000	1.0989,98.9011
D01	60800001	61456009	1.1236,98.8764
D02	1	1000000	1.3986,98.6014
D02	800001	1800000	0.75188,99.2481
D02	1600001	2600000	0.877193,99.1228
D02	2400001	3400000	0.930233,99.0698
D02	3200001	4200000	0,100
D02	4000001	5000000	1.04167,98.9583
D02	4800001	5800000	0.900901,99.0991
D02	5600001	6600000	1.10193,98.8981
D02	6400001	7400000	1.14504,98.855
D02	7200001	8200000	0.934579,99.0654
D02	8000001	9000000	0,100
D02	8800001	9800000	0.757576,99.2424
D02	9600001	10600000	0.915332,99.0847
D02	10400001	11400000	1.40515,98.5948
D02	11200001	12200000	0.25,99.75
D02	12000001	13000000	0.25,99.75
D02	12800001	13800000	1,99
D02	13600001	14600000	0.797448,99.2026
D02	14400001	15400000	0.325203,99.6748
D02	15200001	16200000	0.977995,99.022
D02	16000001	17000000	0.573066,99.4269
D02	16800001	17800000	0.479616,99.5204
D02	17600001	18600000	0.810811,99.1892
D02	18400001	19400000	0.726392,99.2736
D02	19200001	20200000	1.57233,98.4277
D02	20000001	21000000	0.920245,99.0798
D02	20800001	21800000	0.26738,99.7326
D02	21600001	22600000	0.359712,99.6403
D02	22400001	23400000	0.176991,99.823
D02	23200001	24200000	0.271003,99.729
D02	24000001	25000000	0.609756,99.3902
D02	24800001	25800000	0.707547,99.2925
D02	25600001	26600000	0.235849,99.7642
D02	26400001	27400000	0.28169,99.7183
D02	27200001	28200000	0.364964,99.635
D02	28000001	29000000	0,100
D02	28800001	29800000	0,100
D02	29600001	30600000	0.694444,99.3056
D02	30400001	31400000	0,100
D02	31200001	32200000	0,100
D02	32000001	33000000	0,100
D02	32800001	33800000	0,100
D02	33600001	34600000	0.70922,99.2908
D02	34400001	35400000	0.511073,99.4889
D02	35200001	36200000	0.20202,99.798
D02	36000001	37000000	1.34228,98.6577
D02	36800001	37800000	0.512821,99.4872
D02	37600001	38600000	0.634921,99.3651
D02	38400001	39400000	1.67866,98.3213
D02	39200001	40200000	1.2024,98.7976
D02	40000001	41000000	1.12613,98.8739
D02	40800001	41800000	0.691244,99.3088
D02	41600001	42600000	0.71599,99.284
D02	42400001	43400000	0.628931,99.3711
D02	43200001	44200000	1.0101,98.9899
D02	44000001	45000000	0.168634,99.8314
D02	44800001	45800000	0.681431,99.3186
D02	45600001	46600000	0.483092,99.5169
D02	46400001	47400000	0.43956,99.5604
D02	47200001	48200000	0.773196,99.2268
D02	48000001	49000000	0.426439,99.5736
D02	48800001	49800000	0.616016,99.384
D02	49600001	50600000	1.2012,98.7988
D02	50400001	51400000	0.736648,99.2634
D02	51200001	52200000	0.423729,99.5763
D02	52000001	53000000	0.250627,99.7494
D02	52800001	53800000	0.622407,99.3776
D02	53600001	54600000	0.469484,99.5305
D02	54400001	55400000	0.447761,99.5522
D02	55200001	56200000	0.505902,99.4941
D02	56000001	57000000	0.290698,99.7093
D02	56800001	57800000	0.940439,99.0596
D02	57600001	58600000	0.259067,99.7409
D02	58400001	59400000	0.40404,99.596
D02	59200001	60200000	0.155039,99.845
D02	60000001	61000000	0.209644,99.7904
D02	60800001	61800000	0.775194,99.2248
D02	61600001	62600000	0.198807,99.8012
D02	62400001	63400000	0.4329,99.5671
D02	63200001	64200000	0,100
D02	64000001	65000000	0.325733,99.6743
D02	64800001	65800000	0,100
D02	65600001	66600000	0.719424,99.2806
D02	66400001	67400000	1,99
D02	67200001	67284553	0,100
D03	1	1000000	0,100
D03	800001	1800000	0.668896,99.3311
D03	1600001	2600000	0,100
D03	2400001	3400000	0.849858,99.1501
D03	3200001	4200000	0.263158,99.7368
D03	4000001	5000000	0.446429,99.5536
D03	4800001	5800000	0.790514,99.2095
D03	5600001	6600000	0.346021,99.654
D03	6400001	7400000	0.149477,99.8505
D03	7200001	8200000	0,100
D03	8000001	9000000	0.346021,99.654
D03	8800001	9800000	0.321543,99.6785
D03	9600001	10600000	0.680272,99.3197
D03	10400001	11400000	1.13122,98.8688
D03	11200001	12200000	0.662252,99.3377
D03	12000001	13000000	0.218341,99.7817
D03	12800001	13800000	0,100
D03	13600001	14600000	0.367647,99.6324
D03	14400001	15400000	0.26178,99.7382
D03	15200001	16200000	0.223214,99.7768
D03	16000001	17000000	0,100
D03	16800001	17800000	0.647249,99.3528
D03	17600001	18600000	0.327869,99.6721
D03	18400001	19400000	0.304878,99.6951
D03	19200001	20200000	0,100
D03	20000001	21000000	0,100
D03	20800001	21800000	0.621118,99.3789
D03	21600001	22600000	0.584795,99.4152
D03	22400001	23400000	1.0929,98.9071
D03	23200001	24200000	0.470588,99.5294
D03	24000001	25000000	0.500835,99.4992
D03	24800001	25800000	0.541516,99.4585
D03	25600001	26600000	0.31348,99.6865
D03	26400001	27400000	0.527241,99.4728
D03	27200001	28200000	1.2474,98.7526
D03	28000001	29000000	0.987654,99.0123
D03	28800001	29800000	0.195695,99.8043
D03	29600001	30600000	0.458716,99.5413
D03	30400001	31400000	0.346021,99.654
D03	31200001	32200000	0.316957,99.683
D03	32000001	33000000	0.180505,99.8195
D03	32800001	33800000	1.06383,98.9362
D03	33600001	34600000	0.3861,99.6139
D03	34400001	35400000	0.223714,99.7763
D03	35200001	36200000	0.591716,99.4083
D03	36000001	37000000	0.856531,99.1435
D03	36800001	37800000	0.198413,99.8016
D03	37600001	38600000	0.230947,99.7691
D03	38400001	39400000	0,100
D03	39200001	40200000	0,100
D03	40000001	41000000	0,100
D03	40800001	41800000	0,100
D03	41600001	42600000	0.250627,99.7494
D03	42400001	43400000	0.813008,99.187
D03	43200001	44200000	0.699301,99.3007
D03	44000001	45000000	1.13636,98.8636
D03	44800001	45800000	2.21239,97.7876
D03	45600001	46600000	0.854701,99.1453
D03	46400001	46690656	0,100
D04	1	1000000	0,100
D04	800001	1800000	0.318471,99.6815
D04	1600001	2600000	0.847458,99.1525
D04	2400001	3400000	1.05263,98.9474
D04	3200001	4200000	0.692042,99.308
D04	4000001	5000000	0.320513,99.6795
D04	4800001	5800000	0.576369,99.4236
D04	5600001	6600000	0.263158,99.7368
D04	6400001	7400000	0.397614,99.6024
D04	7200001	8200000	0,100
D04	8000001	9000000	0.785855,99.2141
D04	8800001	9800000	1.32626,98.6737
D04	9600001	10600000	0.692841,99.3072
D04	10400001	11400000	0.17331,99.8267
D04	11200001	12200000	0.200803,99.7992
D04	12000001	13000000	0,100
D04	12800001	13800000	0.380228,99.6198
D04	13600001	14600000	0.221729,99.7783
D04	14400001	15400000	0.833333,99.1667
D04	15200001	16200000	0.219298,99.7807
D04	16000001	17000000	0.985222,99.0148
D04	16800001	17800000	1.25945,98.7406
D04	17600001	18600000	0,100
D04	18400001	19400000	0,100
D04	19200001	20200000	0.323625,99.6764
D04	20000001	21000000	0.320513,99.6795
D04	20800001	21800000	0.436681,99.5633
D04	21600001	22600000	1.55763,98.4424
D04	22400001	23400000	0.597015,99.403
D04	23200001	24200000	0.826446,99.1736
D04	24000001	25000000	0.462963,99.537
D04	24800001	25800000	0.75188,99.2481
D04	25600001	26600000	0.473934,99.5261
D04	26400001	27400000	0.257069,99.7429
D04	27200001	28200000	0.380228,99.6198
D04	28000001	29000000	0,100
D04	28800001	29800000	0.398406,99.6016
D04	29600001	30600000	0.530504,99.4695
D04	30400001	31400000	0.842105,99.1579
D04	31200001	32200000	0.211864,99.7881
D04	32000001	33000000	0.337268,99.6627
D04	32800001	33800000	2.22222,97.7778
D04	33600001	34600000	0.487013,99.513
D04	34400001	35400000	0.943396,99.0566
D04	35200001	36200000	0.749064,99.2509
D04	36000001	37000000	0.495868,99.5041
D04	36800001	37800000	0.225734,99.7743
D04	37600001	38600000	0.579151,99.4208
D04	38400001	39400000	0.585652,99.4143
D04	39200001	40200000	0.44843,99.5516
D04	40000001	41000000	0.206186,99.7938
D04	40800001	41800000	0.316456,99.6835
D04	41600001	42600000	1.25,98.75
D04	42400001	43400000	0.787402,99.2126
D04	43200001	44200000	0.200803,99.7992
D04	44000001	45000000	0,100
D04	44800001	45800000	0,100
D04	45600001	46600000	0.434783,99.5652
D04	46400001	47400000	0,100
D04	47200001	48200000	0,100
D04	48000001	49000000	0,100
D04	48800001	49800000	0,100
D04	49600001	50600000	0,100
D04	50400001	51400000	1.14286,98.8571
D04	51200001	51454130	0,100
D05	1	1000000	0.980392,99.0196
D05	800001	1800000	1.33333,98.6667
D05	1600001	2600000	1.2987,98.7013
D05	2400001	3400000	0,100
D05	3200001	4200000	0,100
D05	4000001	5000000	0,100
D05	4800001	5800000	1.11111,98.8889
D05	5600001	6600000	0,100
D05	6400001	7400000	4.54545,95.4545
D05	7200001	8200000	3.79747,96.2025
D05	8000001	9000000	2.7027,97.2973
D05	8800001	9800000	0,100
D05	9600001	10600000	4.47761,95.5224
D05	10400001	11400000	0,100
D05	11200001	12200000	0,100
D05	12000001	13000000	0,100
D05	12800001	13800000	0,100
D05	13600001	14600000	0,100
D05	14400001	15400000	0.833333,99.1667
D05	15200001	16200000	0.980392,99.0196
D05	16000001	17000000	1.05263,98.9474
D05	16800001	17800000	1.5873,98.4127
D05	17600001	18600000	0.78125,99.2188
D05	18400001	19400000	0,100
D05	19200001	20200000	0,100
D05	20000001	21000000	0,100
D05	20800001	21800000	0,100
D05	21600001	22600000	0,100
D05	22400001	23400000	0,100
D05	23200001	24200000	0.571429,99.4286
D05	24000001	25000000	0.854701,99.1453
D05	24800001	25800000	0,100
D05	25600001	26600000	0.754717,99.2453
D05	26400001	27400000	0.280899,99.7191
D05	27200001	28200000	0.898204,99.1018
D05	28000001	29000000	0.746269,99.2537
D05	28800001	29800000	0.259067,99.7409
D05	29600001	30600000	0.416667,99.5833
D05	30400001	31400000	1.00756,98.9924
D05	31200001	32200000	1.03627,98.9637
D05	32000001	33000000	0.600601,99.3994
D05	32800001	33800000	0,100
D05	33600001	34600000	0.217391,99.7826
D05	34400001	35400000	0.357143,99.6429
D05	35200001	36200000	0.453515,99.5465
D05	36000001	37000000	0.240385,99.7596
D05	36800001	37800000	0.28169,99.7183
D05	37600001	38600000	1.21951,98.7805
D05	38400001	39400000	1.06101,98.939
D05	39200001	40200000	0.763359,99.2366
D05	40000001	41000000	0,100
D05	40800001	41800000	0.485437,99.5146
D05	41600001	42600000	0.514139,99.4859
D05	42400001	43400000	0.52356,99.4764
D05	43200001	44200000	0.864553,99.1354
D05	44000001	45000000	0.502513,99.4975
D05	44800001	45800000	0,100
D05	45600001	46600000	0,100
D05	46400001	47400000	0.31679,99.6832
D05	47200001	48200000	1.15607,98.8439
D05	48000001	49000000	0.677966,99.322
D05	48800001	49800000	0.447427,99.5526
D05	49600001	50600000	0.252525,99.7475
D05	50400001	51400000	0.369004,99.631
D05	51200001	52200000	0.896861,99.1031
D05	52000001	53000000	1.33333,98.6667
D05	52800001	53800000	1.84332,98.1567
D05	53600001	54600000	0.569801,99.4302
D05	54400001	55400000	1.99203,98.008
D05	55200001	56200000	0.743494,99.2565
D05	56000001	57000000	0.35524,99.6448
D05	56800001	57800000	0.419287,99.5807
D05	57600001	58600000	0.40404,99.596
D05	58400001	59400000	1.33333,98.6667
D05	59200001	60200000	2.83688,97.1631
D05	60000001	61000000	1.36986,98.6301
D05	60800001	61800000	0.514139,99.4859
D05	61600001	61933047	0,100
D06	1	1000000	1.93798,98.062
D06	800001	1800000	0,100
D06	1600001	2600000	0.680272,99.3197
D06	2400001	3400000	0,100
D06	3200001	4200000	0.386847,99.6132
D06	4000001	5000000	0.818331,99.1817
D06	4800001	5800000	0.954654,99.0453
D06	5600001	6600000	0.227273,99.7727
D06	6400001	7400000	0.178891,99.8211
D06	7200001	8200000	0,100
D06	8000001	9000000	0,100
D06	8800001	9800000	0.511509,99.4885
D06	9600001	10600000	0,100
D06	10400001	11400000	0.209644,99.7904
D06	11200001	12200000	0,100
D06	12000001	13000000	0.462963,99.537
D06	12800001	13800000	0.510204,99.4898
D06	13600001	14600000	0.336134,99.6639
D06	14400001	15400000	0.83682,99.1632
D06	15200001	16200000	0.557621,99.4424
D06	16000001	17000000	0.218818,99.7812
D06	16800001	17800000	0.273224,99.7268
D06	17600001	18600000	0.225734,99.7743
D06	18400001	19400000	0.226244,99.7738
D06	19200001	20200000	0.677201,99.3228
D06	20000001	21000000	0.451467,99.5485
D06	20800001	21800000	1.3544,98.6456
D06	21600001	22600000	0.45977,99.5402
D06	22400001	23400000	0.218341,99.7817
D06	23200001	24200000	0.321543,99.6785
D06	24000001	25000000	0.426439,99.5736
D06	24800001	25800000	0.271739,99.7283
D06	25600001	26600000	0.601202,99.3988
D06	26400001	27400000	0.980392,99.0196
D06	27200001	28200000	0,100
D06	28000001	29000000	0.321543,99.6785
D06	28800001	29800000	0.228833,99.7712
D06	29600001	30600000	0.674157,99.3258
D06	30400001	31400000	0.311526,99.6885
D06	31200001	32200000	0.543478,99.4565
D06	32000001	33000000	0,100
D06	32800001	33800000	0,100
D06	33600001	34600000	0,100
D06	34400001	35400000	0,100
D06	35200001	36200000	0,100
D06	36000001	37000000	0.258398,99.7416
D06	36800001	37800000	1.26984,98.7302
D06	37600001	38600000	0.41841,99.5816
D06	38400001	39400000	1.17302,98.827
D06	39200001	40200000	0.534759,99.4652
D06	40000001	41000000	0.273973,99.726
D06	40800001	41800000	0.531915,99.4681
D06	41600001	42600000	0,100
D06	42400001	43400000	0.301205,99.6988
D06	43200001	44200000	0.484262,99.5157
D06	44000001	45000000	0.371747,99.6283
D06	44800001	45800000	0.381679,99.6183
D06	45600001	46600000	0.727273,99.2727
D06	46400001	47400000	0,100
D06	47200001	48200000	0.746269,99.2537
D06	48000001	49000000	0.790514,99.2095
D06	48800001	49800000	0.490196,99.5098
D06	49600001	50600000	0.533333,99.4667
D06	50400001	51400000	0.395257,99.6047
D06	51200001	52200000	0.358423,99.6416
D06	52000001	53000000	0.657895,99.3421
D06	52800001	53800000	0,100
D06	53600001	54600000	1.06383,98.9362
D06	54400001	55400000	0,100
D06	55200001	56200000	0.641026,99.359
D06	56000001	57000000	1.3245,98.6755
D06	56800001	57800000	0,100
D06	57600001	58600000	0,100
D06	58400001	59400000	0.321543,99.6785
D06	59200001	60200000	1.53846,98.4615
D06	60000001	61000000	0.444444,99.5556
D06	60800001	61800000	0.37594,99.6241
D06	61600001	62600000	1.28755,98.7124
D06	62400001	63400000	0.892857,99.1071
D06	63200001	64200000	0.840336,99.1597
D06	64000001	64294643	0,100
D07	1	1000000	1.06952,98.9305
D07	800001	1800000	0.917431,99.0826
D07	1600001	2600000	0,100
D07	2400001	3400000	0,100
D07	3200001	4200000	0.337838,99.6622
D07	4000001	5000000	0.454545,99.5455
D07	4800001	5800000	0.630915,99.3691
D07	5600001	6600000	0.946372,99.0536
D07	6400001	7400000	0.791557,99.2084
D07	7200001	8200000	0.809717,99.1903
D07	8000001	9000000	0.254453,99.7455
D07	8800001	9800000	0.204918,99.7951
D07	9600001	10600000	0.596421,99.4036
D07	10400001	11400000	1.09489,98.9051
D07	11200001	12200000	0.726392,99.2736
D07	12000001	13000000	0.316957,99.683
D07	12800001	13800000	0.179856,99.8201
D07	13600001	14600000	0.496689,99.5033
D07	14400001	15400000	0.712589,99.2874
D07	15200001	16200000	0.43956,99.5604
D07	16000001	17000000	0.352734,99.6473
D07	16800001	17800000	0.384615,99.6154
D07	17600001	18600000	0,100
D07	18400001	19400000	0,100
D07	19200001	20200000	0.224719,99.7753
D07	20000001	21000000	0.33389,99.6661
D07	20800001	21800000	1.36986,98.6301
D07	21600001	22600000	0.214133,99.7859
D07	22400001	23400000	0.470219,99.5298
D07	23200001	24200000	0.634249,99.3658
D07	24000001	25000000	0.446429,99.5536
D07	24800001	25800000	0.202429,99.7976
D07	25600001	26600000	0.447427,99.5526
D07	26400001	27400000	0.271739,99.7283
D07	27200001	28200000	0.21645,99.7835
D07	28000001	29000000	0.138122,99.8619
D07	28800001	29800000	0.43956,99.5604
D07	29600001	30600000	0.87146,99.1285
D07	30400001	31400000	1.01781,98.9822
D07	31200001	32200000	0.23753,99.7625
D07	32000001	33000000	0,100
D07	32800001	33800000	0.536193,99.4638
D07	33600001	34600000	0.655738,99.3443
D07	34400001	35400000	0.477327,99.5227
D07	35200001	36200000	0.5,99.5
D07	36000001	37000000	0,100
D07	36800001	37800000	0,100
D07	37600001	38600000	0.769231,99.2308
D07	38400001	39400000	0.341297,99.6587
D07	39200001	40200000	0.743494,99.2565
D07	40000001	41000000	1.17647,98.8235
D07	40800001	41800000	0.558659,99.4413
D07	41600001	42600000	0.342466,99.6575
D07	42400001	43400000	0,100
D07	43200001	44200000	0.455581,99.5444
D07	44000001	45000000	1.0453,98.9547
D07	44800001	45800000	0.332226,99.6678
D07	45600001	46600000	0.576369,99.4236
D07	46400001	47400000	0.326264,99.6737
D07	47200001	48200000	0.735294,99.2647
D07	48000001	49000000	0,100
D07	48800001	49800000	0.296736,99.7033
D07	49600001	50600000	0.884956,99.115
D07	50400001	51400000	0,100
D07	51200001	52200000	0,100
D07	52000001	53000000	0.315457,99.6845
D07	52800001	53800000	0.315457,99.6845
D07	53600001	54600000	0.301205,99.6988
D07	54400001	55400000	0.217865,99.7821
D07	55200001	55312611	0,100
D08	1	1000000	0.384615,99.6154
D08	800001	1800000	0.632911,99.3671
D08	1600001	2600000	0.995025,99.005
D08	2400001	3400000	0,100
D08	3200001	4200000	1.66113,98.3389
D08	4000001	5000000	0.552486,99.4475
D08	4800001	5800000	0.3003,99.6997
D08	5600001	6600000	0.212766,99.7872
D08	6400001	7400000	0.186916,99.8131
D08	7200001	8200000	0.209205,99.7908
D08	8000001	9000000	0.385356,99.6146
D08	8800001	9800000	0.511073,99.4889
D08	9600001	10600000	1.75439,98.2456
D08	10400001	11400000	0.782779,99.2172
D08	11200001	12200000	0,100
D08	12000001	13000000	0.167504,99.8325
D08	12800001	13800000	1.11288,98.8871
D08	13600001	14600000	1.2939,98.7061
D08	14400001	15400000	0.420168,99.5798
D08	15200001	16200000	0.655738,99.3443
D08	16000001	17000000	0.627615,99.3724
D08	16800001	17800000	0.487805,99.5122
D08	17600001	18600000	0.938967,99.061
D08	18400001	19400000	0.862069,99.1379
D08	19200001	20200000	0.702576,99.2974
D08	20000001	21000000	0,100
D08	20800001	21800000	1.11524,98.8848
D08	21600001	22600000	0.537634,99.4624
D08	22400001	23400000	0.260417,99.7396
D08	23200001	24200000	0.894855,99.1051
D08	24000001	25000000	0.75188,99.2481
D08	24800001	25800000	0.552486,99.4475
D08	25600001	26600000	1.51515,98.4848
D08	26400001	27400000	0.664452,99.3355
D08	27200001	28200000	0.423729,99.5763
D08	28000001	29000000	0.456621,99.5434
D08	28800001	29800000	0,100
D08	29600001	30600000	0,100
D08	30400001	31400000	0.753769,99.2462
D08	31200001	32200000	0.259067,99.7409
D08	32000001	33000000	0.653595,99.3464
D08	32800001	33800000	0.277778,99.7222
D08	33600001	34600000	1.17302,98.827
D08	34400001	35400000	0.246305,99.7537
D08	35200001	36200000	0.239234,99.7608
D08	36000001	37000000	0.261097,99.7389
D08	36800001	37800000	0.609756,99.3902
D08	37600001	38600000	0.724638,99.2754
D08	38400001	39400000	0.404858,99.5951
D08	39200001	40200000	0.548446,99.4516
D08	40000001	41000000	0,100
D08	40800001	41800000	0.890869,99.1091
D08	41600001	42600000	0.421053,99.5789
D08	42400001	43400000	0.671141,99.3289
D08	43200001	44200000	0.404858,99.5951
D08	44000001	45000000	0,100
D08	44800001	45800000	1.04822,98.9518
D08	45600001	46600000	1.4,98.6
D08	46400001	47400000	0.963855,99.0361
D08	47200001	48200000	0,100
D08	48000001	49000000	0.779727,99.2203
D08	48800001	49800000	0.185529,99.8145
D08	49600001	50600000	1.14943,98.8506
D08	50400001	51400000	0.87146,99.1285
D08	51200001	52200000	0.728155,99.2718
D08	52000001	53000000	0.746269,99.2537
D08	52800001	53800000	0,100
D08	53600001	54600000	0.200803,99.7992
D08	54400001	55400000	0,100
D08	55200001	56200000	0.732601,99.2674
D08	56000001	57000000	0.419287,99.5807
D08	56800001	57800000	0,100
D08	57600001	58600000	0.241546,99.7585
D08	58400001	59400000	0.506329,99.4937
D08	59200001	60200000	0.429185,99.5708
D08	60000001	61000000	0,100
D08	60800001	61800000	0.632911,99.3671
D08	61600001	62600000	0.452489,99.5475
D08	62400001	63400000	0.238095,99.7619
D08	63200001	64200000	0,100
D08	64000001	65000000	0,100
D08	64800001	65800000	0.581395,99.4186
D08	65600001	65894135	0,100
D09	1	1000000	0.145773,99.8542
D09	800001	1800000	0.43573,99.5643
D09	1600001	2600000	1.40845,98.5915
D09	2400001	3400000	0.228311,99.7717
D09	3200001	4200000	0.343053,99.6569
D09	4000001	5000000	0.505051,99.4949
D09	4800001	5800000	0.421941,99.5781
D09	5600001	6600000	0.626305,99.3737
D09	6400001	7400000	0.773196,99.2268
D09	7200001	8200000	0.84507,99.1549
D09	8000001	9000000	0,100
D09	8800001	9800000	1.03627,98.9637
D09	9600001	10600000	1.44092,98.5591
D09	10400001	11400000	0.704225,99.2958
D09	11200001	12200000	0.674157,99.3258
D09	12000001	13000000	1.15607,98.8439
D09	12800001	13800000	1.04439,98.9556
D09	13600001	14600000	1.12782,98.8722
D09	14400001	15400000	1.45985,98.5401
D09	15200001	16200000	0.561798,99.4382
D09	16000001	17000000	0.341297,99.6587
D09	16800001	17800000	0.573066,99.4269
D09	17600001	18600000	0.687285,99.3127
D09	18400001	19400000	0.320513,99.6795
D09	19200001	20200000	0.353357,99.6466
D09	20000001	21000000	0.52356,99.4764
D09	20800001	21800000	0.263158,99.7368
D09	21600001	22600000	1.26582,98.7342
D09	22400001	23400000	0.705882,99.2941
D09	23200001	24200000	0.503778,99.4962
D09	24000001	25000000	0,100
D09	24800001	25800000	0.75188,99.2481
D09	25600001	26600000	0.243309,99.7567
D09	26400001	27400000	0.738007,99.262
D09	27200001	28200000	0.233645,99.7664
D09	28000001	29000000	0,100
D09	28800001	29800000	0,100
D09	29600001	30600000	0.788955,99.211
D09	30400001	31400000	0.18622,99.8138
D09	31200001	32200000	0,100
D09	32000001	33000000	0.303951,99.696
D09	32800001	33800000	0.224215,99.7758
D09	33600001	34600000	0.816327,99.1837
D09	34400001	35400000	0,100
D09	35200001	36200000	0.78125,99.2188
D09	36000001	37000000	0.874636,99.1254
D09	36800001	37800000	0,100
D09	37600001	38600000	0,100
D09	38400001	39400000	0,100
D09	39200001	40200000	0,100
D09	40000001	41000000	0.955414,99.0446
D09	40800001	41800000	0.253807,99.7462
D09	41600001	42600000	0,100
D09	42400001	43400000	0,100
D09	43200001	44200000	0,100
D09	44000001	45000000	0.363636,99.6364
D09	44800001	45800000	0.325733,99.6743
D09	45600001	46600000	0.641026,99.359
D09	46400001	47400000	0.606061,99.3939
D09	47200001	48200000	1.36986,98.6301
D09	48000001	49000000	0,100
D09	48800001	49800000	1.55039,98.4496
D09	49600001	50600000	1.91083,98.0892
D09	50400001	50995436	0,100
D10	1	1000000	1.0929,98.9071
D10	800001	1800000	0.840336,99.1597
D10	1600001	2600000	1.44928,98.5507
D10	2400001	3400000	1.5873,98.4127
D10	3200001	4200000	0.682594,99.3174
D10	4000001	5000000	0.507614,99.4924
D10	4800001	5800000	1.5015,98.4985
D10	5600001	6600000	0.540541,99.4595
D10	6400001	7400000	0.393701,99.6063
D10	7200001	8200000	0.462963,99.537
D10	8000001	9000000	0.263158,99.7368
D10	8800001	9800000	0.609756,99.3902
D10	9600001	10600000	0.22779,99.7722
D10	10400001	11400000	0.373832,99.6262
D10	11200001	12200000	0.2331,99.7669
D10	12000001	13000000	0.18622,99.8138
D10	12800001	13800000	0.727273,99.2727
D10	13600001	14600000	0.377358,99.6226
D10	14400001	15400000	0.504202,99.4958
D10	15200001	16200000	0.824742,99.1753
D10	16000001	17000000	0.609756,99.3902
D10	16800001	17800000	0.21692,99.7831
D10	17600001	18600000	0.51458,99.4854
D10	18400001	19400000	0.701754,99.2982
D10	19200001	20200000	0.556586,99.4434
D10	20000001	21000000	0.2331,99.7669
D10	20800001	21800000	0.414079,99.5859
D10	21600001	22600000	0,100
D10	22400001	23400000	0.224719,99.7753
D10	23200001	24200000	0.564972,99.435
D10	24000001	25000000	0.657895,99.3421
D10	24800001	25800000	0.52356,99.4764
D10	25600001	26600000	0.393701,99.6063
D10	26400001	27400000	0.25,99.75
D10	27200001	28200000	0.764818,99.2352
D10	28000001	29000000	0.17331,99.8267
D10	28800001	29800000	0.847458,99.1525
D10	29600001	30600000	0,100
D10	30400001	31400000	0.322061,99.6779
D10	31200001	32200000	0.70922,99.2908
D10	32000001	33000000	0.946372,99.0536
D10	32800001	33800000	0.795756,99.2042
D10	33600001	34600000	0.259067,99.7409
D10	34400001	35400000	0,100
D10	35200001	36200000	1.14613,98.8539
D10	36000001	37000000	0.655738,99.3443
D10	36800001	37800000	0.724638,99.2754
D10	37600001	38600000	1.00671,98.9933
D10	38400001	39400000	1.05263,98.9474
D10	39200001	40200000	1.12676,98.8732
D10	40000001	41000000	0,100
D10	40800001	41800000	0,100
D10	41600001	42600000	0.26738,99.7326
D10	42400001	43400000	0,100
D10	43200001	44200000	0,100
D10	44000001	45000000	0.232019,99.768
D10	44800001	45800000	0.731707,99.2683
D10	45600001	46600000	0.2,99.8
D10	46400001	47400000	0,100
D10	47200001	48200000	0.572246,99.4278
D10	48000001	49000000	0,100
D10	48800001	49800000	0.310559,99.6894
D10	49600001	50600000	0.431034,99.569
D10	50400001	51400000	0.606061,99.3939
D10	51200001	52200000	0.468384,99.5316
D10	52000001	53000000	0.996016,99.004
D10	52800001	53800000	0.204918,99.7951
D10	53600001	54600000	0,100
D10	54400001	55400000	0.598802,99.4012
D10	55200001	56200000	1.09489,98.9051
D10	56000001	57000000	0,100
D10	56800001	57800000	0,100
D10	57600001	58600000	1.25,98.75
D10	58400001	59400000	0.196078,99.8039
D10	59200001	60200000	0.701754,99.2982
D10	60000001	61000000	1.71674,98.2833
D10	60800001	61800000	1.10701,98.893
D10	61600001	62600000	0,100
D10	62400001	63400000	0,100
D10	63200001	63374666	0,100
D11	1	1000000	0.3861,99.6139
D11	800001	1800000	0,100
D11	1600001	2600000	0,100
D11	2400001	3400000	0.980392,99.0196
D11	3200001	4200000	0.617284,99.3827
D11	4000001	5000000	1.0989,98.9011
D11	4800001	5800000	2.0202,97.9798
D11	5600001	6600000	0.361011,99.639
D11	6400001	7400000	1.1583,98.8417
D11	7200001	8200000	0.390625,99.6094
D11	8000001	9000000	1.5625,98.4375
D11	8800001	9800000	1.19522,98.8048
D11	9600001	10600000	0,100
D11	10400001	11400000	0,100
D11	11200001	12200000	0.326797,99.6732
D11	12000001	13000000	0.78125,99.2188
D11	12800001	13800000	0.31746,99.6825
D11	13600001	14600000	0,100
D11	14400001	15400000	0.318471,99.6815
D11	15200001	16200000	0.632911,99.3671
D11	16000001	17000000	0,100
D11	16800001	17800000	0.19305,99.8069
D11	17600001	18600000	0.657895,99.3421
D11	18400001	19400000	0.215517,99.7845
D11	19200001	20200000	0.362319,99.6377
D11	20000001	21000000	0.364964,99.635
D11	20800001	21800000	0.636943,99.3631
D11	21600001	22600000	0.246305,99.7537
D11	22400001	23400000	0.47619,99.5238
D11	23200001	24200000	1.01868,98.9813
D11	24000001	25000000	0.207469,99.7925
D11	24800001	25800000	0.694444,99.3056
D11	25600001	26600000	1.11111,98.8889
D11	26400001	27400000	0.189036,99.811
D11	27200001	28200000	0.447427,99.5526
D11	28000001	29000000	0.469484,99.5305
D11	28800001	29800000	0.518135,99.4819
D11	29600001	30600000	0.165837,99.8342
D11	30400001	31400000	0.859107,99.1409
D11	31200001	32200000	0.458716,99.5413
D11	32000001	33000000	0.746269,99.2537
D11	32800001	33800000	0.657895,99.3421
D11	33600001	34600000	0.798403,99.2016
D11	34400001	35400000	0,100
D11	35200001	36200000	0.333333,99.6667
D11	36000001	37000000	0.303951,99.696
D11	36800001	37800000	0,100
D11	37600001	38600000	0.45045,99.5495
D11	38400001	39400000	0,100
D11	39200001	40200000	0,100
D11	40000001	41000000	1.03093,98.9691
D11	40800001	41800000	0,100
D11	41600001	42600000	0.276243,99.7238
D11	42400001	43400000	0.441501,99.5585
D11	43200001	44200000	0.950119,99.0499
D11	44000001	45000000	0.678733,99.3213
D11	44800001	45800000	0.371747,99.6283
D11	45600001	46600000	0.835073,99.1649
D11	46400001	47400000	0.835073,99.1649
D11	47200001	48200000	0.526316,99.4737
D11	48000001	49000000	0,100
D11	48800001	49800000	0.699301,99.3007
D11	49600001	50600000	0.253807,99.7462
D11	50400001	51400000	0,100
D11	51200001	52200000	0.729927,99.2701
D11	52000001	53000000	0.802139,99.1979
D11	52800001	53800000	1.00251,98.9975
D11	53600001	54600000	0.826446,99.1736
D11	54400001	55400000	0.877193,99.1228
D11	55200001	56200000	0.369004,99.631
D11	56000001	57000000	0.31348,99.6865
D11	56800001	57800000	0.381679,99.6183
D11	57600001	58600000	0.621118,99.3789
D11	58400001	59400000	0,100
D11	59200001	60200000	0.763359,99.2366
D11	60000001	61000000	0.694444,99.3056
D11	60800001	61800000	1.1236,98.8764
D11	61600001	62600000	0.537634,99.4624
D11	62400001	63400000	0.684932,99.3151
D11	63200001	64200000	0.423729,99.5763
D11	64000001	65000000	4.44444,95.5556
D11	64800001	65800000	5.71429,94.2857
D11	65600001	66087774	8,92
D12	1	1000000	0.287356,99.7126
D12	800001	1800000	0.408163,99.5918
D12	1600001	2600000	0.711744,99.2883
D12	2400001	3400000	0.687285,99.3127
D12	3200001	4200000	0.22779,99.7722
D12	4000001	5000000	0.21322,99.7868
D12	4800001	5800000	0.493827,99.5062
D12	5600001	6600000	0.27027,99.7297
D12	6400001	7400000	0.430108,99.5699
D12	7200001	8200000	0.181488,99.8185
D12	8000001	9000000	0.176678,99.8233
D12	8800001	9800000	0.140449,99.8596
D12	9600001	10600000	0.336134,99.6639
D12	10400001	11400000	0,100
D12	11200001	12200000	0,100
D12	12000001	13000000	0.4158,99.5842
D12	12800001	13800000	0.371058,99.6289
D12	13600001	14600000	0.824742,99.1753
D12	14400001	15400000	1.55039,98.4496
D12	15200001	16200000	0.842697,99.1573
D12	16000001	17000000	0.947867,99.0521
D12	16800001	17800000	0,100
D12	17600001	18600000	0.390625,99.6094
D12	18400001	19400000	0.462963,99.537
D12	19200001	20200000	0.215517,99.7845
D12	20000001	21000000	0,100
D12	20800001	21800000	0.269542,99.7305
D12	21600001	22600000	0.892857,99.1071
D12	22400001	23400000	0.616333,99.3837
D12	23200001	24200000	0,100
D12	24000001	25000000	0.338983,99.661
D12	24800001	25800000	0.649351,99.3506
D12	25600001	26600000	0.252525,99.7475
D12	26400001	27400000	0,100
D12	27200001	28200000	0.639659,99.3603
D12	28000001	29000000	0.239234,99.7608
D12	28800001	29800000	1.3624,98.6376
D12	29600001	30600000	0.343643,99.6564
D12	30400001	31400000	0.613497,99.3865
D12	31200001	32200000	0.890208,99.1098
D12	32000001	33000000	0.571429,99.4286
D12	32800001	33800000	0.704225,99.2958
D12	33600001	34600000	0.549451,99.4505
D12	34400001	35400000	0.199601,99.8004
D12	35200001	36200000	0.659341,99.3407
D12	36000001	37000000	0.53286,99.4671
D12	36800001	37800000	0,100
D12	37600001	38600000	0,100
D12	38400001	39400000	0,100
D12	39200001	40200000	0.280112,99.7199
D12	40000001	41000000	0,100
D12	40800001	41800000	0.622407,99.3776
D12	41600001	42600000	0.162338,99.8377
D12	42400001	43400000	0,100
D12	43200001	44200000	0.248756,99.7512
D12	44000001	45000000	1.02459,98.9754
D12	44800001	45800000	0.193424,99.8066
D12	45600001	46600000	0,100
D12	46400001	47400000	0.458716,99.5413
D12	47200001	48200000	0,100
D12	48000001	49000000	0.485437,99.5146
D12	48800001	49800000	1.11111,98.8889
D12	49600001	50600000	0,100
D12	50400001	51400000	1.25,98.75
D12	51200001	52200000	0.511509,99.4885
D12	52000001	53000000	0.330033,99.67
D12	52800001	53800000	0.34965,99.6503
D12	53600001	54600000	0.446429,99.5536
D12	54400001	55400000	0.268817,99.7312
D12	55200001	56200000	1.08303,98.917
D12	56000001	57000000	1.28755,98.7124
D12	56800001	57800000	0.909091,99.0909
D12	57600001	58600000	0.568182,99.4318
D12	58400001	59109837	0,100
D13	1	1000000	0.97561,99.0244
D13	800001	1800000	0.434783,99.5652
D13	1600001	2600000	0.722022,99.278
D13	2400001	3400000	1.09091,98.9091
D13	3200001	4200000	0.47619,99.5238
D13	4000001	5000000	0.221239,99.7788
D13	4800001	5800000	0,100
D13	5600001	6600000	0.41841,99.5816
D13	6400001	7400000	0.595238,99.4048
D13	7200001	8200000	0.504202,99.4958
D13	8000001	9000000	0,100
D13	8800001	9800000	0.182149,99.8179
D13	9600001	10600000	0.558659,99.4413
D13	10400001	11400000	0.266667,99.7333
D13	11200001	12200000	0.894855,99.1051
D13	12000001	13000000	0.642398,99.3576
D13	12800001	13800000	0,100
D13	13600001	14600000	0.154321,99.8457
D13	14400001	15400000	0.821918,99.1781
D13	15200001	16200000	0,100
D13	16000001	17000000	0,100
D13	16800001	17800000	0.276243,99.7238
D13	17600001	18600000	0.668896,99.3311
D13	18400001	19400000	0,100
D13	19200001	20200000	0,100
D13	20000001	21000000	0.252525,99.7475
D13	20800001	21800000	0,100
D13	21600001	22600000	0.456621,99.5434
D13	22400001	23400000	0.840336,99.1597
D13	23200001	24200000	0.947867,99.0521
D13	24000001	25000000	0.568182,99.4318
D13	24800001	25800000	0,100
D13	25600001	26600000	0.454545,99.5455
D13	26400001	27400000	1.92308,98.0769
D13	27200001	28200000	0.792079,99.2079
D13	28000001	29000000	1.04167,98.9583
D13	28800001	29800000	0.631912,99.3681
D13	29600001	30600000	0.426439,99.5736
D13	30400001	31400000	0.488998,99.511
D13	31200001	32200000	0.278552,99.7214
D13	32000001	33000000	1,99
D13	32800001	33800000	0.988142,99.0119
D13	33600001	34600000	0.472813,99.5272
D13	34400001	35400000	0.417537,99.5825
D13	35200001	36200000	0,100
D13	36000001	37000000	0.371058,99.6289
D13	36800001	37800000	0.690846,99.3092
D13	37600001	38600000	0.490196,99.5098
D13	38400001	39400000	1.29534,98.7047
D13	39200001	40200000	1.08932,98.9107
D13	40000001	41000000	0.441501,99.5585
D13	40800001	41800000	0.169779,99.8302
D13	41600001	42600000	0.767263,99.2327
D13	42400001	43400000	0.23753,99.7625
D13	43200001	44200000	0,100
D13	44000001	45000000	0.378788,99.6212
D13	44800001	45800000	0.411523,99.5885
D13	45600001	46600000	0,100
D13	46400001	47400000	0.165017,99.835
D13	47200001	48200000	0.257732,99.7423
D13	48000001	49000000	0.17452,99.8255
D13	48800001	49800000	0.704225,99.2958
D13	49600001	50600000	1.17188,98.8281
D13	50400001	51400000	0.828157,99.1718
D13	51200001	52200000	0.327332,99.6727
D13	52000001	53000000	0.621118,99.3789
D13	52800001	53800000	1.0582,98.9418
D13	53600001	54600000	0.863931,99.1361
D13	54400001	55400000	0,100
D13	55200001	56200000	0.443459,99.5565
D13	56000001	57000000	0.361011,99.639
D13	56800001	57800000	0.714286,99.2857
D13	57600001	58600000	0,100
D13	58400001	59400000	0,100
D13	59200001	60200000	1.68919,98.3108
D13	60000001	60534298	2.5,97.5
