A01	1	1000000	90.9091,9.09091
A01	800001	1800000	91.3043,8.69565
A01	1600001	2600000	78.9474,21.0526
A01	2400001	3400000	85.7143,14.2857
A01	3200001	4200000	76.9231,23.0769
A01	4000001	5000000	73.913,26.087
A01	4800001	5800000	92.8571,7.14286
A01	5600001	6600000	82.8571,17.1429
A01	6400001	7400000	90,10
A01	7200001	8200000	85.2941,14.7059
A01	8000001	9000000	63.4146,36.5854
A01	8800001	9800000	70.5882,29.4118
A01	9600001	10600000	76.087,23.913
A01	10400001	11400000	83.871,16.129
A01	11200001	12200000	89.3617,10.6383
A01	12000001	13000000	72,28
A01	12800001	13800000	83.871,16.129
A01	13600001	14600000	80,20
A01	14400001	15400000	45.4545,54.5455
A01	15200001	16200000	47.8261,52.1739
A01	16000001	17000000	50,50
A01	16800001	17800000	71.4286,28.5714
A01	17600001	18600000	75.8621,24.1379
A01	18400001	19400000	82.1429,17.8571
A01	19200001	20200000	76,24
A01	20000001	21000000	83.3333,16.6667
A01	20800001	21800000	72.2222,27.7778
A01	21600001	22600000	69.7674,30.2326
A01	22400001	23400000	71.4286,28.5714
A01	23200001	24200000	73.6842,26.3158
A01	24000001	25000000	70.8333,29.1667
A01	24800001	25800000	71.4286,28.5714
A01	25600001	26600000	66.6667,33.3333
A01	26400001	27400000	70.5882,29.4118
A01	27200001	28200000	76.4706,23.5294
A01	28000001	29000000	57.1429,42.8571
A01	28800001	29800000	75,25
A01	29600001	30600000	66.6667,33.3333
A01	30400001	31400000	57.1429,42.8571
A01	31200001	32200000	70.8333,29.1667
A01	32000001	33000000	78.9474,21.0526
A01	32800001	33800000	65,35
A01	33600001	34600000	52.6316,47.3684
A01	34400001	35400000	22.2222,77.7778
A01	35200001	36200000	71.4286,28.5714
A01	36000001	37000000	55.5556,44.4444
A01	36800001	37800000	33.3333,66.6667
A01	37600001	38600000	37.5,62.5
A01	38400001	39400000	66.6667,33.3333
A01	39200001	40200000	79.1667,20.8333
A01	40000001	41000000	57.1429,42.8571
A01	40800001	41800000	76.9231,23.0769
A01	41600001	42600000	76.4706,23.5294
A01	42400001	43400000	57.1429,42.8571
A01	43200001	44200000	33.3333,66.6667
A01	44000001	45000000	50,50
A01	44800001	45800000	60,40
A01	45600001	46600000	54.5455,45.4545
A01	46400001	47400000	50,50
A01	47200001	48200000	70,30
A01	48000001	49000000	63.6364,36.3636
A01	48800001	49800000	55.5556,44.4444
A01	49600001	50600000	81.8182,18.1818
A01	50400001	51400000	90.9091,9.09091
A01	51200001	52200000	100,0
A01	52000001	53000000	80,20
A01	52800001	53800000	83.3333,16.6667
A01	53600001	54600000	78.5714,21.4286
A01	54400001	55400000	64.2857,35.7143
A01	55200001	56200000	75,25
A01	56000001	57000000	88.8889,11.1111
A01	56800001	57800000	28.5714,71.4286
A01	57600001	58600000	83.3333,16.6667
A01	58400001	59400000	75,25
A01	59200001	60200000	80,20
A01	60000001	61000000	54.5455,45.4545
A01	60800001	61800000	55.5556,44.4444
A01	61600001	62600000	45.4545,54.5455
A01	62400001	63400000	87.5,12.5
A01	63200001	64200000	50,50
A01	64000001	65000000	60,40
A01	64800001	65800000	62.5,37.5
A01	65600001	66600000	77.7778,22.2222
A01	66400001	67400000	50,50
A01	67200001	68200000	55.5556,44.4444
A01	68000001	69000000	78.9474,21.0526
A01	68800001	69800000	58.8235,41.1765
A01	69600001	70600000	37.5,62.5
A01	70400001	71400000	73.6842,26.3158
A01	71200001	72200000	72.7273,27.2727
A01	72000001	73000000	45.4545,54.5455
A01	72800001	73800000	55.5556,44.4444
A01	73600001	74600000	61.1111,38.8889
A01	74400001	75400000	71.4286,28.5714
A01	75200001	76200000	83.3333,16.6667
A01	76000001	77000000	80,20
A01	76800001	77800000	45.4545,54.5455
A01	77600001	78600000	66.6667,33.3333
A01	78400001	79400000	69.2308,30.7692
A01	79200001	80200000	16.6667,83.3333
A01	80000001	81000000	70,30
A01	80800001	81800000	62.5,37.5
A01	81600001	82600000	75,25
A01	82400001	83400000	71.4286,28.5714
A01	83200001	84200000	57.1429,42.8571
A01	84000001	85000000	66.6667,33.3333
A01	84800001	85800000	58.3333,41.6667
A01	85600001	86600000	83.3333,16.6667
A01	86400001	87400000	68,32
A01	87200001	88200000	79.1667,20.8333
A01	88000001	89000000	92.5926,7.40741
A01	88800001	89800000	72,28
A01	89600001	90600000	78.5714,21.4286
A01	90400001	91400000	83.3333,16.6667
A01	91200001	92200000	88.5714,11.4286
A01	92000001	93000000	77.7778,22.2222
A01	92800001	93800000	85.1064,14.8936
A01	93600001	94600000	95.8333,4.16667
A01	94400001	95400000	70.3704,29.6296
A01	95200001	96200000	75.7576,24.2424
A01	96000001	97000000	90,10
A01	96800001	97800000	90.2778,9.72222
A01	97600001	98600000	91.8919,8.10811
A01	98400001	99400000	77.7778,22.2222
A01	99200001	99884700	95.6522,4.34783
A02	1	1000000	62.5,37.5
A02	800001	1800000	83.3333,16.6667
A02	1600001	2600000	72,28
A02	2400001	3400000	73.6842,26.3158
A02	3200001	4200000	79.3103,20.6897
A02	4000001	5000000	89.3333,10.6667
A02	4800001	5800000	90,10
A02	5600001	6600000	66.6667,33.3333
A02	6400001	7400000	94.4444,5.55556
A02	7200001	8200000	87.0968,12.9032
A02	8000001	9000000	77.6119,22.3881
A02	8800001	9800000	84.4444,15.5556
A02	9600001	10600000	88.4615,11.5385
A02	10400001	11400000	88.6364,11.3636
A02	11200001	12200000	95,5
A02	12000001	13000000	83.3333,16.6667
A02	12800001	13800000	82.3529,17.6471
A02	13600001	14600000	94.4444,5.55556
A02	14400001	15400000	68.75,31.25
A02	15200001	16200000	69.5652,30.4348
A02	16000001	17000000	64.7059,35.2941
A02	16800001	17800000	70,30
A02	17600001	18600000	75,25
A02	18400001	19400000	89.4737,10.5263
A02	19200001	20200000	68.75,31.25
A02	20000001	21000000	72.2222,27.7778
A02	20800001	21800000	82.6087,17.3913
A02	21600001	22600000	71.4286,28.5714
A02	22400001	23400000	42.8571,57.1429
A02	23200001	24200000	77.7778,22.2222
A02	24000001	25000000	75,25
A02	24800001	25800000	71.4286,28.5714
A02	25600001	26600000	100,0
A02	26400001	27400000	45.4545,54.5455
A02	27200001	28200000	85.7143,14.2857
A02	28000001	29000000	50,50
A02	28800001	29800000	63.6364,36.3636
A02	29600001	30600000	57.1429,42.8571
A02	30400001	31400000	62.5,37.5
A02	31200001	32200000	60,40
A02	32000001	33000000	85.7143,14.2857
A02	32800001	33800000	66.6667,33.3333
A02	33600001	34600000	80,20
A02	34400001	35400000	57.8947,42.1053
A02	35200001	36200000	88.8889,11.1111
A02	36000001	37000000	63.6364,36.3636
A02	36800001	37800000	50,50
A02	37600001	38600000	60,40
A02	38400001	39400000	64.2857,35.7143
A02	39200001	40200000	62.5,37.5
A02	40000001	41000000	68.75,31.25
A02	40800001	41800000	90,10
A02	41600001	42600000	90,10
A02	42400001	43400000	81.25,18.75
A02	43200001	44200000	84.6154,15.3846
A02	44000001	45000000	87.5,12.5
A02	44800001	45800000	80,20
A02	45600001	46600000	92.3077,7.69231
A02	46400001	47400000	60,40
A02	47200001	48200000	44.4444,55.5556
A02	48000001	49000000	28.5714,71.4286
A02	48800001	49800000	100,0
A02	49600001	50600000	42.8571,57.1429
A02	50400001	51400000	50,50
A02	51200001	52200000	81.8182,18.1818
A02	52000001	53000000	41.6667,58.3333
A02	52800001	53800000	50,50
A02	53600001	54600000	77.7778,22.2222
A02	54400001	55400000	58.8235,41.1765
A02	55200001	56200000	66.6667,33.3333
A02	56000001	57000000	60,40
A02	56800001	57800000	83.3333,16.6667
A02	57600001	58600000	61.5385,38.4615
A02	58400001	59400000	58.3333,41.6667
A02	59200001	60200000	64.2857,35.7143
A02	60000001	61000000	57.8947,42.1053
A02	60800001	61800000	57.8947,42.1053
A02	61600001	62600000	70,30
A02	62400001	63400000	58.8235,41.1765
A02	63200001	64200000	57.1429,42.8571
A02	64000001	65000000	37.5,62.5
A02	64800001	65800000	50,50
A02	65600001	66600000	53.8462,46.1538
A02	66400001	67400000	76.9231,23.0769
A02	67200001	68200000	85.7143,14.2857
A02	68000001	69000000	84.6154,15.3846
A02	68800001	69800000	66.6667,33.3333
A02	69600001	70600000	50,50
A02	70400001	71400000	82.6087,17.3913
A02	71200001	72200000	84,16
A02	72000001	73000000	58.3333,41.6667
A02	72800001	73800000	66.6667,33.3333
A02	73600001	74600000	70,30
A02	74400001	75400000	82.6087,17.3913
A02	75200001	76200000	81.3953,18.6047
A02	76000001	77000000	75,25
A02	76800001	77800000	55.5556,44.4444
A02	77600001	78600000	77.7778,22.2222
A02	78400001	79400000	93.75,6.25
A02	79200001	80200000	87.8788,12.1212
A02	80000001	81000000	84.375,15.625
A02	80800001	81800000	75.8621,24.1379
A02	81600001	82600000	83.871,16.129
A02	82400001	83400000	62.5,37.5
A02	83200001	83447906	100,0
A03	1	1000000	85.7143,14.2857
A03	800001	1800000	80,20
A03	1600001	2600000	66.6667,33.3333
A03	2400001	3400000	85.7143,14.2857
A03	3200001	4200000	82.3529,17.6471
A03	4000001	5000000	98.0769,1.92308
A03	4800001	5800000	86.9565,13.0435
A03	5600001	6600000	93.617,6.38298
A03	6400001	7400000	85.2941,14.7059
A03	7200001	8200000	84,16
A03	8000001	9000000	81.0811,18.9189
A03	8800001	9800000	72.7273,27.2727
A03	9600001	10600000	80.5556,19.4444
A03	10400001	11400000	60.8696,39.1304
A03	11200001	12200000	65,35
A03	12000001	13000000	80.7692,19.2308
A03	12800001	13800000	66.6667,33.3333
A03	13600001	14600000	63.3333,36.6667
A03	14400001	15400000	81.8182,18.1818
A03	15200001	16200000	89.4737,10.5263
A03	16000001	17000000	80.9524,19.0476
A03	16800001	17800000	100,0
A03	17600001	18600000	86.9565,13.0435
A03	18400001	19400000	93.3333,6.66667
A03	19200001	20200000	78.5714,21.4286
A03	20000001	21000000	72.7273,27.2727
A03	20800001	21800000	56.25,43.75
A03	21600001	22600000	71.4286,28.5714
A03	22400001	23400000	72.7273,27.2727
A03	23200001	24200000	100,0
A03	24000001	25000000	83.3333,16.6667
A03	24800001	25800000	66.6667,33.3333
A03	25600001	26600000	66.6667,33.3333
A03	26400001	27400000	71.4286,28.5714
A03	27200001	28200000	50,50
A03	28000001	29000000	57.1429,42.8571
A03	28800001	29800000	57.1429,42.8571
A03	29600001	30600000	60,40
A03	30400001	31400000	68.75,31.25
A03	31200001	32200000	60,40
A03	32000001	33000000	80,20
A03	32800001	33800000	68.75,31.25
A03	33600001	34600000	50,50
A03	34400001	35400000	66.6667,33.3333
A03	35200001	36200000	66.6667,33.3333
A03	36000001	37000000	70,30
A03	36800001	37800000	66.6667,33.3333
A03	37600001	38600000	80,20
A03	38400001	39400000	66.6667,33.3333
A03	39200001	40200000	63.6364,36.3636
A03	40000001	41000000	69.2308,30.7692
A03	40800001	41800000	60,40
A03	41600001	42600000	36.3636,63.6364
A03	42400001	43400000	33.3333,66.6667
A03	43200001	44200000	72.7273,27.2727
A03	44000001	45000000	85.7143,14.2857
A03	44800001	45800000	84.6154,15.3846
A03	45600001	46600000	77.7778,22.2222
A03	46400001	47400000	72.7273,27.2727
A03	47200001	48200000	57.1429,42.8571
A03	48000001	49000000	87.5,12.5
A03	48800001	49800000	42.8571,57.1429
A03	49600001	50600000	50,50
A03	50400001	51400000	87.5,12.5
A03	51200001	52200000	16.6667,83.3333
A03	52000001	53000000	50,50
A03	52800001	53800000	87.5,12.5
A03	53600001	54600000	80,20
A03	54400001	55400000	66.6667,33.3333
A03	55200001	56200000	75,25
A03	56000001	57000000	92.3077,7.69231
A03	56800001	57800000	70.5882,29.4118
A03	57600001	58600000	73.3333,26.6667
A03	58400001	59400000	85.7143,14.2857
A03	59200001	60200000	91.6667,8.33333
A03	60000001	61000000	87.5,12.5
A03	60800001	61800000	88.8889,11.1111
A03	61600001	62600000	83.3333,16.6667
A03	62400001	63400000	40,60
A03	63200001	64200000	75,25
A03	64000001	65000000	100,0
A03	64800001	65800000	85.7143,14.2857
A03	65600001	66600000	52.9412,47.0588
A03	66400001	67400000	66.6667,33.3333
A03	67200001	68200000	71.4286,28.5714
A03	68000001	69000000	28.5714,71.4286
A03	68800001	69800000	57.1429,42.8571
A03	69600001	70600000	66.6667,33.3333
A03	70400001	71400000	72.7273,27.2727
A03	71200001	72200000	73.3333,26.6667
A03	72000001	73000000	80,20
A03	72800001	73800000	87.5,12.5
A03	73600001	74600000	52.6316,47.3684
A03	74400001	75400000	85.7143,14.2857
A03	75200001	76200000	88,12
A03	76000001	77000000	73.3333,26.6667
A03	76800001	77800000	53.8462,46.1538
A03	77600001	78600000	71.4286,28.5714
A03	78400001	79400000	66.6667,33.3333
A03	79200001	80200000	68.1818,31.8182
A03	80000001	81000000	85.7143,14.2857
A03	80800001	81800000	83.7838,16.2162
A03	81600001	82600000	78.5714,21.4286
A03	82400001	83400000	76.1905,23.8095
A03	83200001	84200000	90,10
A03	84000001	85000000	41.6667,58.3333
A03	84800001	85800000	60,40
A03	85600001	86600000	83.3333,16.6667
A03	86400001	87400000	70.3704,29.6296
A03	87200001	88200000	65,35
A03	88000001	89000000	85.2941,14.7059
A03	88800001	89800000	80,20
A03	89600001	90600000	63.6364,36.3636
A03	90400001	91400000	82.7586,17.2414
A03	91200001	92200000	64.7059,35.2941
A03	92000001	93000000	85.3659,14.6341
A03	92800001	93800000	92.4528,7.54717
A03	93600001	94600000	90,10
A03	94400001	95400000	84.375,15.625
A03	95200001	96200000	82.6087,17.3913
A03	96000001	97000000	78.5714,21.4286
A03	96800001	97800000	79.3103,20.6897
A03	97600001	98600000	88.8889,11.1111
A03	98400001	99400000	73.6842,26.3158
A03	99200001	100200000	80,20
A03	100000001	100263045	100,0
A04	1	1000000	82.7586,17.2414
A04	800001	1800000	71.4286,28.5714
A04	1600001	2600000	78.2609,21.7391
A04	2400001	3400000	73.6842,26.3158
A04	3200001	4200000	68.4211,31.5789
A04	4000001	5000000	75.7576,24.2424
A04	4800001	5800000	75,25
A04	5600001	6600000	46.6667,53.3333
A04	6400001	7400000	68.1818,31.8182
A04	7200001	8200000	78.7879,21.2121
A04	8000001	9000000	68,32
A04	8800001	9800000	57.8947,42.1053
A04	9600001	10600000	64.7059,35.2941
A04	10400001	11400000	71.4286,28.5714
A04	11200001	12200000	70.5882,29.4118
A04	12000001	13000000	63.6364,36.3636
A04	12800001	13800000	72.7273,27.2727
A04	13600001	14600000	60,40
A04	14400001	15400000	84.6154,15.3846
A04	15200001	16200000	63.6364,36.3636
A04	16000001	17000000	85.7143,14.2857
A04	16800001	17800000	66.6667,33.3333
A04	17600001	18600000	61.5385,38.4615
A04	18400001	19400000	88.8889,11.1111
A04	19200001	20200000	57.1429,42.8571
A04	20000001	21000000	72.7273,27.2727
A04	20800001	21800000	33.3333,66.6667
A04	21600001	22600000	50,50
A04	22400001	23400000	80,20
A04	23200001	24200000	57.1429,42.8571
A04	24000001	25000000	63.6364,36.3636
A04	24800001	25800000	66.6667,33.3333
A04	25600001	26600000	60,40
A04	26400001	27400000	72.7273,27.2727
A04	27200001	28200000	76.4706,23.5294
A04	28000001	29000000	83.3333,16.6667
A04	28800001	29800000	64.2857,35.7143
A04	29600001	30600000	40,60
A04	30400001	31400000	77.7778,22.2222
A04	31200001	32200000	80,20
A04	32000001	33000000	50,50
A04	32800001	33800000	50,50
A04	33600001	34600000	66.6667,33.3333
A04	34400001	35400000	87.5,12.5
A04	35200001	36200000	25,75
A04	36000001	37000000	83.3333,16.6667
A04	36800001	37800000	68.75,31.25
A04	37600001	38600000	60,40
A04	38400001	39400000	72.2222,27.7778
A04	39200001	40200000	64.2857,35.7143
A04	40000001	41000000	92.3077,7.69231
A04	40800001	41800000	76.4706,23.5294
A04	41600001	42600000	62.5,37.5
A04	42400001	43400000	66.6667,33.3333
A04	43200001	44200000	88.8889,11.1111
A04	44000001	45000000	72,28
A04	44800001	45800000	70,30
A04	45600001	46600000	71.4286,28.5714
A04	46400001	47400000	80,20
A04	47200001	48200000	75,25
A04	48000001	49000000	76.9231,23.0769
A04	48800001	49800000	82.1429,17.8571
A04	49600001	50600000	85,15
A04	50400001	51400000	78.5714,21.4286
A04	51200001	52200000	84.6154,15.3846
A04	52000001	53000000	81.25,18.75
A04	52800001	53800000	72.4138,27.5862
A04	53600001	54600000	74.0741,25.9259
A04	54400001	55400000	75,25
A04	55200001	56200000	77.2727,22.7273
A04	56000001	57000000	71.0526,28.9474
A04	56800001	57800000	79.4118,20.5882
A04	57600001	58600000	78.125,21.875
A04	58400001	59400000	73.3333,26.6667
A04	59200001	60200000	82.9268,17.0732
A04	60000001	61000000	91.1765,8.82353
A04	60800001	61800000	80.7692,19.2308
A04	61600001	62600000	80,20
A04	62400001	62913772	66.6667,33.3333
A05	1	1000000	88,12
A05	800001	1800000	80,20
A05	1600001	2600000	87.5,12.5
A05	2400001	3400000	88.8889,11.1111
A05	3200001	4200000	66.6667,33.3333
A05	4000001	5000000	60,40
A05	4800001	5800000	80,20
A05	5600001	6600000	71.4286,28.5714
A05	6400001	7400000	78.9474,21.0526
A05	7200001	8200000	66.6667,33.3333
A05	8000001	9000000	54.5455,45.4545
A05	8800001	9800000	50,50
A05	9600001	10600000	83.3333,16.6667
A05	10400001	11400000	85.7143,14.2857
A05	11200001	12200000	62.5,37.5
A05	12000001	13000000	78.5714,21.4286
A05	12800001	13800000	76,24
A05	13600001	14600000	72.2222,27.7778
A05	14400001	15400000	77.2727,22.7273
A05	15200001	16200000	87.5,12.5
A05	16000001	17000000	86.6667,13.3333
A05	16800001	17800000	70,30
A05	17600001	18600000	69.5652,30.4348
A05	18400001	19400000	58.3333,41.6667
A05	19200001	20200000	77.7778,22.2222
A05	20000001	21000000	71.4286,28.5714
A05	20800001	21800000	72.2222,27.7778
A05	21600001	22600000	88.5714,11.4286
A05	22400001	23400000	84.8485,15.1515
A05	23200001	24200000	78.9474,21.0526
A05	24000001	25000000	92.3077,7.69231
A05	24800001	25800000	94.5946,5.40541
A05	25600001	26600000	84.2105,15.7895
A05	26400001	27400000	87.5,12.5
A05	27200001	28200000	92.3077,7.69231
A05	28000001	29000000	93.6508,6.34921
A05	28800001	29800000	86.5385,13.4615
A05	29600001	30600000	82.0513,17.9487
A05	30400001	31400000	84.8485,15.1515
A05	31200001	32200000	81.8182,18.1818
A05	32000001	33000000	83.3333,16.6667
A05	32800001	33800000	78.5714,21.4286
A05	33600001	34600000	88.2353,11.7647
A05	34400001	35400000	89.7436,10.2564
A05	35200001	36200000	76.9231,23.0769
A05	36000001	37000000	80.5556,19.4444
A05	36800001	37800000	90,10
A05	37600001	38600000	68.75,31.25
A05	38400001	39400000	59.0909,40.9091
A05	39200001	40200000	56.5217,43.4783
A05	40000001	41000000	66.6667,33.3333
A05	40800001	41800000	76.4706,23.5294
A05	41600001	42600000	77.7778,22.2222
A05	42400001	43400000	75,25
A05	43200001	44200000	73.6842,26.3158
A05	44000001	45000000	79.4118,20.5882
A05	44800001	45800000	77.7778,22.2222
A05	45600001	46600000	62.5,37.5
A05	46400001	47400000	50,50
A05	47200001	48200000	77.7778,22.2222
A05	48000001	49000000	66.6667,33.3333
A05	48800001	49800000	80,20
A05	49600001	50600000	61.0837,38.9163
A05	50400001	51400000	62.6364,37.3636
A05	51200001	52200000	60.3128,39.6872
A05	52000001	53000000	59.7114,40.2886
A05	52800001	53800000	56.3528,43.6472
A05	53600001	54600000	59.6733,40.3267
A05	54400001	55400000	57.1579,42.8421
A05	55200001	56200000	63.2933,36.7067
A05	56000001	57000000	57.6433,42.3567
A05	56800001	57800000	59.921,40.079
A05	57600001	58600000	60.5825,39.4175
A05	58400001	59400000	61.2219,38.7781
A05	59200001	60200000	60.181,39.819
A05	60000001	61000000	56.2923,43.7077
A05	60800001	61800000	60.9852,39.0148
A05	61600001	62600000	66.8246,33.1754
A05	62400001	63400000	59.8876,40.1124
A05	63200001	64200000	56.0317,43.9683
A05	64000001	65000000	59.5927,40.4073
A05	64800001	65800000	60.1824,39.8176
A05	65600001	66600000	62.4396,37.5604
A05	66400001	67400000	62.6214,37.3786
A05	67200001	68200000	62.8032,37.1968
A05	68000001	69000000	62.5296,37.4704
A05	68800001	69800000	62.8007,37.1993
A05	69600001	70600000	62.5511,37.4489
A05	70400001	71400000	63.2757,36.7243
A05	71200001	72200000	60.7102,39.2898
A05	72000001	73000000	61.7,38.3
A05	72800001	73800000	63.9015,36.0985
A05	73600001	74600000	62.1185,37.8815
A05	74400001	75400000	60.9665,39.0335
A05	75200001	76200000	59.2338,40.7662
A05	76000001	77000000	61.451,38.549
A05	76800001	77800000	68.4647,31.5353
A05	77600001	78600000	67.1053,32.8947
A05	78400001	79400000	65.3551,34.6449
A05	79200001	80200000	67.397,32.603
A05	80000001	81000000	69.5334,30.4666
A05	80800001	81800000	67.321,32.679
A05	81600001	82600000	64.1176,35.8824
A05	82400001	83400000	66.6043,33.3957
A05	83200001	84200000	66.8103,33.1897
A05	84000001	85000000	69.8936,30.1064
A05	84800001	85800000	66.1137,33.8863
A05	85600001	86600000	68.0473,31.9527
A05	86400001	87400000	69.1843,30.8157
A05	87200001	88200000	64.663,35.337
A05	88000001	89000000	66,34
A05	88800001	89800000	67.438,32.562
A05	89600001	90600000	69.0583,30.9417
A05	90400001	91400000	65.4255,34.5745
A05	91200001	92200000	65.9836,34.0164
A05	92000001	92047023	81.8182,18.1818
A06	1	1000000	71.0938,28.9062
A06	800001	1800000	72.9167,27.0833
A06	1600001	2600000	69.9332,30.0668
A06	2400001	3400000	69.3446,30.6554
A06	3200001	4200000	71.6279,28.3721
A06	4000001	5000000	67.1702,32.8298
A06	4800001	5800000	72.439,27.561
A06	5600001	6600000	72.3112,27.6888
A06	6400001	7400000	68.9808,31.0192
A06	7200001	8200000	70.3854,29.6146
A06	8000001	9000000	68.0222,31.9778
A06	8800001	9800000	67.7309,32.2691
A06	9600001	10600000	66.7039,33.2961
A06	10400001	11400000	64.7739,35.2261
A06	11200001	12200000	60.7812,39.2188
A06	12000001	13000000	59.537,40.463
A06	12800001	13800000	64.364,35.636
A06	13600001	14600000	62.8392,37.1608
A06	14400001	15400000	65.2913,34.7087
A06	15200001	16200000	69.7275,30.2725
A06	16000001	17000000	66.2762,33.7238
A06	16800001	17800000	61.2426,38.7574
A06	17600001	18600000	63.933,36.067
A06	18400001	19400000	64.1766,35.8234
A06	19200001	20200000	60.8584,39.1416
A06	20000001	21000000	60.3011,39.6989
A06	20800001	21800000	60.8696,39.1304
A06	21600001	22600000	62.1752,37.8248
A06	22400001	23400000	62.4371,37.5629
A06	23200001	24200000	63.2461,36.7539
A06	24000001	25000000	61.4583,38.5417
A06	24800001	25800000	61.723,38.277
A06	25600001	26600000	59.8066,40.1934
A06	26400001	27400000	63.4286,36.5714
A06	27200001	28200000	59.7855,40.2145
A06	28000001	29000000	59.3284,40.6716
A06	28800001	29800000	60.844,39.156
A06	29600001	30600000	61.1867,38.8133
A06	30400001	31400000	60.9329,39.0671
A06	31200001	32200000	61.7537,38.2463
A06	32000001	33000000	59.5551,40.4449
A06	32800001	33800000	64.9761,35.0239
A06	33600001	34600000	63.0267,36.9733
A06	34400001	35400000	60.9342,39.0658
A06	35200001	36200000	61.1167,38.8833
A06	36000001	37000000	62.3606,37.6394
A06	36800001	37800000	61.9178,38.0822
A06	37600001	38600000	60.3943,39.6057
A06	38400001	39400000	56.905,43.095
A06	39200001	40200000	62.4676,37.5324
A06	40000001	41000000	59.7814,40.2186
A06	40800001	41800000	59.8802,40.1198
A06	41600001	42600000	62.9113,37.0887
A06	42400001	43400000	63.0872,36.9128
A06	43200001	44200000	60.7666,39.2334
A06	44000001	45000000	58.9077,41.0923
A06	44800001	45800000	60.4699,39.5301
A06	45600001	46600000	59.8315,40.1685
A06	46400001	47400000	57.8102,42.1898
A06	47200001	48200000	58.1306,41.8694
A06	48000001	49000000	57.0074,42.9926
A06	48800001	49800000	60.7029,39.2971
A06	49600001	50600000	56.0372,43.9628
A06	50400001	51400000	57.7803,42.2197
A06	51200001	52200000	59.1257,40.8743
A06	52000001	53000000	60.9432,39.0568
A06	52800001	53800000	62.7726,37.2274
A06	53600001	54600000	59.4512,40.5488
A06	54400001	55400000	55.9701,44.0299
A06	55200001	56200000	57.5549,42.4451
A06	56000001	57000000	56.7839,43.2161
A06	56800001	57800000	59.2995,40.7005
A06	57600001	58600000	58.8838,41.1162
A06	58400001	59400000	58.5657,41.4343
A06	59200001	60200000	59.6919,40.3081
A06	60000001	61000000	59.354,40.646
A06	60800001	61800000	61.5297,38.4703
A06	61600001	62600000	59.6273,40.3727
A06	62400001	63400000	60.3593,39.6407
A06	63200001	64200000	59.6621,40.3379
A06	64000001	65000000	60.479,39.521
A06	64800001	65800000	58.4367,41.5633
A06	65600001	66600000	61.5142,38.4858
A06	66400001	67400000	63.3475,36.6525
A06	67200001	68200000	60.3712,39.6288
A06	68000001	69000000	59.6452,40.3548
A06	68800001	69800000	62.4815,37.5185
A06	69600001	70600000	54.7783,45.2217
A06	70400001	71400000	65.625,34.375
A06	71200001	72200000	60.5042,39.4958
A06	72000001	73000000	58.0311,41.9689
A06	72800001	73800000	60.5069,39.4931
A06	73600001	74600000	59.587,40.413
A06	74400001	75400000	57.5472,42.4528
A06	75200001	76200000	57.5171,42.4829
A06	76000001	77000000	57.3589,42.6411
A06	76800001	77800000	57.5379,42.4621
A06	77600001	78600000	60.884,39.116
A06	78400001	79400000	62.0253,37.9747
A06	79200001	80200000	61.4398,38.5602
A06	80000001	81000000	59.9773,40.0227
A06	80800001	81800000	57.6389,42.3611
A06	81600001	82600000	60.9023,39.0977
A06	82400001	83400000	59.8075,40.1925
A06	83200001	84200000	60.6996,39.3004
A06	84000001	85000000	60.5364,39.4636
A06	84800001	85800000	59.6239,40.3761
A06	85600001	86600000	58.5153,41.4847
A06	86400001	87400000	58.4293,41.5707
A06	87200001	88200000	61.8523,38.1477
A06	88000001	89000000	62.8472,37.1528
A06	88800001	89800000	59,41
A06	89600001	90600000	59.0308,40.9692
A06	90400001	91400000	61.84,38.16
A06	91200001	92200000	59.7345,40.2655
A06	92000001	93000000	59.4545,40.5455
A06	92800001	93800000	61.8627,38.1373
A06	93600001	94600000	64.3049,35.6951
A06	94400001	95400000	64.6475,35.3525
A06	95200001	96200000	67.2297,32.7703
A06	96000001	97000000	65.8169,34.1831
A06	96800001	97800000	65.8131,34.1869
A06	97600001	98600000	65.9039,34.0961
A06	98400001	99400000	65.7667,34.2333
A06	99200001	100200000	67.3438,32.6562
A06	100000001	101000000	71.6887,28.3113
A06	100800001	101800000	69.7495,30.2505
A06	101600001	102600000	64.2857,35.7143
A06	102400001	103170444	68.5714,31.4286
A07	1	1000000	73.3333,26.6667
A07	800001	1800000	66.6667,33.3333
A07	1600001	2600000	64.2534,35.7466
A07	2400001	3400000	70.1389,29.8611
A07	3200001	4200000	65.0307,34.9693
A07	4000001	5000000	67.4074,32.5926
A07	4800001	5800000	65.9204,34.0796
A07	5600001	6600000	71.0817,28.9183
A07	6400001	7400000	70.529,29.471
A07	7200001	8200000	71.8855,28.1145
A07	8000001	9000000	72.7778,27.2222
A07	8800001	9800000	68.8967,31.1033
A07	9600001	10600000	65.3346,34.6654
A07	10400001	11400000	67.9214,32.0786
A07	11200001	12200000	67.4178,32.5822
A07	12000001	13000000	63.8945,36.1055
A07	12800001	13800000	64.0187,35.9813
A07	13600001	14600000	69.8701,30.1299
A07	14400001	15400000	70.5194,29.4806
A07	15200001	16200000	69.4107,30.5893
A07	16000001	17000000	71.3528,28.6472
A07	16800001	17800000	67.7346,32.2654
A07	17600001	18600000	71.8274,28.1726
A07	18400001	19400000	72.7184,27.2816
A07	19200001	20200000	68.4211,31.5789
A07	20000001	21000000	64.9474,35.0526
A07	20800001	21800000	67.9666,32.0334
A07	21600001	22600000	65.8635,34.1365
A07	22400001	23400000	70.3008,29.6992
A07	23200001	24200000	66.5125,33.4875
A07	24000001	25000000	65.3724,34.6276
A07	24800001	25800000	67.0898,32.9102
A07	25600001	26600000	66.2526,33.7474
A07	26400001	27400000	64.4276,35.5724
A07	27200001	28200000	66.3327,33.6673
A07	28000001	29000000	69.703,30.297
A07	28800001	29800000	64.9547,35.0453
A07	29600001	30600000	65.4908,34.5092
A07	30400001	31400000	68.0871,31.9129
A07	31200001	32200000	61.9808,38.0192
A07	32000001	33000000	66.1032,33.8968
A07	32800001	33800000	66.1217,33.8783
A07	33600001	34600000	70.1235,29.8765
A07	34400001	35400000	64.2683,35.7317
A07	35200001	36200000	61.3412,38.6588
A07	36000001	37000000	59.434,40.566
A07	36800001	37800000	59.6054,40.3946
A07	37600001	38600000	64.9106,35.0894
A07	38400001	39400000	62.5693,37.4307
A07	39200001	40200000	63.3692,36.6308
A07	40000001	41000000	60.6822,39.3178
A07	40800001	41800000	60.1156,39.8844
A07	41600001	42600000	59.5349,40.4651
A07	42400001	43400000	62.1824,37.8176
A07	43200001	44200000	57.7267,42.2733
A07	44000001	45000000	57.1848,42.8152
A07	44800001	45800000	56.304,43.696
A07	45600001	46600000	64.2023,35.7977
A07	46400001	47400000	63.3152,36.6848
A07	47200001	48200000	60.1562,39.8438
A07	48000001	49000000	59.1687,40.8313
A07	48800001	49800000	57.3192,42.6808
A07	49600001	50600000	59.1187,40.8813
A07	50400001	51400000	59.1837,40.8163
A07	51200001	52200000	60.0928,39.9072
A07	52000001	53000000	58.9404,41.0596
A07	52800001	53800000	61.0588,38.9412
A07	53600001	54600000	58.5135,41.4865
A07	54400001	55400000	62.0655,37.9345
A07	55200001	56200000	61.2263,38.7737
A07	56000001	57000000	59.6998,40.3002
A07	56800001	57800000	63.0752,36.9248
A07	57600001	58600000	60.177,39.823
A07	58400001	59400000	57.5721,42.4279
A07	59200001	60200000	57.0952,42.9048
A07	60000001	61000000	58.8924,41.1076
A07	60800001	61800000	60.6061,39.3939
A07	61600001	62600000	63.7774,36.2226
A07	62400001	63400000	63.9623,36.0377
A07	63200001	64200000	62.4319,37.5681
A07	64000001	65000000	60.3878,39.6122
A07	64800001	65800000	63.1579,36.8421
A07	65600001	66600000	63.0798,36.9202
A07	66400001	67400000	61.2795,38.7205
A07	67200001	68200000	62.2141,37.7859
A07	68000001	69000000	69.4678,30.5322
A07	68800001	69800000	63.6625,36.3375
A07	69600001	70600000	67.1362,32.8638
A07	70400001	71400000	65.2174,34.7826
A07	71200001	72200000	67.0494,32.9506
A07	72000001	73000000	68.3631,31.6369
A07	72800001	73800000	62.7451,37.2549
A07	73600001	74600000	68.0628,31.9372
A07	74400001	75400000	70.7018,29.2982
A07	75200001	76200000	71,29
A07	76000001	77000000	66.6052,33.3948
A07	76800001	77800000	71.7868,28.2132
A07	77600001	78251018	72.7088,27.2912
A08	1	1000000	61.2676,38.7324
A08	800001	1800000	70.6849,29.3151
A08	1600001	2600000	71.2644,28.7356
A08	2400001	3400000	66.4255,33.5745
A08	3200001	4200000	67.4058,32.5942
A08	4000001	5000000	67.7898,32.2102
A08	4800001	5800000	71.1146,28.8854
A08	5600001	6600000	67.6876,32.3124
A08	6400001	7400000	64.7821,35.2179
A08	7200001	8200000	64.5464,35.4536
A08	8000001	9000000	62.1228,37.8772
A08	8800001	9800000	65.0391,34.9609
A08	9600001	10600000	67.549,32.451
A08	10400001	11400000	67.3356,32.6644
A08	11200001	12200000	64.2917,35.7083
A08	12000001	13000000	58.8,41.2
A08	12800001	13800000	63.851,36.149
A08	13600001	14600000	64.2662,35.7338
A08	14400001	15400000	63.6364,36.3636
A08	15200001	16200000	65.4292,34.5708
A08	16000001	17000000	59.3057,40.6943
A08	16800001	17800000	61.3309,38.6691
A08	17600001	18600000	59.7087,40.2913
A08	18400001	19400000	62.2782,37.7218
A08	19200001	20200000	59.9356,40.0644
A08	20000001	21000000	57.4627,42.5373
A08	20800001	21800000	64.0121,35.9879
A08	21600001	22600000	58.3965,41.6035
A08	22400001	23400000	57.6087,42.3913
A08	23200001	24200000	56.6351,43.3649
A08	24000001	25000000	57.8022,42.1978
A08	24800001	25800000	56.4741,43.5259
A08	25600001	26600000	59.6417,40.3583
A08	26400001	27400000	58.2166,41.7834
A08	27200001	28200000	60.7399,39.2601
A08	28000001	29000000	58.8321,41.1679
A08	28800001	29800000	56.0484,43.9516
A08	29600001	30600000	59.0141,40.9859
A08	30400001	31400000	58.8435,41.1565
A08	31200001	32200000	56.8792,43.1208
A08	32000001	33000000	60.9281,39.0719
A08	32800001	33800000	57.5558,42.4442
A08	33600001	34600000	56.5947,43.4053
A08	34400001	35400000	58.6298,41.3702
A08	35200001	36200000	60.7415,39.2585
A08	36000001	37000000	59.4398,40.5602
A08	36800001	37800000	55.6701,44.3299
A08	37600001	38600000	59.7892,40.2108
A08	38400001	39400000	60.3194,39.6806
A08	39200001	40200000	60.0269,39.9731
A08	40000001	41000000	58.9744,41.0256
A08	40800001	41800000	60.574,39.426
A08	41600001	42600000	62.0419,37.9581
A08	42400001	43400000	61.6039,38.3961
A08	43200001	44200000	58.5455,41.4545
A08	44000001	45000000	55.1559,44.8441
A08	44800001	45800000	57.2816,42.7184
A08	45600001	46600000	57.0946,42.9054
A08	46400001	47400000	57.5235,42.4765
A08	47200001	48200000	58.1427,41.8573
A08	48000001	49000000	54.4484,45.5516
A08	48800001	49800000	58.2742,41.7258
A08	49600001	50600000	59.8098,40.1902
A08	50400001	51400000	56.7663,43.2337
A08	51200001	52200000	58.0583,41.9417
A08	52000001	53000000	59.9781,40.0219
A08	52800001	53800000	59.6372,40.3628
A08	53600001	54600000	54.8217,45.1783
A08	54400001	55400000	54.9858,45.0142
A08	55200001	56200000	55.2439,44.7561
A08	56000001	57000000	60.4497,39.5503
A08	56800001	57800000	60.2546,39.7454
A08	57600001	58600000	61.1416,38.8584
A08	58400001	59400000	61.828,38.172
A08	59200001	60200000	59.6292,40.3708
A08	60000001	61000000	58.3933,41.6067
A08	60800001	61800000	57.8301,42.1699
A08	61600001	62600000	61.9804,38.0196
A08	62400001	63400000	57.4822,42.5178
A08	63200001	64200000	57.9014,42.0986
A08	64000001	65000000	59.6239,40.3761
A08	64800001	65800000	57.7042,42.2958
A08	65600001	66600000	58.6207,41.3793
A08	66400001	67400000	57.4115,42.5885
A08	67200001	68200000	62.8702,37.1298
A08	68000001	69000000	58.2876,41.7124
A08	68800001	69800000	60.7692,39.2308
A08	69600001	70600000	64.0159,35.9841
A08	70400001	71400000	61.1742,38.8258
A08	71200001	72200000	61.6889,38.3111
A08	72000001	73000000	64.492,35.508
A08	72800001	73800000	64.6997,35.3003
A08	73600001	74600000	61.7589,38.2411
A08	74400001	75400000	57.1809,42.8191
A08	75200001	76200000	58.6667,41.3333
A08	76000001	77000000	60.9284,39.0716
A08	76800001	77800000	63.7546,36.2454
A08	77600001	78600000	63.7883,36.2117
A08	78400001	79400000	62.4268,37.5732
A08	79200001	80200000	64.7777,35.2223
A08	80000001	81000000	64.0816,35.9184
A08	80800001	81800000	64.5798,35.4202
A08	81600001	82600000	72.4211,27.5789
A08	82400001	83400000	62.8293,37.1707
A08	83200001	84200000	66.3751,33.6249
A08	84000001	85000000	65.7374,34.2626
A08	84800001	85800000	66.5939,33.4061
A08	85600001	86600000	63.2312,36.7688
A08	86400001	87400000	64.0984,35.9016
A08	87200001	88200000	63.1328,36.8672
A08	88000001	89000000	68.3712,31.6288
A08	88800001	89800000	66.9291,33.0709
A08	89600001	90600000	66.7458,33.2542
A08	90400001	91400000	67.9181,32.0819
A08	91200001	92200000	69.8955,30.1045
A08	92000001	93000000	68.4032,31.5968
A08	92800001	93800000	65.7364,34.2636
A08	93600001	94600000	69.8207,30.1793
A08	94400001	95400000	69.2063,30.7937
A08	95200001	96200000	69.8667,30.1333
A08	96000001	97000000	71.9818,28.0182
A08	96800001	97800000	69.9825,30.0175
A08	97600001	98600000	72.9977,27.0023
A08	98400001	99400000	70.6237,29.3763
A08	99200001	100200000	68.8492,31.1508
A08	100000001	101000000	72,28
A08	100800001	101800000	66.25,33.75
A08	101600001	102600000	59.2308,40.7692
A08	102400001	103400000	68.0672,31.9328
A08	103200001	103626341	69.5187,30.4813
A09	1	1000000	57.4803,42.5197
A09	800001	1800000	61.296,38.704
A09	1600001	2600000	62.7027,37.2973
A09	2400001	3400000	50.8427,49.1573
A09	3200001	4200000	54.1284,45.8716
A09	4000001	5000000	54.827,45.173
A09	4800001	5800000	58.4416,41.5584
A09	5600001	6600000	51.5091,48.4909
A09	6400001	7400000	54.2056,45.7944
A09	7200001	8200000	58.6207,41.3793
A09	8000001	9000000	59.4017,40.5983
A09	8800001	9800000	57.7744,42.2256
A09	9600001	10600000	56.2319,43.7681
A09	10400001	11400000	50.1618,49.8382
A09	11200001	12200000	48.7884,51.2116
A09	12000001	13000000	54.9165,45.0835
A09	12800001	13800000	53.1519,46.8481
A09	13600001	14600000	59.8886,40.1114
A09	14400001	15400000	62.6561,37.3439
A09	15200001	16200000	63.3949,36.6051
A09	16000001	17000000	55.4775,44.5225
A09	16800001	17800000	58.8859,41.1141
A09	17600001	18600000	56.3657,43.6343
A09	18400001	19400000	56.5272,43.4728
A09	19200001	20200000	58.0513,41.9487
A09	20000001	21000000	56.9857,43.0143
A09	20800001	21800000	60.916,39.084
A09	21600001	22600000	57.5967,42.4033
A09	22400001	23400000	56.3986,43.6014
A09	23200001	24200000	58.4615,41.5385
A09	24000001	25000000	61.4549,38.5451
A09	24800001	25800000	59.3193,40.6807
A09	25600001	26600000	56.8,43.2
A09	26400001	27400000	58.2822,41.7178
A09	27200001	28200000	60.2244,39.7756
A09	28000001	29000000	58.2944,41.7056
A09	28800001	29800000	57.5221,42.4779
A09	29600001	30600000	57.1429,42.8571
A09	30400001	31400000	61.0491,38.9509
A09	31200001	32200000	58.3232,41.6768
A09	32000001	33000000	58.0756,41.9244
A09	32800001	33800000	59.0588,40.9412
A09	33600001	34600000	59.2065,40.7935
A09	34400001	35400000	59.2849,40.7151
A09	35200001	36200000	58.9636,41.0364
A09	36000001	37000000	61.844,38.156
A09	36800001	37800000	61.4,38.6
A09	37600001	38600000	62.7069,37.2931
A09	38400001	39400000	63.7546,36.2454
A09	39200001	40200000	59.4203,40.5797
A09	40000001	41000000	63.2325,36.7675
A09	40800001	41800000	61.9437,38.0563
A09	41600001	42600000	58.8808,41.1192
A09	42400001	43400000	61.5529,38.4471
A09	43200001	44200000	66.4348,33.5652
A09	44000001	45000000	60.7803,39.2197
A09	44800001	45800000	60.6522,39.3478
A09	45600001	46600000	59.6398,40.3602
A09	46400001	47400000	63.0854,36.9146
A09	47200001	48200000	64.6217,35.3783
A09	48000001	49000000	68.1217,31.8783
A09	48800001	49800000	66.9903,33.0097
A09	49600001	50600000	60.393,39.607
A09	50400001	51400000	57.9723,42.0277
A09	51200001	52200000	59.6292,40.3708
A09	52000001	53000000	66.4714,33.5286
A09	52800001	53800000	69.0418,30.9582
A09	53600001	54600000	66.2326,33.7674
A09	54400001	55400000	69.2683,30.7317
A09	55200001	56200000	68.5938,31.4063
A09	56000001	57000000	68.2281,31.7719
A09	56800001	57800000	65.0773,34.9227
A09	57600001	58600000	65.8206,34.1794
A09	58400001	59400000	66.4634,33.5366
A09	59200001	60200000	69.7389,30.2611
A09	60000001	61000000	68.7179,31.2821
A09	60800001	61800000	67.0959,32.9041
A09	61600001	62600000	68.0851,31.9149
A09	62400001	63400000	68.2211,31.7789
A09	63200001	64200000	68.2965,31.7035
A09	64000001	65000000	70.4508,29.5492
A09	64800001	65800000	69.598,30.402
A09	65600001	66600000	70.1014,29.8986
A09	66400001	67400000	70.8178,29.1822
A09	67200001	68200000	72.2222,27.7778
A09	68000001	69000000	63,37
A09	68800001	69800000	64.5161,35.4839
A09	69600001	70600000	59.7222,40.2778
A09	70400001	71400000	72.3849,27.6151
A09	71200001	72200000	73.5294,26.4706
A09	72000001	73000000	66.8712,33.1288
A09	72800001	73800000	63.7168,36.2832
A09	73600001	74600000	65.6604,34.3396
A09	74400001	74999931	49.0566,50.9434
A10	1	1000000	65.4639,34.5361
A10	800001	1800000	63.9456,36.0544
A10	1600001	2600000	65.7895,34.2105
A10	2400001	3400000	52.8796,47.1204
A10	3200001	4200000	65.1917,34.8083
A10	4000001	5000000	72.8238,27.1762
A10	4800001	5800000	67.4383,32.5617
A10	5600001	6600000	69.3878,30.6122
A10	6400001	7400000	69.5431,30.4569
A10	7200001	8200000	64.4759,35.5241
A10	8000001	9000000	60.6218,39.3782
A10	8800001	9800000	63.4335,36.5665
A10	9600001	10600000	66.6667,33.3333
A10	10400001	11400000	70.0357,29.9643
A10	11200001	12200000	71.7613,28.2387
A10	12000001	13000000	70.3154,29.6846
A10	12800001	13800000	64.153,35.847
A10	13600001	14600000	63.3621,36.6379
A10	14400001	15400000	63.4121,36.5879
A10	15200001	16200000	63.2058,36.7942
A10	16000001	17000000	67.1065,32.8935
A10	16800001	17800000	65.3918,34.6082
A10	17600001	18600000	63.5084,36.4916
A10	18400001	19400000	65.8723,34.1277
A10	19200001	20200000	63.7876,36.2124
A10	20000001	21000000	69.3506,30.6494
A10	20800001	21800000	66.5986,33.4014
A10	21600001	22600000	62.3752,37.6248
A10	22400001	23400000	61.4371,38.5629
A10	23200001	24200000	58.6667,41.3333
A10	24000001	25000000	59.3325,40.6675
A10	24800001	25800000	58.8827,41.1173
A10	25600001	26600000	57.2235,42.7765
A10	26400001	27400000	57.0414,42.9586
A10	27200001	28200000	58.0499,41.9501
A10	28000001	29000000	60.4831,39.5169
A10	28800001	29800000	58.8972,41.1028
A10	29600001	30600000	63.2029,36.7971
A10	30400001	31400000	61.4583,38.5417
A10	31200001	32200000	58.8486,41.1514
A10	32000001	33000000	58.7615,41.2385
A10	32800001	33800000	57.3816,42.6184
A10	33600001	34600000	59.1463,40.8537
A10	34400001	35400000	58.1712,41.8288
A10	35200001	36200000	58.1165,41.8835
A10	36000001	37000000	57.6923,42.3077
A10	36800001	37800000	59.6953,40.3047
A10	37600001	38600000	58.0645,41.9355
A10	38400001	39400000	58.9071,41.0929
A10	39200001	40200000	60.6516,39.3484
A10	40000001	41000000	60.4326,39.5674
A10	40800001	41800000	58.6687,41.3313
A10	41600001	42600000	62.0489,37.9511
A10	42400001	43400000	60.0207,39.9793
A10	43200001	44200000	62.1551,37.8449
A10	44000001	45000000	58.8496,41.1504
A10	44800001	45800000	57.7308,42.2692
A10	45600001	46600000	57.3256,42.6744
A10	46400001	47400000	56.8946,43.1054
A10	47200001	48200000	59.1429,40.8571
A10	48000001	49000000	61.989,38.011
A10	48800001	49800000	63.869,36.131
A10	49600001	50600000	58.9194,41.0806
A10	50400001	51400000	58.8838,41.1162
A10	51200001	52200000	56.4554,43.5446
A10	52000001	53000000	59.854,40.146
A10	52800001	53800000	60.6993,39.3007
A10	53600001	54600000	60.323,39.677
A10	54400001	55400000	60.6291,39.3709
A10	55200001	56200000	63.9769,36.0231
A10	56000001	57000000	63.3503,36.6497
A10	56800001	57800000	65.1163,34.8837
A10	57600001	58600000	65.0943,34.9057
A10	58400001	59400000	63.1841,36.8159
A10	59200001	60200000	63.9775,36.0225
A10	60000001	61000000	61.7671,38.2329
A10	60800001	61800000	64.1374,35.8626
A10	61600001	62600000	62.825,37.175
A10	62400001	63400000	64.5765,35.4235
A10	63200001	64200000	62.0723,37.9277
A10	64000001	65000000	63.0045,36.9955
A10	64800001	65800000	62.1622,37.8378
A10	65600001	66600000	62.1832,37.8168
A10	66400001	67400000	65.7116,34.2884
A10	67200001	68200000	63.0252,36.9748
A10	68000001	69000000	65.7143,34.2857
A10	68800001	69800000	64.2857,35.7143
A10	69600001	70600000	65.8943,34.1057
A10	70400001	71400000	63.0235,36.9765
A10	71200001	72200000	67.0433,32.9567
A10	72000001	73000000	64.1939,35.8061
A10	72800001	73800000	59.3577,40.6423
A10	73600001	74600000	57.2406,42.7594
A10	74400001	75400000	60.2614,39.7386
A10	75200001	76200000	62.3329,37.6671
A10	76000001	77000000	66.6349,33.3651
A10	76800001	77800000	64.1827,35.8173
A10	77600001	78600000	63.0091,36.9909
A10	78400001	79400000	59.9107,40.0893
A10	79200001	80200000	61.8519,38.1481
A10	80000001	81000000	60.7227,39.2773
A10	80800001	81800000	64.6745,35.3255
A10	81600001	82600000	64.9165,35.0835
A10	82400001	83400000	66.251,33.749
A10	83200001	84200000	65.9406,34.0594
A10	84000001	85000000	64.532,35.468
A10	84800001	85800000	67.7763,32.2237
A10	85600001	86600000	64.5017,35.4983
A10	86400001	87400000	66.0679,33.9321
A10	87200001	88200000	66.0517,33.9483
A10	88000001	89000000	67.9337,32.0663
A10	88800001	89800000	67.4956,32.5044
A10	89600001	90600000	66.7686,33.2314
A10	90400001	91400000	63.75,36.25
A10	91200001	92200000	67.7419,32.2581
A10	92000001	93000000	69.4937,30.5063
A10	92800001	93800000	73.067,26.933
A10	93600001	94600000	72.3333,27.6667
A10	94400001	95400000	70.2359,29.7641
A10	95200001	96200000	65.7046,34.2954
A10	96000001	97000000	66.0377,33.9623
A10	96800001	97800000	65.2098,34.7902
A10	97600001	98600000	61.4634,38.5366
A10	98400001	99400000	66.9219,33.0781
A10	99200001	100200000	67.1053,32.8947
A10	100000001	101000000	74.6398,25.3602
A10	100800001	100866604	80,20
A11	1	1000000	66.2069,33.7931
A11	800001	1800000	63.2768,36.7232
A11	1600001	2600000	74.5946,25.4054
A11	2400001	3400000	66.129,33.871
A11	3200001	4200000	67.6364,32.3636
A11	4000001	5000000	69.4323,30.5677
A11	4800001	5800000	78.7546,21.2454
A11	5600001	6600000	68.2028,31.7972
A11	6400001	7400000	69.9088,30.0912
A11	7200001	8200000	69.9115,30.0885
A11	8000001	9000000	70.6667,29.3333
A11	8800001	9800000	70.1493,29.8507
A11	9600001	10600000	71.6,28.4
A11	10400001	11400000	70.1299,29.8701
A11	11200001	12200000	72.0682,27.9318
A11	12000001	13000000	70.8197,29.1803
A11	12800001	13800000	65.6376,34.3624
A11	13600001	14600000	65.5901,34.4099
A11	14400001	15400000	62.8433,37.1567
A11	15200001	16200000	62.6609,37.3391
A11	16000001	17000000	65.4965,34.5035
A11	16800001	17800000	69.6707,30.3293
A11	17600001	18600000	68.4411,31.5589
A11	18400001	19400000	67.6987,32.3013
A11	19200001	20200000	67.5556,32.4444
A11	20000001	21000000	68.0539,31.9461
A11	20800001	21800000	67.745,32.255
A11	21600001	22600000	67.9837,32.0163
A11	22400001	23400000	68.3258,31.6742
A11	23200001	24200000	69.0947,30.9053
A11	24000001	25000000	70.5426,29.4574
A11	24800001	25800000	66.0475,33.9525
A11	25600001	26600000	66.5505,33.4495
A11	26400001	27400000	64.3339,35.6661
A11	27200001	28200000	66.5796,33.4204
A11	28000001	29000000	64.5092,35.4908
A11	28800001	29800000	58.3333,41.6667
A11	29600001	30600000	62.426,37.574
A11	30400001	31400000	64.8456,35.1544
A11	31200001	32200000	61.2832,38.7168
A11	32000001	33000000	61.86,38.14
A11	32800001	33800000	61.615,38.385
A11	33600001	34600000	61.5832,38.4168
A11	34400001	35400000	62.7475,37.2525
A11	35200001	36200000	63.2066,36.7934
A11	36000001	37000000	57.9329,42.0671
A11	36800001	37800000	58.0366,41.9634
A11	37600001	38600000	60.401,39.599
A11	38400001	39400000	62.3393,37.6607
A11	39200001	40200000	59.6358,40.3642
A11	40000001	41000000	59.6457,40.3543
A11	40800001	41800000	62.2423,37.7577
A11	41600001	42600000	60.1399,39.8601
A11	42400001	43400000	59.2344,40.7656
A11	43200001	44200000	61.554,38.446
A11	44000001	45000000	61.7284,38.2716
A11	44800001	45800000	60.221,39.779
A11	45600001	46600000	54.8209,45.1791
A11	46400001	47400000	59.4995,40.5005
A11	47200001	48200000	60.3622,39.6378
A11	48000001	49000000	60.274,39.726
A11	48800001	49800000	62.4542,37.5458
A11	49600001	50600000	56.7762,43.2238
A11	50400001	51400000	60.0208,39.9792
A11	51200001	52200000	62.5584,37.4416
A11	52000001	53000000	61.4723,38.5277
A11	52800001	53800000	60.742,39.258
A11	53600001	54600000	56.6632,43.3368
A11	54400001	55400000	61.3527,38.6473
A11	55200001	56200000	63.8404,36.1596
A11	56000001	57000000	64.7505,35.2495
A11	56800001	57800000	61.3466,38.6534
A11	57600001	58600000	57.8882,42.1118
A11	58400001	59400000	56.9343,43.0657
A11	59200001	60200000	55.598,44.402
A11	60000001	61000000	57.5408,42.4592
A11	60800001	61800000	54.6261,45.3739
A11	61600001	62600000	62.037,37.963
A11	62400001	63400000	63.8861,36.1139
A11	63200001	64200000	68.2848,31.7152
A11	64000001	65000000	63.9053,36.0947
A11	64800001	65800000	61.4519,38.5481
A11	65600001	66600000	58.39,41.61
A11	66400001	67400000	62.5153,37.4847
A11	67200001	68200000	62.9318,37.0682
A11	68000001	69000000	60.0166,39.9834
A11	68800001	69800000	63.2437,36.7563
A11	69600001	70600000	61.8885,38.1115
A11	70400001	71400000	63.7948,36.2052
A11	71200001	72200000	62.5138,37.4862
A11	72000001	73000000	61.0287,38.9713
A11	72800001	73800000	58.3955,41.6045
A11	73600001	74600000	58.2071,41.7929
A11	74400001	75400000	59.2497,40.7503
A11	75200001	76200000	62.0648,37.9352
A11	76000001	77000000	67.2823,32.7177
A11	76800001	77800000	66.2791,33.7209
A11	77600001	78600000	65.3809,34.6191
A11	78400001	79400000	66.5577,33.4423
A11	79200001	80200000	66.3065,33.6935
A11	80000001	81000000	66.1728,33.8272
A11	80800001	81800000	69.3196,30.6804
A11	81600001	82600000	71.1061,28.8939
A11	82400001	83400000	72.4662,27.5338
A11	83200001	84200000	71,29
A11	84000001	85000000	68.5681,31.4319
A11	84800001	85800000	67.4214,32.5786
A11	85600001	86600000	66.9274,33.0726
A11	86400001	87400000	69.2005,30.7995
A11	87200001	88200000	65.9193,34.0807
A11	88000001	89000000	64.2857,35.7143
A11	88800001	89800000	70.8968,29.1032
A11	89600001	90600000	67.4545,32.5455
A11	90400001	91400000	65.261,34.739
A11	91200001	92200000	61.5809,38.4191
A11	92000001	93000000	63.4503,36.5497
A11	92800001	93316192	61.4286,38.5714
A12	1	1000000	65.4959,34.5041
A12	800001	1800000	62.3377,37.6623
A12	1600001	2600000	66.075,33.925
A12	2400001	3400000	69.8925,30.1075
A12	3200001	4200000	73.525,26.475
A12	4000001	5000000	69.3857,30.6143
A12	4800001	5800000	64.6051,35.3949
A12	5600001	6600000	65.8898,34.1102
A12	6400001	7400000	67.7792,32.2208
A12	7200001	8200000	68.4211,31.5789
A12	8000001	9000000	67.6471,32.3529
A12	8800001	9800000	65.9158,34.0842
A12	9600001	10600000	66.7643,33.2357
A12	10400001	11400000	67.5258,32.4742
A12	11200001	12200000	58.6352,41.3648
A12	12000001	13000000	69.198,30.802
A12	12800001	13800000	67.3597,32.6403
A12	13600001	14600000	68.1015,31.8985
A12	14400001	15400000	64.1294,35.8706
A12	15200001	16200000	63.2705,36.7295
A12	16000001	17000000	61.7621,38.2379
A12	16800001	17800000	62.1022,37.8978
A12	17600001	18600000	61.413,38.587
A12	18400001	19400000	60.6715,39.3285
A12	19200001	20200000	60.1932,39.8068
A12	20000001	21000000	60.1667,39.8333
A12	20800001	21800000	63.3781,36.6219
A12	21600001	22600000	61.3699,38.6301
A12	22400001	23400000	64.1613,35.8387
A12	23200001	24200000	58.567,41.433
A12	24000001	25000000	57.2776,42.7224
A12	24800001	25800000	58.3717,41.6283
A12	25600001	26600000	58.3333,41.6667
A12	26400001	27400000	63.0769,36.9231
A12	27200001	28200000	62.7174,37.2826
A12	28000001	29000000	64.7978,35.2022
A12	28800001	29800000	60.8696,39.1304
A12	29600001	30600000	59.1778,40.8222
A12	30400001	31400000	55.9659,44.0341
A12	31200001	32200000	57.1644,42.8356
A12	32000001	33000000	61.2311,38.7689
A12	32800001	33800000	62.8499,37.1501
A12	33600001	34600000	63.6872,36.3128
A12	34400001	35400000	60.5932,39.4068
A12	35200001	36200000	57.2948,42.7052
A12	36000001	37000000	60.5797,39.4203
A12	36800001	37800000	57.4442,42.5558
A12	37600001	38600000	57.3182,42.6818
A12	38400001	39400000	57.4353,42.5647
A12	39200001	40200000	56.5582,43.4418
A12	40000001	41000000	62.1041,37.8959
A12	40800001	41800000	56.4761,43.5239
A12	41600001	42600000	56.7086,43.2914
A12	42400001	43400000	59.0853,40.9147
A12	43200001	44200000	57.7883,42.2117
A12	44000001	45000000	60.0487,39.9513
A12	44800001	45800000	61.2967,38.7033
A12	45600001	46600000	61.791,38.209
A12	46400001	47400000	60.2975,39.7025
A12	47200001	48200000	60.124,39.876
A12	48000001	49000000	61.5797,38.4203
A12	48800001	49800000	58.0285,41.9715
A12	49600001	50600000	56.5468,43.4532
A12	50400001	51400000	59.4096,40.5904
A12	51200001	52200000	60.5556,39.4444
A12	52000001	53000000	60.0589,39.9411
A12	52800001	53800000	59.3333,40.6667
A12	53600001	54600000	61.4823,38.5177
A12	54400001	55400000	62.5933,37.4067
A12	55200001	56200000	60.047,39.953
A12	56000001	57000000	58.0116,41.9884
A12	56800001	57800000	62.2419,37.7581
A12	57600001	58600000	63.4371,36.5629
A12	58400001	59400000	65.7371,34.2629
A12	59200001	60200000	66.1098,33.8902
A12	60000001	61000000	65.5693,34.4307
A12	60800001	61800000	67.4232,32.5768
A12	61600001	62600000	67.9962,32.0038
A12	62400001	63400000	68.0695,31.9305
A12	63200001	64200000	69.1514,30.8486
A12	64000001	65000000	68.1223,31.8777
A12	64800001	65800000	69.9115,30.0885
A12	65600001	66600000	69.7222,30.2778
A12	66400001	67400000	70.9302,29.0698
A12	67200001	68200000	68.9203,31.0797
A12	68000001	69000000	63.6267,36.3733
A12	68800001	69800000	66.4612,33.5388
A12	69600001	70600000	65.5598,34.4402
A12	70400001	71400000	65,35
A12	71200001	72200000	67.4203,32.5797
A12	72000001	73000000	67.497,32.503
A12	72800001	73800000	70.3039,29.6961
A12	73600001	74600000	70.8475,29.1525
A12	74400001	75400000	67.746,32.254
A12	75200001	76200000	67.7532,32.2468
A12	76000001	77000000	69.209,30.791
A12	76800001	77800000	69.3759,30.6241
A12	77600001	78600000	71.9262,28.0738
A12	78400001	79400000	66.6667,33.3333
A12	79200001	80200000	68.8442,31.1558
A12	80000001	81000000	67.2372,32.7628
A12	80800001	81800000	67.6471,32.3529
A12	81600001	82600000	69.9332,30.0668
A12	82400001	83400000	68.5879,31.4121
A12	83200001	84200000	65.4378,34.5622
A12	84000001	85000000	68.4492,31.5508
A12	84800001	85800000	67.4797,32.5203
A12	85600001	86600000	69.5035,30.4965
A12	86400001	87400000	56.25,43.75
A12	87200001	87484866	58.8235,41.1765
A13	1	1000000	65.9039,34.0961
A13	800001	1800000	68.4524,31.5476
A13	1600001	2600000	68.2971,31.7029
A13	2400001	3400000	68.9189,31.0811
A13	3200001	4200000	64.1686,35.8314
A13	4000001	5000000	67.8674,32.1326
A13	4800001	5800000	71.0526,28.9474
A13	5600001	6600000	69.4318,30.5682
A13	6400001	7400000	62.5261,37.4739
A13	7200001	8200000	59.601,40.399
A13	8000001	9000000	58.5096,41.4904
A13	8800001	9800000	57.5499,42.4501
A13	9600001	10600000	61.8407,38.1593
A13	10400001	11400000	66.0322,33.9678
A13	11200001	12200000	60.6459,39.3541
A13	12000001	13000000	64.7005,35.2995
A13	12800001	13800000	67.9959,32.0041
A13	13600001	14600000	66.1955,33.8045
A13	14400001	15400000	64.5296,35.4704
A13	15200001	16200000	59.127,40.873
A13	16000001	17000000	58.3871,41.6129
A13	16800001	17800000	60.3431,39.6569
A13	17600001	18600000	59.9244,40.0756
A13	18400001	19400000	59.7595,40.2405
A13	19200001	20200000	59.434,40.566
A13	20000001	21000000	63.2572,36.7428
A13	20800001	21800000	62.5761,37.4239
A13	21600001	22600000	64.7059,35.2941
A13	22400001	23400000	64.6392,35.3608
A13	23200001	24200000	63.1857,36.8143
A13	24000001	25000000	58.8375,41.1625
A13	24800001	25800000	63.3547,36.6453
A13	25600001	26600000	62.115,37.885
A13	26400001	27400000	59.8876,40.1124
A13	27200001	28200000	58.4524,41.5476
A13	28000001	29000000	52.0779,47.9221
A13	28800001	29800000	59.8701,40.1299
A13	29600001	30600000	57.2539,42.7461
A13	30400001	31400000	55.4855,44.5145
A13	31200001	32200000	57.9943,42.0057
A13	32000001	33000000	61.0526,38.9474
A13	32800001	33800000	59.6833,40.3167
A13	33600001	34600000	55.1242,44.8758
A13	34400001	35400000	59.1867,40.8133
A13	35200001	36200000	59.4628,40.5372
A13	36000001	37000000	60.3796,39.6204
A13	36800001	37800000	58.6207,41.3793
A13	37600001	38600000	59.0909,40.9091
A13	38400001	39400000	63.9413,36.0587
A13	39200001	40200000	60.9015,39.0985
A13	40000001	41000000	63.1193,36.8807
A13	40800001	41800000	59.2328,40.7672
A13	41600001	42600000	59.9282,40.0718
A13	42400001	43400000	60.1554,39.8446
A13	43200001	44200000	62.0908,37.9092
A13	44000001	45000000	58.7398,41.2602
A13	44800001	45800000	60.4425,39.5575
A13	45600001	46600000	64.9387,35.0613
A13	46400001	47400000	61.7845,38.2155
A13	47200001	48200000	60.223,39.777
A13	48000001	49000000	59.7471,40.2529
A13	48800001	49800000	63.1779,36.8221
A13	49600001	50600000	64.9015,35.0985
A13	50400001	51400000	62.0616,37.9384
A13	51200001	52200000	63.9651,36.0349
A13	52000001	53000000	62.2549,37.7451
A13	52800001	53800000	62.2266,37.7734
A13	53600001	54600000	58.7114,41.2886
A13	54400001	55400000	64.127,35.873
A13	55200001	56200000	65.1085,34.8915
A13	56000001	57000000	62.0989,37.9011
A13	56800001	57800000	62.7869,37.2131
A13	57600001	58600000	64.8603,35.1397
A13	58400001	59400000	67.2014,32.7986
A13	59200001	60200000	63.4483,36.5517
A13	60000001	61000000	67.8387,32.1613
A13	60800001	61800000	65.8874,34.1126
A13	61600001	62600000	66.2531,33.7469
A13	62400001	63400000	66.2174,33.7826
A13	63200001	64200000	67.2963,32.7037
A13	64000001	65000000	65.4013,34.5987
A13	64800001	65800000	68.8406,31.1594
A13	65600001	66600000	66.4307,33.5693
A13	66400001	67400000	66.5388,33.4612
A13	67200001	68200000	67.8174,32.1826
A13	68000001	69000000	68.6034,31.3966
A13	68800001	69800000	66.4865,33.5135
A13	69600001	70600000	69.6168,30.3832
A13	70400001	71400000	67.0233,32.9767
A13	71200001	72200000	68.8652,31.1348
A13	72000001	73000000	65.0485,34.9515
A13	72800001	73800000	71.134,28.866
A13	73600001	74600000	67.8524,32.1476
A13	74400001	75400000	68.8034,31.1966
A13	75200001	76200000	69.8068,30.1932
A13	76000001	77000000	69.7417,30.2583
A13	76800001	77800000	64.4928,35.5072
A13	77600001	78600000	65,35
A13	78400001	79400000	56.0345,43.9655
A13	79200001	79961121	66.9173,33.0827
D01	1	1000000	64.539,35.461
D01	800001	1800000	63.5,36.5
D01	1600001	2600000	65.1568,34.8432
D01	2400001	3400000	69.2124,30.7876
D01	3200001	4200000	60.2837,39.7163
D01	4000001	5000000	66.6667,33.3333
D01	4800001	5800000	70.5545,29.4455
D01	5600001	6600000	69.2197,30.7803
D01	6400001	7400000	65.0867,34.9133
D01	7200001	8200000	66.6667,33.3333
D01	8000001	9000000	65.1515,34.8485
D01	8800001	9800000	69.7055,30.2945
D01	9600001	10600000	70.8556,29.1444
D01	10400001	11400000	69.3855,30.6145
D01	11200001	12200000	66.021,33.979
D01	12000001	13000000	64.3678,35.6322
D01	12800001	13800000	67.5926,32.4074
D01	13600001	14600000	66.7105,33.2895
D01	14400001	15400000	68.4327,31.5673
D01	15200001	16200000	73.4375,26.5625
D01	16000001	17000000	69.9559,30.0441
D01	16800001	17800000	69.1972,30.8028
D01	17600001	18600000	65.1408,34.8592
D01	18400001	19400000	68.3254,31.6746
D01	19200001	20200000	65.2649,34.7351
D01	20000001	21000000	63.0538,36.9462
D01	20800001	21800000	67.3166,32.6834
D01	21600001	22600000	68.5788,31.4212
D01	22400001	23400000	63.7205,36.2795
D01	23200001	24200000	62.5087,37.4913
D01	24000001	25000000	62.8814,37.1186
D01	24800001	25800000	64.4301,35.5699
D01	25600001	26600000	69.3858,30.6142
D01	26400001	27400000	66.8675,33.1325
D01	27200001	28200000	64.7059,35.2941
D01	28000001	29000000	65.8537,34.1463
D01	28800001	29800000	61.0415,38.9585
D01	29600001	30600000	61.8924,38.1076
D01	30400001	31400000	63.5135,36.4865
D01	31200001	32200000	63.2635,36.7365
D01	32000001	33000000	60.8348,39.1652
D01	32800001	33800000	57.9429,42.0571
D01	33600001	34600000	60.6029,39.3971
D01	34400001	35400000	59.5308,40.4692
D01	35200001	36200000	60.8772,39.1228
D01	36000001	37000000	60.8081,39.1919
D01	36800001	37800000	57.2025,42.7975
D01	37600001	38600000	64.1026,35.8974
D01	38400001	39400000	63.4692,36.5308
D01	39200001	40200000	64.2405,35.7595
D01	40000001	41000000	63.2287,36.7713
D01	40800001	41800000	65.7546,34.2454
D01	41600001	42600000	66.4376,33.5624
D01	42400001	43400000	65.8537,34.1463
D01	43200001	44200000	66.4918,33.5082
D01	44000001	45000000	68.1592,31.8408
D01	44800001	45800000	70.7638,29.2362
D01	45600001	46600000	64.1873,35.8127
D01	46400001	47400000	63.1016,36.8984
D01	47200001	48200000	63.7447,36.2553
D01	48000001	49000000	65.1383,34.8617
D01	48800001	49800000	64.524,35.476
D01	49600001	50600000	65.9555,34.0445
D01	50400001	51400000	65.8768,34.1232
D01	51200001	52200000	65.9401,34.0599
D01	52000001	53000000	69.7329,30.2671
D01	52800001	53800000	66.7849,33.2151
D01	53600001	54600000	69.9029,30.0971
D01	54400001	55400000	70.1427,29.8573
D01	55200001	56200000	66.93,33.07
D01	56000001	57000000	71.5019,28.4981
D01	56800001	57800000	64.4007,35.5993
D01	57600001	58600000	71.0356,28.9644
D01	58400001	59400000	67.2334,32.7666
D01	59200001	60200000	69.3837,30.6163
D01	60000001	61000000	61.7021,38.2979
D01	60800001	61456009	71.5385,28.4615
D02	1	1000000	54.5455,45.4545
D02	800001	1800000	65.3846,34.6154
D02	1600001	2600000	66.7476,33.2524
D02	2400001	3400000	67.5481,32.4519
D02	3200001	4200000	68.4739,31.5261
D02	4000001	5000000	62.069,37.931
D02	4800001	5800000	64.8712,35.1288
D02	5600001	6600000	66.4596,33.5404
D02	6400001	7400000	64.9315,35.0685
D02	7200001	8200000	68.8571,31.1429
D02	8000001	9000000	68.3715,31.6285
D02	8800001	9800000	69.0524,30.9476
D02	9600001	10600000	66.5786,33.4214
D02	10400001	11400000	69.188,30.812
D02	11200001	12200000	68.2726,31.7274
D02	12000001	13000000	62.8099,37.1901
D02	12800001	13800000	65.4897,34.5103
D02	13600001	14600000	69.6735,30.3265
D02	14400001	15400000	66.1776,33.8224
D02	15200001	16200000	67.0786,32.9214
D02	16000001	17000000	62.6396,37.3604
D02	16800001	17800000	63.0973,36.9027
D02	17600001	18600000	59.1981,40.8019
D02	18400001	19400000	60.6184,39.3816
D02	19200001	20200000	59.3505,40.6495
D02	20000001	21000000	62.4865,37.5135
D02	20800001	21800000	63.6877,36.3123
D02	21600001	22600000	66.5167,33.4833
D02	22400001	23400000	64.585,35.415
D02	23200001	24200000	64.2924,35.7076
D02	24000001	25000000	64.424,35.576
D02	24800001	25800000	66.3246,33.6754
D02	25600001	26600000	61.9898,38.0102
D02	26400001	27400000	60.3342,39.6658
D02	27200001	28200000	61.573,38.427
D02	28000001	29000000	64.5134,35.4866
D02	28800001	29800000	62.5663,37.4337
D02	29600001	30600000	63.2306,36.7694
D02	30400001	31400000	61.2222,38.7778
D02	31200001	32200000	61.8636,38.1364
D02	32000001	33000000	63.1902,36.8098
D02	32800001	33800000	63.1579,36.8421
D02	33600001	34600000	62.7993,37.2007
D02	34400001	35400000	64.8649,35.1351
D02	35200001	36200000	66.8029,33.1971
D02	36000001	37000000	64.8707,35.1293
D02	36800001	37800000	63.6274,36.3726
D02	37600001	38600000	63.3028,36.6972
D02	38400001	39400000	64.7773,35.2227
D02	39200001	40200000	65.8927,34.1073
D02	40000001	41000000	65.5821,34.4179
D02	40800001	41800000	63.2212,36.7788
D02	41600001	42600000	63.7897,36.2103
D02	42400001	43400000	63.7945,36.2055
D02	43200001	44200000	64.0839,35.9161
D02	44000001	45000000	65.8654,34.1346
D02	44800001	45800000	65.7792,34.2208
D02	45600001	46600000	63.7511,36.2489
D02	46400001	47400000	64.3351,35.6649
D02	47200001	48200000	63.9305,36.0695
D02	48000001	49000000	65.4412,34.5588
D02	48800001	49800000	67.0732,32.9268
D02	49600001	50600000	63.5281,36.4719
D02	50400001	51400000	64.0666,35.9334
D02	51200001	52200000	63.4457,36.5543
D02	52000001	53000000	65.8703,34.1297
D02	52800001	53800000	66.8571,33.1429
D02	53600001	54600000	66.2941,33.7059
D02	54400001	55400000	66.5008,33.4992
D02	55200001	56200000	70.0382,29.9618
D02	56000001	57000000	63.7529,36.2471
D02	56800001	57800000	66.3482,33.6518
D02	57600001	58600000	67.6505,32.3495
D02	58400001	59400000	66.3605,33.6395
D02	59200001	60200000	69.3194,30.6806
D02	60000001	61000000	65.7854,34.2146
D02	60800001	61800000	66.6223,33.3777
D02	61600001	62600000	70.7022,29.2978
D02	62400001	63400000	73.1861,26.8139
D02	63200001	64200000	68.8312,31.1688
D02	64000001	65000000	69.437,30.563
D02	64800001	65800000	68.6992,31.3008
D02	65600001	66600000	62.5,37.5
D02	66400001	67400000	58.0153,41.9847
D02	67200001	67284553	65.3061,34.6939
D03	1	1000000	57.6471,42.3529
D03	800001	1800000	66.1631,33.8369
D03	1600001	2600000	63.6364,36.3636
D03	2400001	3400000	66.242,33.758
D03	3200001	4200000	68.8356,31.1644
D03	4000001	5000000	70.6388,29.3612
D03	4800001	5800000	67.581,32.419
D03	5600001	6600000	69.875,30.125
D03	6400001	7400000	69.4417,30.5583
D03	7200001	8200000	65.7118,34.2882
D03	8000001	9000000	63.8959,36.1041
D03	8800001	9800000	65.0958,34.9042
D03	9600001	10600000	63.7076,36.2924
D03	10400001	11400000	65.342,34.658
D03	11200001	12200000	64.9703,35.0297
D03	12000001	13000000	64.2583,35.7417
D03	12800001	13800000	60.5289,39.4711
D03	13600001	14600000	64.2857,35.7143
D03	14400001	15400000	65.3846,34.6154
D03	15200001	16200000	65.4957,34.5043
D03	16000001	17000000	62.1622,37.8378
D03	16800001	17800000	60.8266,39.1734
D03	17600001	18600000	58.5603,41.4397
D03	18400001	19400000	55.0467,44.9533
D03	19200001	20200000	57.4824,42.5176
D03	20000001	21000000	60.3821,39.6179
D03	20800001	21800000	57.1311,42.8689
D03	21600001	22600000	60.614,39.386
D03	22400001	23400000	61.3701,38.6299
D03	23200001	24200000	63.1485,36.8515
D03	24000001	25000000	65.8172,34.1828
D03	24800001	25800000	67.4286,32.5714
D03	25600001	26600000	67.2444,32.7556
D03	26400001	27400000	64.1725,35.8275
D03	27200001	28200000	61.1912,38.8088
D03	28000001	29000000	62.4357,37.5643
D03	28800001	29800000	66.1552,33.8448
D03	29600001	30600000	65.622,34.378
D03	30400001	31400000	67.4603,32.5397
D03	31200001	32200000	67.4399,32.5601
D03	32000001	33000000	65.3815,34.6185
D03	32800001	33800000	68.0739,31.9261
D03	33600001	34600000	67.6979,32.3021
D03	34400001	35400000	69.6607,30.3393
D03	35200001	36200000	66.7006,33.2994
D03	36000001	37000000	66.4024,33.5976
D03	36800001	37800000	69.7452,30.2548
D03	37600001	38600000	69.587,30.413
D03	38400001	39400000	71.3663,28.6337
D03	39200001	40200000	70.1473,29.8527
D03	40000001	41000000	66.0858,33.9142
D03	40800001	41800000	63.0682,36.9318
D03	41600001	42600000	69.9262,30.0738
D03	42400001	43400000	75.3521,24.6479
D03	43200001	44200000	69.3939,30.6061
D03	44000001	45000000	65.7837,34.2163
D03	44800001	45800000	65.4731,34.5269
D03	45600001	46600000	61.4504,38.5496
D03	46400001	46690656	40.625,59.375
D04	1	1000000	67.2,32.8
D04	800001	1800000	68.7984,31.2016
D04	1600001	2600000	64.482,35.518
D04	2400001	3400000	62.9213,37.0787
D04	3200001	4200000	67.8227,32.1773
D04	4000001	5000000	67.9376,32.0624
D04	4800001	5800000	63.6905,36.3095
D04	5600001	6600000	65.9409,34.0591
D04	6400001	7400000	69.2308,30.7692
D04	7200001	8200000	69.6544,30.3456
D04	8000001	9000000	65.7351,34.2649
D04	8800001	9800000	66.6667,33.3333
D04	9600001	10600000	70.6186,29.3814
D04	10400001	11400000	66.7778,33.2222
D04	11200001	12200000	67.9638,32.0362
D04	12000001	13000000	66.4577,33.5423
D04	12800001	13800000	65.279,34.721
D04	13600001	14600000	65.1601,34.8399
D04	14400001	15400000	65.7169,34.2831
D04	15200001	16200000	65.7443,34.2557
D04	16000001	17000000	63.6026,36.3974
D04	16800001	17800000	62.0952,37.9048
D04	17600001	18600000	61.6524,38.3476
D04	18400001	19400000	60.9973,39.0027
D04	19200001	20200000	62.1648,37.8352
D04	20000001	21000000	59.2885,40.7115
D04	20800001	21800000	57.9235,42.0765
D04	21600001	22600000	59.7793,40.2207
D04	22400001	23400000	61.7619,38.2381
D04	23200001	24200000	60.6317,39.3683
D04	24000001	25000000	62.0321,37.9679
D04	24800001	25800000	63.799,36.201
D04	25600001	26600000	61.7391,38.2609
D04	26400001	27400000	64.9581,35.0419
D04	27200001	28200000	62.7433,37.2567
D04	28000001	29000000	63.8502,36.1498
D04	28800001	29800000	64.7003,35.2997
D04	29600001	30600000	64.2857,35.7143
D04	30400001	31400000	64.9718,35.0282
D04	31200001	32200000	63.6291,36.3709
D04	32000001	33000000	64.203,35.797
D04	32800001	33800000	65.5592,34.4408
D04	33600001	34600000	67.7835,32.2165
D04	34400001	35400000	65.3918,34.6082
D04	35200001	36200000	64.7815,35.2185
D04	36000001	37000000	69.8984,30.1016
D04	36800001	37800000	68.3967,31.6033
D04	37600001	38600000	64.5084,35.4916
D04	38400001	39400000	64.3824,35.6176
D04	39200001	40200000	68.281,31.719
D04	40000001	41000000	66.1182,33.8818
D04	40800001	41800000	66.6948,33.3052
D04	41600001	42600000	67.2846,32.7154
D04	42400001	43400000	68.614,31.386
D04	43200001	44200000	64.4501,35.5499
D04	44000001	45000000	70.5247,29.4753
D04	44800001	45800000	68.6369,31.3631
D04	45600001	46600000	67.9195,32.0805
D04	46400001	47400000	72.4605,27.5395
D04	47200001	48200000	67.9348,32.0652
D04	48000001	49000000	64.2857,35.7143
D04	48800001	49800000	64.8649,35.1351
D04	49600001	50600000	71.5686,28.4314
D04	50400001	51400000	65.528,34.472
D04	51200001	51454130	68.3333,31.6667
D05	1	1000000	68.1818,31.8182
D05	800001	1800000	61.7834,38.2166
D05	1600001	2600000	61.1111,38.8889
D05	2400001	3400000	60.1399,39.8601
D05	3200001	4200000	72.7941,27.2059
D05	4000001	5000000	70.1863,29.8137
D05	4800001	5800000	63.5802,36.4198
D05	5600001	6600000	67.3171,32.6829
D05	6400001	7400000	70.2128,29.7872
D05	7200001	8200000	76.3314,23.6686
D05	8000001	9000000	56.8493,43.1507
D05	8800001	9800000	63.9752,36.0248
D05	9600001	10600000	57.3171,42.6829
D05	10400001	11400000	75.4098,24.5902
D05	11200001	12200000	64.6154,35.3846
D05	12000001	13000000	58.2677,41.7323
D05	12800001	13800000	69.5279,30.4721
D05	13600001	14600000	67.9577,32.0423
D05	14400001	15400000	67.0498,32.9502
D05	15200001	16200000	70.1245,29.8755
D05	16000001	17000000	64.3172,35.6828
D05	16800001	17800000	60.7955,39.2045
D05	17600001	18600000	68.75,31.25
D05	18400001	19400000	70.9163,29.0837
D05	19200001	20200000	70.2194,29.7806
D05	20000001	21000000	69.1466,30.8534
D05	20800001	21800000	67.2131,32.7869
D05	21600001	22600000	66.7532,33.2468
D05	22400001	23400000	65.146,34.854
D05	23200001	24200000	61.7169,38.2831
D05	24000001	25000000	67.2414,32.7586
D05	24800001	25800000	68.8985,31.1015
D05	25600001	26600000	67.5325,32.4675
D05	26400001	27400000	66.9323,33.0677
D05	27200001	28200000	67.7596,32.2404
D05	28000001	29000000	67.7376,32.2624
D05	28800001	29800000	69.0276,30.9724
D05	29600001	30600000	69.863,30.137
D05	30400001	31400000	64.9583,35.0417
D05	31200001	32200000	70.6169,29.3831
D05	32000001	33000000	64.9573,35.0427
D05	32800001	33800000	65.3846,34.6154
D05	33600001	34600000	64.4628,35.5372
D05	34400001	35400000	66.3858,33.6142
D05	35200001	36200000	63.5797,36.4203
D05	36000001	37000000	62.1649,37.8351
D05	36800001	37800000	65.0894,34.9106
D05	37600001	38600000	59.2668,40.7332
D05	38400001	39400000	62.4141,37.5859
D05	39200001	40200000	60.0476,39.9524
D05	40000001	41000000	57.0513,42.9487
D05	40800001	41800000	61.9087,38.0913
D05	41600001	42600000	63.6441,36.3559
D05	42400001	43400000	62.3797,37.6203
D05	43200001	44200000	61.9828,38.0172
D05	44000001	45000000	62.0513,37.9487
D05	44800001	45800000	64.5714,35.4286
D05	45600001	46600000	63.5455,36.4545
D05	46400001	47400000	66.6099,33.3901
D05	47200001	48200000	63.1213,36.8787
D05	48000001	49000000	61.1052,38.8948
D05	48800001	49800000	64.8718,35.1282
D05	49600001	50600000	65.8768,34.1232
D05	50400001	51400000	66.2025,33.7975
D05	51200001	52200000	67.4645,32.5355
D05	52000001	53000000	69.7567,30.2433
D05	52800001	53800000	69.0678,30.9322
D05	53600001	54600000	64.7059,35.2941
D05	54400001	55400000	63.5174,36.4826
D05	55200001	56200000	65.1961,34.8039
D05	56000001	57000000	66.5706,33.4294
D05	56800001	57800000	70.5584,29.4416
D05	57600001	58600000	70.8651,29.1349
D05	58400001	59400000	66.7586,33.2414
D05	59200001	60200000	63.6905,36.3095
D05	60000001	61000000	67.7551,32.2449
D05	60800001	61800000	66.8571,33.1429
D05	61600001	61933047	66.4,33.6
D06	1	1000000	73.7952,26.2048
D06	800001	1800000	62.9526,37.0474
D06	1600001	2600000	61.086,38.914
D06	2400001	3400000	65.0888,34.9112
D06	3200001	4200000	69.6535,30.3465
D06	4000001	5000000	69.0751,30.9249
D06	4800001	5800000	71.4984,28.5016
D06	5600001	6600000	69.9686,30.0314
D06	6400001	7400000	68.1818,31.8182
D06	7200001	8200000	71.2803,28.7197
D06	8000001	9000000	67.9688,32.0312
D06	8800001	9800000	66.0022,33.9978
D06	9600001	10600000	63.8009,36.1991
D06	10400001	11400000	66.178,33.822
D06	11200001	12200000	71.6024,28.3976
D06	12000001	13000000	71.0526,28.9474
D06	12800001	13800000	68.2451,31.7549
D06	13600001	14600000	69.2096,30.7904
D06	14400001	15400000	66.9844,33.0156
D06	15200001	16200000	66.3386,33.6614
D06	16000001	17000000	66.1499,33.8501
D06	16800001	17800000	62.4148,37.5852
D06	17600001	18600000	66.2811,33.7189
D06	18400001	19400000	64.5126,35.4874
D06	19200001	20200000	63.7341,36.2659
D06	20000001	21000000	65.7313,34.2687
D06	20800001	21800000	64.0275,35.9725
D06	21600001	22600000	65.0273,34.9727
D06	22400001	23400000	64.5744,35.4256
D06	23200001	24200000	64.3142,35.6858
D06	24000001	25000000	64.3519,35.6481
D06	24800001	25800000	64.7291,35.2709
D06	25600001	26600000	63.8846,36.1154
D06	26400001	27400000	61.9608,38.0392
D06	27200001	28200000	63.4936,36.5064
D06	28000001	29000000	64.8148,35.1852
D06	28800001	29800000	63.2911,36.7089
D06	29600001	30600000	64.5108,35.4892
D06	30400001	31400000	63.1119,36.8881
D06	31200001	32200000	61.3861,38.6139
D06	32000001	33000000	59.6074,40.3926
D06	32800001	33800000	62.7637,37.2363
D06	33600001	34600000	59.839,40.161
D06	34400001	35400000	57.7103,42.2897
D06	35200001	36200000	60.5184,39.4816
D06	36000001	37000000	59.8068,40.1932
D06	36800001	37800000	58.5319,41.4681
D06	37600001	38600000	61.7068,38.2932
D06	38400001	39400000	60.9207,39.0793
D06	39200001	40200000	66.0444,33.9556
D06	40000001	41000000	64.7841,35.2159
D06	40800001	41800000	66.7641,33.2359
D06	41600001	42600000	66.3194,33.6806
D06	42400001	43400000	68.2709,31.7291
D06	43200001	44200000	64.7717,35.2283
D06	44000001	45000000	58.9565,41.0435
D06	44800001	45800000	61.2737,38.7263
D06	45600001	46600000	66.0221,33.9779
D06	46400001	47400000	64.3882,35.6118
D06	47200001	48200000	63.5115,36.4885
D06	48000001	49000000	62.543,37.457
D06	48800001	49800000	65.4197,34.5803
D06	49600001	50600000	65.9847,34.0153
D06	50400001	51400000	66.4882,33.5118
D06	51200001	52200000	61.1996,38.8004
D06	52000001	53000000	64.6465,35.3535
D06	52800001	53800000	64.3545,35.6455
D06	53600001	54600000	65.7048,34.2952
D06	54400001	55400000	69.2777,30.7223
D06	55200001	56200000	69.697,30.303
D06	56000001	57000000	69.6891,30.3109
D06	56800001	57800000	62.8681,37.1319
D06	57600001	58600000	64.2375,35.7625
D06	58400001	59400000	68.9949,31.0051
D06	59200001	60200000	70.2461,29.7539
D06	60000001	61000000	65.8716,34.1284
D06	60800001	61800000	71.3344,28.6656
D06	61600001	62600000	67.5847,32.4153
D06	62400001	63400000	62.4224,37.5776
D06	63200001	64200000	59.2727,40.7273
D06	64000001	64294643	65.5172,34.4828
D07	1	1000000	60.1449,39.8551
D07	800001	1800000	63.3663,36.6337
D07	1600001	2600000	58.7838,41.2162
D07	2400001	3400000	61.9355,38.0645
D07	3200001	4200000	60.5263,39.4737
D07	4000001	5000000	56.5934,43.4066
D07	4800001	5800000	58.2707,41.7293
D07	5600001	6600000	56.1538,43.8462
D07	6400001	7400000	64.5604,35.4396
D07	7200001	8200000	65.5602,34.4398
D07	8000001	9000000	62.5,37.5
D07	8800001	9800000	61.9687,38.0313
D07	9600001	10600000	64.6154,35.3846
D07	10400001	11400000	59.4156,40.5844
D07	11200001	12200000	60.6996,39.3004
D07	12000001	13000000	60.461,39.539
D07	12800001	13800000	59.4286,40.5714
D07	13600001	14600000	57.3899,42.6101
D07	14400001	15400000	58.8477,41.1523
D07	15200001	16200000	58.363,41.637
D07	16000001	17000000	62.5213,37.4787
D07	16800001	17800000	60.1786,39.8214
D07	17600001	18600000	61.9211,38.0789
D07	18400001	19400000	58.317,41.683
D07	19200001	20200000	58.7755,41.2245
D07	20000001	21000000	54.3739,45.6261
D07	20800001	21800000	57.6037,42.3963
D07	21600001	22600000	60.1653,39.8347
D07	22400001	23400000	57.4661,42.5339
D07	23200001	24200000	58.284,41.716
D07	24000001	25000000	60.5304,39.4696
D07	24800001	25800000	62.6126,37.3874
D07	25600001	26600000	58.159,41.841
D07	26400001	27400000	58.3931,41.6069
D07	27200001	28200000	58.0645,41.9355
D07	28000001	29000000	61.4549,38.5451
D07	28800001	29800000	57.0048,42.9952
D07	29600001	30600000	50.6456,49.3544
D07	30400001	31400000	56.7434,43.2566
D07	31200001	32200000	55.7604,44.2396
D07	32000001	33000000	60.2585,39.7415
D07	32800001	33800000	57.6296,42.3704
D07	33600001	34600000	55.0079,44.9921
D07	34400001	35400000	56.2408,43.7592
D07	35200001	36200000	55.6782,44.3218
D07	36000001	37000000	55.4439,44.5561
D07	36800001	37800000	49.5468,50.4532
D07	37600001	38600000	55.1195,44.8805
D07	38400001	39400000	49.711,50.289
D07	39200001	40200000	50.9091,49.0909
D07	40000001	41000000	56.3135,43.6865
D07	40800001	41800000	59.0361,40.9639
D07	41600001	42600000	55.3512,44.6488
D07	42400001	43400000	58.7561,41.2439
D07	43200001	44200000	59.2033,40.7967
D07	44000001	45000000	58.6,41.4
D07	44800001	45800000	61.3779,38.6221
D07	45600001	46600000	58.2061,41.7939
D07	46400001	47400000	58.7796,41.2204
D07	47200001	48200000	60.1877,39.8123
D07	48000001	49000000	59.3103,40.6897
D07	48800001	49800000	58.1448,41.8552
D07	49600001	50600000	64.9573,35.0427
D07	50400001	51400000	62.0332,37.9668
D07	51200001	52200000	58.0913,41.9087
D07	52000001	53000000	63.7037,36.2963
D07	52800001	53800000	61.8785,38.1215
D07	53600001	54600000	63.8889,36.1111
D07	54400001	55400000	65.5271,34.4729
D07	55200001	55312611	65.7895,34.2105
D08	1	1000000	67.4912,32.5088
D08	800001	1800000	66.0944,33.9056
D08	1600001	2600000	57.4405,42.5595
D08	2400001	3400000	55.409,44.591
D08	3200001	4200000	64.9462,35.0538
D08	4000001	5000000	64.657,35.343
D08	4800001	5800000	69.6056,30.3944
D08	5600001	6600000	68.7332,31.2668
D08	6400001	7400000	69.7036,30.2964
D08	7200001	8200000	69.0734,30.9266
D08	8000001	9000000	67.1941,32.8059
D08	8800001	9800000	72.378,27.622
D08	9600001	10600000	63.9523,36.0477
D08	10400001	11400000	65.9266,34.0734
D08	11200001	12200000	65.3737,34.6263
D08	12000001	13000000	67.6647,32.3353
D08	12800001	13800000	62.4719,37.5281
D08	13600001	14600000	64.9109,35.0891
D08	14400001	15400000	63.6876,36.3124
D08	15200001	16200000	65.1254,34.8746
D08	16000001	17000000	67.4129,32.5871
D08	16800001	17800000	62.1061,37.8939
D08	17600001	18600000	62.4113,37.5887
D08	18400001	19400000	60.0707,39.9293
D08	19200001	20200000	66.698,33.302
D08	20000001	21000000	61.3169,38.6831
D08	20800001	21800000	56.3674,43.6326
D08	21600001	22600000	58.7182,41.2818
D08	22400001	23400000	66.0282,33.9718
D08	23200001	24200000	65.9213,34.0787
D08	24000001	25000000	63.174,36.826
D08	24800001	25800000	60.1562,39.8438
D08	25600001	26600000	58.3204,41.6796
D08	26400001	27400000	58.8235,41.1765
D08	27200001	28200000	61.2412,38.7588
D08	28000001	29000000	57.1429,42.8571
D08	28800001	29800000	59.8448,40.1552
D08	29600001	30600000	66.0926,33.9074
D08	30400001	31400000	64.5669,35.4331
D08	31200001	32200000	64.0678,35.9322
D08	32000001	33000000	61.0667,38.9333
D08	32800001	33800000	60.5426,39.4574
D08	33600001	34600000	60.7302,39.2698
D08	34400001	35400000	63.3568,36.6432
D08	35200001	36200000	65.9774,34.0226
D08	36000001	37000000	65.8333,34.1667
D08	36800001	37800000	64.2557,35.7443
D08	37600001	38600000	66.1454,33.8546
D08	38400001	39400000	65.9033,34.0967
D08	39200001	40200000	68.3794,31.6206
D08	40000001	41000000	62.6122,37.3878
D08	40800001	41800000	61.1481,38.8519
D08	41600001	42600000	68.4783,31.5217
D08	42400001	43400000	68.5644,31.4356
D08	43200001	44200000	66.0184,33.9816
D08	44000001	45000000	66.1852,33.8148
D08	44800001	45800000	65.7817,34.2183
D08	45600001	46600000	65.7831,34.2169
D08	46400001	47400000	66.4798,33.5202
D08	47200001	48200000	66.0494,33.9506
D08	48000001	49000000	68.5857,31.4143
D08	48800001	49800000	70.5487,29.4513
D08	49600001	50600000	67.2083,32.7917
D08	50400001	51400000	68,32
D08	51200001	52200000	66.1718,33.8282
D08	52000001	53000000	68.4884,31.5116
D08	52800001	53800000	74.6711,25.3289
D08	53600001	54600000	69.4118,30.5882
D08	54400001	55400000	72.3514,27.6486
D08	55200001	56200000	68.582,31.418
D08	56000001	57000000	72.267,27.733
D08	56800001	57800000	69.171,30.829
D08	57600001	58600000	69.1983,30.8017
D08	58400001	59400000	70.7158,29.2842
D08	59200001	60200000	67.6568,32.3432
D08	60000001	61000000	68.4411,31.5589
D08	60800001	61800000	69.526,30.474
D08	61600001	62600000	70.0787,29.9213
D08	62400001	63400000	70.9382,29.0618
D08	63200001	64200000	68.3983,31.6017
D08	64000001	65000000	59.6059,40.3941
D08	64800001	65800000	63.0872,36.9128
D08	65600001	65894135	78.125,21.875
D09	1	1000000	64.8559,35.1441
D09	800001	1800000	70.1546,29.8454
D09	1600001	2600000	65.6836,34.3164
D09	2400001	3400000	71.542,28.458
D09	3200001	4200000	65.1564,34.8436
D09	4000001	5000000	63.6555,36.3445
D09	4800001	5800000	63.9684,36.0316
D09	5600001	6600000	71.2849,28.7151
D09	6400001	7400000	67.4882,32.5118
D09	7200001	8200000	71.7364,28.2636
D09	8000001	9000000	62.1965,37.8035
D09	8800001	9800000	63.1345,36.8655
D09	9600001	10600000	65.3447,34.6553
D09	10400001	11400000	67.2396,32.7604
D09	11200001	12200000	68.1818,31.8182
D09	12000001	13000000	64.4038,35.5962
D09	12800001	13800000	63.7371,36.2629
D09	13600001	14600000	62.8067,37.1933
D09	14400001	15400000	62.1911,37.8089
D09	15200001	16200000	62.3153,37.6847
D09	16000001	17000000	57.2115,42.7885
D09	16800001	17800000	61.9941,38.0059
D09	17600001	18600000	63.9758,36.0242
D09	18400001	19400000	59.7044,40.2956
D09	19200001	20200000	58.4545,41.5455
D09	20000001	21000000	62.0954,37.9046
D09	20800001	21800000	60.4898,39.5102
D09	21600001	22600000	59.9048,40.0952
D09	22400001	23400000	60.3448,39.6552
D09	23200001	24200000	60.1942,39.8058
D09	24000001	25000000	64.9606,35.0394
D09	24800001	25800000	64.9687,35.0313
D09	25600001	26600000	63.8095,36.1905
D09	26400001	27400000	65.0122,34.9878
D09	27200001	28200000	68.0115,31.9885
D09	28000001	29000000	71.3651,28.6349
D09	28800001	29800000	65.0999,34.9001
D09	29600001	30600000	67.4926,32.5074
D09	30400001	31400000	68.2231,31.7769
D09	31200001	32200000	68.4553,31.5447
D09	32000001	33000000	70.122,29.878
D09	32800001	33800000	67.6471,32.3529
D09	33600001	34600000	69.5142,30.4858
D09	34400001	35400000	67.7939,32.2061
D09	35200001	36200000	66.0079,33.9921
D09	36000001	37000000	66.7387,33.2613
D09	36800001	37800000	68.1818,31.8182
D09	37600001	38600000	68.2864,31.7136
D09	38400001	39400000	67.7922,32.2078
D09	39200001	40200000	69.209,30.791
D09	40000001	41000000	65.1786,34.8214
D09	40800001	41800000	66.2309,33.7691
D09	41600001	42600000	58.5714,41.4286
D09	42400001	43400000	64.9842,35.0158
D09	43200001	44200000	66.369,33.631
D09	44000001	45000000	63.5171,36.4829
D09	44800001	45800000	69.2513,30.7487
D09	45600001	46600000	61.5079,38.4921
D09	46400001	47400000	70.1299,29.8701
D09	47200001	48200000	60.4651,39.5349
D09	48000001	49000000	55.7252,44.2748
D09	48800001	49800000	66.8675,33.1325
D09	49600001	50600000	69.1919,30.8081
D09	50400001	50995436	66.129,33.871
D10	1	1000000	61.8705,38.1295
D10	800001	1800000	57.7778,42.2222
D10	1600001	2600000	66.9903,33.0097
D10	2400001	3400000	65.5172,34.4828
D10	3200001	4200000	68.9552,31.0448
D10	4000001	5000000	71.6561,28.3439
D10	4800001	5800000	72.1757,27.8243
D10	5600001	6600000	68.3582,31.6418
D10	6400001	7400000	68.0217,31.9783
D10	7200001	8200000	70.4778,29.5222
D10	8000001	9000000	68.8027,31.1973
D10	8800001	9800000	65.3318,34.6682
D10	9600001	10600000	65.7778,34.2222
D10	10400001	11400000	66.9118,33.0882
D10	11200001	12200000	63.7433,36.2567
D10	12000001	13000000	69.5067,30.4933
D10	12800001	13800000	70.8333,29.1667
D10	13600001	14600000	63.778,36.222
D10	14400001	15400000	66.2605,33.7395
D10	15200001	16200000	64.2982,35.7018
D10	16000001	17000000	64.6409,35.3591
D10	16800001	17800000	68.9691,31.0309
D10	17600001	18600000	68.3299,31.6701
D10	18400001	19400000	64.2631,35.7369
D10	19200001	20200000	66.6667,33.3333
D10	20000001	21000000	67.2222,32.7778
D10	20800001	21800000	63.7698,36.2302
D10	21600001	22600000	63.5538,36.4462
D10	22400001	23400000	66.7874,33.2126
D10	23200001	24200000	65.8127,34.1873
D10	24000001	25000000	67.9513,32.0487
D10	24800001	25800000	64.7658,35.2342
D10	25600001	26600000	66.6369,33.3631
D10	26400001	27400000	62.1594,37.8406
D10	27200001	28200000	63.3778,36.6222
D10	28000001	29000000	64.4573,35.5427
D10	28800001	29800000	64.3052,35.6948
D10	29600001	30600000	64.438,35.562
D10	30400001	31400000	65.8296,34.1704
D10	31200001	32200000	63.0435,36.9565
D10	32000001	33000000	61.2842,38.7158
D10	32800001	33800000	62.0845,37.9155
D10	33600001	34600000	66.2162,33.7838
D10	34400001	35400000	62.8512,37.1488
D10	35200001	36200000	62.6394,37.3606
D10	36000001	37000000	59.6646,40.3354
D10	36800001	37800000	58.1466,41.8534
D10	37600001	38600000	59.7315,40.2685
D10	38400001	39400000	61.8596,38.1404
D10	39200001	40200000	62.278,37.722
D10	40000001	41000000	62.5259,37.4741
D10	40800001	41800000	65.2246,34.7754
D10	41600001	42600000	60.6373,39.3627
D10	42400001	43400000	60.74,39.26
D10	43200001	44200000	65.4982,34.5018
D10	44000001	45000000	64.3703,35.6297
D10	44800001	45800000	64.2487,35.7513
D10	45600001	46600000	66.6088,33.3912
D10	46400001	47400000	66.4141,33.5859
D10	47200001	48200000	65.7016,34.2984
D10	48000001	49000000	67.6768,32.3232
D10	48800001	49800000	68.242,31.758
D10	49600001	50600000	65.6576,34.3424
D10	50400001	51400000	67.2241,32.7759
D10	51200001	52200000	65.5756,34.4244
D10	52000001	53000000	66.9379,33.0621
D10	52800001	53800000	67.2489,32.7511
D10	53600001	54600000	66.5365,33.4635
D10	54400001	55400000	65.7963,34.2037
D10	55200001	56200000	67.0635,32.9365
D10	56000001	57000000	64.3491,35.6509
D10	56800001	57800000	66.3534,33.6466
D10	57600001	58600000	67.9204,32.0796
D10	58400001	59400000	67.0412,32.9588
D10	59200001	60200000	64.5361,35.4639
D10	60000001	61000000	61.8182,38.1818
D10	60800001	61800000	68.3516,31.6484
D10	61600001	62600000	69.3976,30.6024
D10	62400001	63400000	67.8392,32.1608
D10	63200001	63374666	71.4286,28.5714
D11	1	1000000	65.4676,34.5324
D11	800001	1800000	65.3631,34.6369
D11	1600001	2600000	63.2,36.8
D11	2400001	3400000	63.5135,36.4865
D11	3200001	4200000	65.6566,34.3434
D11	4000001	5000000	71.1009,28.8991
D11	4800001	5800000	66.9643,33.0357
D11	5600001	6600000	65.3571,34.6429
D11	6400001	7400000	63.5802,36.4198
D11	7200001	8200000	68.5879,31.4121
D11	8000001	9000000	64.8485,35.1515
D11	8800001	9800000	69.2857,30.7143
D11	9600001	10600000	72.2892,27.7108
D11	10400001	11400000	71.6216,28.3784
D11	11200001	12200000	68.3794,31.6206
D11	12000001	13000000	70.7407,29.2593
D11	12800001	13800000	74.2747,25.7253
D11	13600001	14600000	71.9361,28.0639
D11	14400001	15400000	66.7802,33.2198
D11	15200001	16200000	69.2552,30.7448
D11	16000001	17000000	70.0138,29.9862
D11	16800001	17800000	69.797,30.203
D11	17600001	18600000	73.6641,26.3359
D11	18400001	19400000	72.6283,27.3717
D11	19200001	20200000	72.4252,27.5748
D11	20000001	21000000	69.8413,30.1587
D11	20800001	21800000	68.6114,31.3886
D11	21600001	22600000	66.5901,33.4099
D11	22400001	23400000	62.3687,37.6313
D11	23200001	24200000	67.8269,32.1731
D11	24000001	25000000	67.3394,32.6606
D11	24800001	25800000	66.9802,33.0198
D11	25600001	26600000	73.4733,26.5267
D11	26400001	27400000	66.64,33.36
D11	27200001	28200000	66.8582,33.1418
D11	28000001	29000000	70.8373,29.1627
D11	28800001	29800000	67.3171,32.6829
D11	29600001	30600000	68.9201,31.0799
D11	30400001	31400000	68.8097,31.1903
D11	31200001	32200000	63.3838,36.6162
D11	32000001	33000000	65.042,34.958
D11	32800001	33800000	65.0633,34.9367
D11	33600001	34600000	62.6825,37.3175
D11	34400001	35400000	61.1707,38.8293
D11	35200001	36200000	60.3902,39.6098
D11	36000001	37000000	64.5873,35.4127
D11	36800001	37800000	66.9468,33.0532
D11	37600001	38600000	63.3333,36.6667
D11	38400001	39400000	62.6459,37.3541
D11	39200001	40200000	58.8621,41.1379
D11	40000001	41000000	55.2661,44.7339
D11	40800001	41800000	59.93,40.07
D11	41600001	42600000	58.9425,41.0575
D11	42400001	43400000	63.3672,36.6328
D11	43200001	44200000	67.0813,32.9187
D11	44000001	45000000	65.3875,34.6125
D11	44800001	45800000	65.0912,34.9088
D11	45600001	46600000	63.5531,36.4469
D11	46400001	47400000	63.8723,36.1277
D11	47200001	48200000	65.8158,34.1842
D11	48000001	49000000	68.8488,31.1512
D11	48800001	49800000	68.1319,31.8681
D11	49600001	50600000	62.3635,37.6365
D11	50400001	51400000	63.9513,36.0487
D11	51200001	52200000	66.6667,33.3333
D11	52000001	53000000	70.2233,29.7767
D11	52800001	53800000	66.3004,33.6996
D11	53600001	54600000	67.0588,32.9412
D11	54400001	55400000	67.2111,32.7889
D11	55200001	56200000	67.6715,32.3285
D11	56000001	57000000	69.9634,30.0366
D11	56800001	57800000	66.5158,33.4842
D11	57600001	58600000	62.7832,37.2168
D11	58400001	59400000	63.5897,36.4103
D11	59200001	60200000	62.3552,37.6448
D11	60000001	61000000	63.956,36.044
D11	60800001	61800000	63.4343,36.5657
D11	61600001	62600000	58.7332,41.2668
D11	62400001	63400000	57.5931,42.4069
D11	63200001	64200000	62.6016,37.3984
D11	64000001	65000000	63.1579,36.8421
D11	64800001	65800000	61.3208,38.6792
D11	65600001	66087774	58.0645,41.9355
D12	1	1000000	64.2398,35.7602
D12	800001	1800000	66.4502,33.5498
D12	1600001	2600000	68.0387,31.9613
D12	2400001	3400000	68.2171,31.7829
D12	3200001	4200000	72.9201,27.0799
D12	4000001	5000000	69.1839,30.8161
D12	4800001	5800000	65.0999,34.9001
D12	5600001	6600000	67.0357,32.9643
D12	6400001	7400000	67.3349,32.6651
D12	7200001	8200000	68.5775,31.4225
D12	8000001	9000000	70.4712,29.5288
D12	8800001	9800000	68.6131,31.3869
D12	9600001	10600000	66.8373,33.1627
D12	10400001	11400000	65.389,34.611
D12	11200001	12200000	65.8588,34.1412
D12	12000001	13000000	66.0125,33.9875
D12	12800001	13800000	64.1646,35.8354
D12	13600001	14600000	67.8479,32.1521
D12	14400001	15400000	65.3179,34.6821
D12	15200001	16200000	61.5186,38.4814
D12	16000001	17000000	64.4569,35.5431
D12	16800001	17800000	62.8978,37.1022
D12	17600001	18600000	64.9565,35.0435
D12	18400001	19400000	63.9556,36.0444
D12	19200001	20200000	66.3384,33.6616
D12	20000001	21000000	59.3826,40.6174
D12	20800001	21800000	59.8253,40.1747
D12	21600001	22600000	60.5769,39.4231
D12	22400001	23400000	62.6827,37.3173
D12	23200001	24200000	63.2653,36.7347
D12	24000001	25000000	57.9585,42.0415
D12	24800001	25800000	62.9255,37.0745
D12	25600001	26600000	64.4148,35.5852
D12	26400001	27400000	63.7671,36.2329
D12	27200001	28200000	63.8689,36.1311
D12	28000001	29000000	65.5685,34.4315
D12	28800001	29800000	62.6748,37.3252
D12	29600001	30600000	64.3446,35.6554
D12	30400001	31400000	63.2747,36.7253
D12	31200001	32200000	62.204,37.796
D12	32000001	33000000	59.9628,40.0372
D12	32800001	33800000	60.671,39.329
D12	33600001	34600000	67.3527,32.6473
D12	34400001	35400000	68.018,31.982
D12	35200001	36200000	69.0571,30.9429
D12	36000001	37000000	62.9754,37.0246
D12	36800001	37800000	70.1987,29.8013
D12	37600001	38600000	72.2603,27.7397
D12	38400001	39400000	70.6383,29.3617
D12	39200001	40200000	68.1021,31.8979
D12	40000001	41000000	71.2644,28.7356
D12	40800001	41800000	71.8791,28.1209
D12	41600001	42600000	69.9881,30.0119
D12	42400001	43400000	70.0272,29.9728
D12	43200001	44200000	67.0365,32.9635
D12	44000001	45000000	68.2561,31.7439
D12	44800001	45800000	73.1444,26.8556
D12	45600001	46600000	73.352,26.648
D12	46400001	47400000	69.1769,30.8231
D12	47200001	48200000	64.9682,35.0318
D12	48000001	49000000	68.3358,31.6642
D12	48800001	49800000	66.1765,33.8235
D12	49600001	50600000	65.0873,34.9127
D12	50400001	51400000	68.0357,31.9643
D12	51200001	52200000	75.2363,24.7637
D12	52000001	53000000	66.1053,33.8947
D12	52800001	53800000	68.2927,31.7073
D12	53600001	54600000	66.6667,33.3333
D12	54400001	55400000	73.2456,26.7544
D12	55200001	56200000	69.9346,30.0654
D12	56000001	57000000	68.5921,31.4079
D12	56800001	57800000	60.5096,39.4904
D12	57600001	58600000	66.8367,33.1633
D12	58400001	59109837	71.8121,28.1879
D13	1	1000000	70.6161,29.3839
D13	800001	1800000	61.0922,38.9078
D13	1600001	2600000	61.4458,38.5542
D13	2400001	3400000	67.4931,32.5069
D13	3200001	4200000	65.6311,34.3689
D13	4000001	5000000	70.4301,29.5699
D13	4800001	5800000	66.129,33.871
D13	5600001	6600000	66.4596,33.5404
D13	6400001	7400000	68.5714,31.4286
D13	7200001	8200000	70.6089,29.3911
D13	8000001	9000000	69.3657,30.6343
D13	8800001	9800000	64.5455,35.4545
D13	9600001	10600000	62.3357,37.6643
D13	10400001	11400000	63.3979,36.6021
D13	11200001	12200000	66,34
D13	12000001	13000000	65.3979,34.6021
D13	12800001	13800000	63.7302,36.2698
D13	13600001	14600000	66.6405,33.3595
D13	14400001	15400000	64.4202,35.5798
D13	15200001	16200000	65.3369,34.6631
D13	16000001	17000000	63.1579,36.8421
D13	16800001	17800000	61.803,38.197
D13	17600001	18600000	64.3522,35.6478
D13	18400001	19400000	62.1387,37.8613
D13	19200001	20200000	66.2138,33.7862
D13	20000001	21000000	61.5256,38.4744
D13	20800001	21800000	60.4066,39.5934
D13	21600001	22600000	65.0301,34.9699
D13	22400001	23400000	59.0336,40.9664
D13	23200001	24200000	58.8319,41.1681
D13	24000001	25000000	59.7293,40.2707
D13	24800001	25800000	60.4436,39.5564
D13	25600001	26600000	58.1366,41.8634
D13	26400001	27400000	59.7237,40.2763
D13	27200001	28200000	64.0924,35.9076
D13	28000001	29000000	65.0588,34.9412
D13	28800001	29800000	67.9062,32.0938
D13	29600001	30600000	66.0213,33.9787
D13	30400001	31400000	65.102,34.898
D13	31200001	32200000	65.7082,34.2918
D13	32000001	33000000	62.8326,37.1674
D13	32800001	33800000	67.023,32.977
D13	33600001	34600000	63.9524,36.0476
D13	34400001	35400000	63.8912,36.1088
D13	35200001	36200000	66.1263,33.8737
D13	36000001	37000000	65.1771,34.8229
D13	36800001	37800000	63.6019,36.3981
D13	37600001	38600000	64.0796,35.9204
D13	38400001	39400000	65.6883,34.3117
D13	39200001	40200000	61.4983,38.5017
D13	40000001	41000000	62.6072,37.3928
D13	40800001	41800000	66.7021,33.2979
D13	41600001	42600000	69.39,30.61
D13	42400001	43400000	68.8424,31.1576
D13	43200001	44200000	67.5705,32.4295
D13	44000001	45000000	66.0714,33.9286
D13	44800001	45800000	69.7927,30.2073
D13	45600001	46600000	67.2527,32.7473
D13	46400001	47400000	69.1,30.9
D13	47200001	48200000	70.4897,29.5103
D13	48000001	49000000	70.9641,29.0359
D13	48800001	49800000	69.0372,30.9628
D13	49600001	50600000	69.0387,30.9613
D13	50400001	51400000	68.8608,31.1392
D13	51200001	52200000	66.4188,33.5812
D13	52000001	53000000	66.411,33.589
D13	52800001	53800000	68.3857,31.6143
D13	53600001	54600000	68.9552,31.0448
D13	54400001	55400000	70.4505,29.5495
D13	55200001	56200000	69.9834,30.0166
D13	56000001	57000000	69.7436,30.2564
D13	56800001	57800000	68,32
D13	57600001	58600000	67.0391,32.9609
D13	58400001	59400000	67.2185,32.7815
D13	59200001	60200000	68.4564,31.5436
D13	60000001	60534298	61.0294,38.9706
