A01	1	1000000	1.17647,98.8235
A01	800001	1800000	15.7895,84.2105
A01	1600001	2600000	42.1053,57.8947
A01	2400001	3400000	38.8889,61.1111
A01	3200001	4200000	23.5294,76.4706
A01	4000001	5000000	36.8421,63.1579
A01	4800001	5800000	77.7778,22.2222
A01	5600001	6600000	31.25,68.75
A01	6400001	7400000	26.9231,73.0769
A01	7200001	8200000	41.1765,58.8235
A01	8000001	9000000	64.7059,35.2941
A01	8800001	9800000	43.4783,56.5217
A01	9600001	10600000	23.8095,76.1905
A01	10400001	11400000	57.1429,42.8571
A01	11200001	12200000	44.4444,55.5556
A01	12000001	13000000	53.8462,46.1538
A01	12800001	13800000	46.6667,53.3333
A01	13600001	14600000	44.4444,55.5556
A01	14400001	15400000	62.5,37.5
A01	15200001	16200000	38.4615,61.5385
A01	16000001	17000000	50,50
A01	16800001	17800000	42.8571,57.1429
A01	17600001	18600000	64.2857,35.7143
A01	18400001	19400000	30.7692,69.2308
A01	19200001	20200000	41.6667,58.3333
A01	20000001	21000000	58.3333,41.6667
A01	20800001	21800000	40.9091,59.0909
A01	21600001	22600000	36,64
A01	22400001	23400000	60,40
A01	23200001	24200000	45.4545,54.5455
A01	24000001	25000000	66.6667,33.3333
A01	24800001	25800000	42.8571,57.1429
A01	25600001	26600000	61.5385,38.4615
A01	26400001	27400000	85.7143,14.2857
A01	27200001	28200000	63.6364,36.3636
A01	28000001	29000000	80,20
A01	28800001	29800000	61.5385,38.4615
A01	29600001	30600000	71.4286,28.5714
A01	30400001	31400000	71.4286,28.5714
A01	31200001	32200000	68.75,31.25
A01	32000001	33000000	81.25,18.75
A01	32800001	33800000	70,30
A01	33600001	34600000	76.9231,23.0769
A01	34400001	35400000	100,0
A01	35200001	36200000	100,0
A01	36000001	37000000	100,0
A01	36800001	37800000	50,50
A01	37600001	38600000	66.6667,33.3333
A01	38400001	39400000	60,40
A01	39200001	40200000	60,40
A01	40000001	41000000	62.5,37.5
A01	40800001	41800000	54.5455,45.4545
A01	41600001	42600000	60,40
A01	42400001	43400000	50,50
A01	43200001	44200000	71.4286,28.5714
A01	44000001	45000000	58.3333,41.6667
A01	44800001	45800000	61.5385,38.4615
A01	45600001	46600000	66.6667,33.3333
A01	46400001	47400000	50,50
A01	47200001	48200000	42.8571,57.1429
A01	48000001	49000000	57.1429,42.8571
A01	48800001	49800000	50,50
A01	49600001	50600000	50,50
A01	50400001	51400000	100,0
A01	51200001	52200000	80,20
A01	52000001	53000000	40,60
A01	52800001	53800000	25,75
A01	53600001	54600000	70,30
A01	54400001	55400000	70,30
A01	55200001	56200000	100,0
A01	56000001	57000000	66.6667,33.3333
A01	56800001	57800000	100,0
A01	57600001	58600000	33.3333,66.6667
A01	58400001	59400000	0,100
A01	59200001	60200000	83.3333,16.6667
A01	60000001	61000000	75,25
A01	60800001	61800000	80,20
A01	61600001	62600000	44.4444,55.5556
A01	62400001	63400000	40,60
A01	63200001	64200000	87.5,12.5
A01	64000001	65000000	69.2308,30.7692
A01	64800001	65800000	71.4286,28.5714
A01	65600001	66600000	100,0
A01	66400001	67400000	83.3333,16.6667
A01	67200001	68200000	85.7143,14.2857
A01	68000001	69000000	42.8571,57.1429
A01	68800001	69800000	57.1429,42.8571
A01	69600001	70600000	100,0
A01	70400001	71400000	75,25
A01	71200001	72200000	77.7778,22.2222
A01	72000001	73000000	100,0
A01	72800001	73800000	100,0
A01	73600001	74600000	66.6667,33.3333
A01	74400001	75400000	100,0
A01	75200001	76200000	69.2308,30.7692
A01	76000001	77000000	53.3333,46.6667
A01	76800001	77800000	66.6667,33.3333
A01	77600001	78600000	33.3333,66.6667
A01	78400001	79400000	71.4286,28.5714
A01	79200001	80200000	85.7143,14.2857
A01	80000001	81000000	66.6667,33.3333
A01	80800001	81800000	66.6667,33.3333
A01	81600001	82600000	69.2308,30.7692
A01	82400001	83400000	100,0
A01	83200001	84200000	83.3333,16.6667
A01	84000001	85000000	85.7143,14.2857
A01	84800001	85800000	91.6667,8.33333
A01	85600001	86600000	50,50
A01	86400001	87400000	63.1579,36.8421
A01	87200001	88200000	40,60
A01	88000001	89000000	28.5714,71.4286
A01	88800001	89800000	47.8261,52.1739
A01	89600001	90600000	60,40
A01	90400001	91400000	37.5,62.5
A01	91200001	92200000	42.8571,57.1429
A01	92000001	93000000	56.25,43.75
A01	92800001	93800000	36.3636,63.6364
A01	93600001	94600000	36.3636,63.6364
A01	94400001	95400000	47.3684,52.6316
A01	95200001	96200000	40.7407,59.2593
A01	96000001	97000000	34.4828,65.5172
A01	96800001	97800000	26.3158,73.6842
A01	97600001	98600000	36.6667,63.3333
A01	98400001	99400000	30.7692,69.2308
A01	99200001	99884700	26.3158,73.6842
A02	1	1000000	9.25926,90.7407
A02	800001	1800000	18.1818,81.8182
A02	1600001	2600000	42.1053,57.8947
A02	2400001	3400000	45,55
A02	3200001	4200000	25,75
A02	4000001	5000000	19.5122,80.4878
A02	4800001	5800000	25,75
A02	5600001	6600000	44.4444,55.5556
A02	6400001	7400000	68.4211,31.5789
A02	7200001	8200000	47.3684,52.6316
A02	8000001	9000000	43.2432,56.7568
A02	8800001	9800000	29.6296,70.3704
A02	9600001	10600000	32.2581,67.7419
A02	10400001	11400000	23.0769,76.9231
A02	11200001	12200000	36.8421,63.1579
A02	12000001	13000000	80,20
A02	12800001	13800000	50,50
A02	13600001	14600000	63.6364,36.3636
A02	14400001	15400000	47.0588,52.9412
A02	15200001	16200000	73.3333,26.6667
A02	16000001	17000000	69.2308,30.7692
A02	16800001	17800000	58.3333,41.6667
A02	17600001	18600000	64.2857,35.7143
A02	18400001	19400000	44.4444,55.5556
A02	19200001	20200000	62.5,37.5
A02	20000001	21000000	50,50
A02	20800001	21800000	44.4444,55.5556
A02	21600001	22600000	100,0
A02	22400001	23400000	66.6667,33.3333
A02	23200001	24200000	66.6667,33.3333
A02	24000001	25000000	62.5,37.5
A02	24800001	25800000	55.5556,44.4444
A02	25600001	26600000	66.6667,33.3333
A02	26400001	27400000	85.7143,14.2857
A02	27200001	28200000	100,0
A02	28000001	29000000	100,0
A02	28800001	29800000	100,0
A02	29600001	30600000	72.7273,27.2727
A02	30400001	31400000	66.6667,33.3333
A02	31200001	32200000	83.3333,16.6667
A02	32000001	33000000	87.5,12.5
A02	32800001	33800000	83.3333,16.6667
A02	33600001	34600000	60,40
A02	34400001	35400000	42.8571,57.1429
A02	35200001	36200000	25,75
A02	36000001	37000000	50,50
A02	36800001	37800000	62.5,37.5
A02	37600001	38600000	71.4286,28.5714
A02	38400001	39400000	57.1429,42.8571
A02	39200001	40200000	100,0
A02	40000001	41000000	63.6364,36.3636
A02	40800001	41800000	66.6667,33.3333
A02	41600001	42600000	57.1429,42.8571
A02	42400001	43400000	70,30
A02	43200001	44200000	50,50
A02	44000001	45000000	83.3333,16.6667
A02	44800001	45800000	75,25
A02	45600001	46600000	100,0
A02	46400001	47400000	57.1429,42.8571
A02	47200001	48200000	60,40
A02	48000001	49000000	87.5,12.5
A02	48800001	49800000	100,0
A02	49600001	50600000	88.8889,11.1111
A02	50400001	51400000	100,0
A02	51200001	52200000	57.1429,42.8571
A02	52000001	53000000	72.7273,27.2727
A02	52800001	53800000	66.6667,33.3333
A02	53600001	54600000	62.5,37.5
A02	54400001	55400000	85.7143,14.2857
A02	55200001	56200000	71.4286,28.5714
A02	56000001	57000000	44.4444,55.5556
A02	56800001	57800000	66.6667,33.3333
A02	57600001	58600000	77.7778,22.2222
A02	58400001	59400000	100,0
A02	59200001	60200000	75,25
A02	60000001	61000000	55,45
A02	60800001	61800000	46.6667,53.3333
A02	61600001	62600000	71.4286,28.5714
A02	62400001	63400000	0,100
A02	63200001	64200000	66.6667,33.3333
A02	64000001	65000000	100,0
A02	64800001	65800000	75,25
A02	65600001	66600000	100,0
A02	66400001	67400000	50,50
A02	67200001	68200000	100,0
A02	68000001	69000000	57.1429,42.8571
A02	68800001	69800000	66.6667,33.3333
A02	69600001	70600000	100,0
A02	70400001	71400000	23.0769,76.9231
A02	71200001	72200000	30.7692,69.2308
A02	72000001	73000000	55.5556,44.4444
A02	72800001	73800000	60,40
A02	73600001	74600000	45.8333,54.1667
A02	74400001	75400000	34.7826,65.2174
A02	75200001	76200000	14.2857,85.7143
A02	76000001	77000000	57.1429,42.8571
A02	76800001	77800000	92.8571,7.14286
A02	77600001	78600000	63.6364,36.3636
A02	78400001	79400000	40,60
A02	79200001	80200000	21.7391,78.2609
A02	80000001	81000000	23.5294,76.4706
A02	80800001	81800000	25.9259,74.0741
A02	81600001	82600000	27.2727,72.7273
A02	82400001	83400000	46.1538,53.8462
A03	1	1000000	11.9048,88.0952
A03	800001	1800000	45.4545,54.5455
A03	1600001	2600000	31.5789,68.4211
A03	2400001	3400000	25,75
A03	3200001	4200000	33.3333,66.6667
A03	4000001	5000000	10,90
A03	4800001	5800000	71.4286,28.5714
A03	5600001	6600000	27.2727,72.7273
A03	6400001	7400000	41.6667,58.3333
A03	7200001	8200000	31.8182,68.1818
A03	8000001	9000000	47.0588,52.9412
A03	8800001	9800000	44.4444,55.5556
A03	9600001	10600000	61.1111,38.8889
A03	10400001	11400000	63.6364,36.3636
A03	11200001	12200000	44.4444,55.5556
A03	12000001	13000000	30.7692,69.2308
A03	12800001	13800000	50,50
A03	13600001	14600000	52.1739,47.8261
A03	14400001	15400000	55.5556,44.4444
A03	15200001	16200000	60,40
A03	16000001	17000000	36.3636,63.6364
A03	16800001	17800000	13.3333,86.6667
A03	17600001	18600000	52.6316,47.3684
A03	18400001	19400000	54.5455,45.4545
A03	19200001	20200000	36.3636,63.6364
A03	20000001	21000000	33.3333,66.6667
A03	20800001	21800000	66.6667,33.3333
A03	21600001	22600000	100,0
A03	22400001	23400000	70,30
A03	23200001	24200000	71.4286,28.5714
A03	24000001	25000000	33.3333,66.6667
A03	24800001	25800000	75,25
A03	25600001	26600000	75,25
A03	26400001	27400000	100,0
A03	27200001	28200000	91.6667,8.33333
A03	28000001	29000000	66.6667,33.3333
A03	28800001	29800000	25,75
A03	29600001	30600000	57.1429,42.8571
A03	30400001	31400000	57.1429,42.8571
A03	31200001	32200000	75,25
A03	32000001	33000000	50,50
A03	32800001	33800000	66.6667,33.3333
A03	33600001	34600000	100,0
A03	34400001	35400000	100,0
A03	35200001	36200000	100,0
A03	36000001	37000000	57.1429,42.8571
A03	36800001	37800000	50,50
A03	37600001	38600000	71.4286,28.5714
A03	38400001	39400000	100,0
A03	39200001	40200000	83.3333,16.6667
A03	40000001	41000000	75,25
A03	40800001	41800000	40,60
A03	41600001	42600000	100,0
A03	42400001	43400000	77.7778,22.2222
A03	43200001	44200000	50,50
A03	44000001	45000000	77.7778,22.2222
A03	44800001	45800000	55.5556,44.4444
A03	45600001	46600000	33.3333,66.6667
A03	46400001	47400000	42.8571,57.1429
A03	47200001	48200000	83.3333,16.6667
A03	48000001	49000000	80,20
A03	48800001	49800000	63.6364,36.3636
A03	49600001	50600000	66.6667,33.3333
A03	50400001	51400000	100,0
A03	51200001	52200000	100,0
A03	52000001	53000000	75,25
A03	52800001	53800000	75,25
A03	53600001	54600000	80,20
A03	54400001	55400000	100,0
A03	55200001	56200000	50,50
A03	56000001	57000000	42.8571,57.1429
A03	56800001	57800000	50,50
A03	57600001	58600000	33.3333,66.6667
A03	58400001	59400000	75,25
A03	59200001	60200000	88.8889,11.1111
A03	60000001	61000000	50,50
A03	60800001	61800000	50,50
A03	61600001	62600000	60,40
A03	62400001	63400000	90,10
A03	63200001	64200000	66.6667,33.3333
A03	64000001	65000000	62.5,37.5
A03	64800001	65800000	20,80
A03	65600001	66600000	62.5,37.5
A03	66400001	67400000	100,0
A03	67200001	68200000	71.4286,28.5714
A03	68000001	69000000	100,0
A03	68800001	69800000	100,0
A03	69600001	70600000	83.3333,16.6667
A03	70400001	71400000	57.1429,42.8571
A03	71200001	72200000	100,0
A03	72000001	73000000	37.5,62.5
A03	72800001	73800000	33.3333,66.6667
A03	73600001	74600000	71.4286,28.5714
A03	74400001	75400000	33.3333,66.6667
A03	75200001	76200000	47.3684,52.6316
A03	76000001	77000000	42.8571,57.1429
A03	76800001	77800000	85.7143,14.2857
A03	77600001	78600000	85.7143,14.2857
A03	78400001	79400000	71.4286,28.5714
A03	79200001	80200000	75,25
A03	80000001	81000000	33.3333,66.6667
A03	80800001	81800000	39.1304,60.8696
A03	81600001	82600000	43.75,56.25
A03	82400001	83400000	45,55
A03	83200001	84200000	41.1765,58.8235
A03	84000001	85000000	50,50
A03	84800001	85800000	50,50
A03	85600001	86600000	47.3684,52.6316
A03	86400001	87400000	58.3333,41.6667
A03	87200001	88200000	58.3333,41.6667
A03	88000001	89000000	50,50
A03	88800001	89800000	35,65
A03	89600001	90600000	64.7059,35.2941
A03	90400001	91400000	43.75,56.25
A03	91200001	92200000	71.4286,28.5714
A03	92000001	93000000	59.0909,40.9091
A03	92800001	93800000	54.1667,45.8333
A03	93600001	94600000	42.8571,57.1429
A03	94400001	95400000	50,50
A03	95200001	96200000	66.6667,33.3333
A03	96000001	97000000	50,50
A03	96800001	97800000	42.3077,57.6923
A03	97600001	98600000	40,60
A03	98400001	99400000	41.3793,58.6207
A03	99200001	100200000	50,50
A03	100000001	100263045	25,75
A04	1	1000000	11.6667,88.3333
A04	800001	1800000	28.5714,71.4286
A04	1600001	2600000	50,50
A04	2400001	3400000	53.8462,46.1538
A04	3200001	4200000	58.3333,41.6667
A04	4000001	5000000	40.9091,59.0909
A04	4800001	5800000	57.8947,42.1053
A04	5600001	6600000	50,50
A04	6400001	7400000	42.8571,57.1429
A04	7200001	8200000	40.9091,59.0909
A04	8000001	9000000	46.6667,53.3333
A04	8800001	9800000	77.7778,22.2222
A04	9600001	10600000	57.1429,42.8571
A04	10400001	11400000	40,60
A04	11200001	12200000	87.5,12.5
A04	12000001	13000000	78.5714,21.4286
A04	12800001	13800000	57.1429,42.8571
A04	13600001	14600000	50,50
A04	14400001	15400000	50,50
A04	15200001	16200000	87.5,12.5
A04	16000001	17000000	50,50
A04	16800001	17800000	100,0
A04	17600001	18600000	70,30
A04	18400001	19400000	42.8571,57.1429
A04	19200001	20200000	75,25
A04	20000001	21000000	100,0
A04	20800001	21800000	60,40
A04	21600001	22600000	60,40
A04	22400001	23400000	100,0
A04	23200001	24200000	100,0
A04	24000001	25000000	66.6667,33.3333
A04	24800001	25800000	62.5,37.5
A04	25600001	26600000	60,40
A04	26400001	27400000	62.5,37.5
A04	27200001	28200000	50,50
A04	28000001	29000000	66.6667,33.3333
A04	28800001	29800000	75,25
A04	29600001	30600000	75,25
A04	30400001	31400000	50,50
A04	31200001	32200000	60,40
A04	32000001	33000000	83.3333,16.6667
A04	32800001	33800000	62.5,37.5
A04	33600001	34600000	33.3333,66.6667
A04	34400001	35400000	100,0
A04	35200001	36200000	83.3333,16.6667
A04	36000001	37000000	60,40
A04	36800001	37800000	100,0
A04	37600001	38600000	58.3333,41.6667
A04	38400001	39400000	57.1429,42.8571
A04	39200001	40200000	57.1429,42.8571
A04	40000001	41000000	33.3333,66.6667
A04	40800001	41800000	44.4444,55.5556
A04	41600001	42600000	33.3333,66.6667
A04	42400001	43400000	100,0
A04	43200001	44200000	100,0
A04	44000001	45000000	60,40
A04	44800001	45800000	87.5,12.5
A04	45600001	46600000	71.4286,28.5714
A04	46400001	47400000	40,60
A04	47200001	48200000	50,50
A04	48000001	49000000	50,50
A04	48800001	49800000	46.6667,53.3333
A04	49600001	50600000	40,60
A04	50400001	51400000	50,50
A04	51200001	52200000	45.4545,54.5455
A04	52000001	53000000	40,60
A04	52800001	53800000	70,30
A04	53600001	54600000	45.4545,54.5455
A04	54400001	55400000	45.4545,54.5455
A04	55200001	56200000	57.8947,42.1053
A04	56000001	57000000	59.2593,40.7407
A04	56800001	57800000	39.1304,60.8696
A04	57600001	58600000	52.9412,47.0588
A04	58400001	59400000	30.7692,69.2308
A04	59200001	60200000	46.6667,53.3333
A04	60000001	61000000	25.9259,74.0741
A04	60800001	61800000	43.75,56.25
A04	61600001	62600000	27.2727,72.7273
A04	62400001	62913772	12.5,87.5
A05	1	1000000	11.7647,88.2353
A05	800001	1800000	55.5556,44.4444
A05	1600001	2600000	33.3333,66.6667
A05	2400001	3400000	25,75
A05	3200001	4200000	40,60
A05	4000001	5000000	60,40
A05	4800001	5800000	37.5,62.5
A05	5600001	6600000	37.5,62.5
A05	6400001	7400000	50,50
A05	7200001	8200000	66.6667,33.3333
A05	8000001	9000000	36.3636,63.6364
A05	8800001	9800000	22.2222,77.7778
A05	9600001	10600000	55.5556,44.4444
A05	10400001	11400000	25,75
A05	11200001	12200000	45.4545,54.5455
A05	12000001	13000000	41.6667,58.3333
A05	12800001	13800000	50,50
A05	13600001	14600000	44.4444,55.5556
A05	14400001	15400000	56.25,43.75
A05	15200001	16200000	27.7778,72.2222
A05	16000001	17000000	34.7826,65.2174
A05	16800001	17800000	33.3333,66.6667
A05	17600001	18600000	53.8462,46.1538
A05	18400001	19400000	40,60
A05	19200001	20200000	61.1111,38.8889
A05	20000001	21000000	50,50
A05	20800001	21800000	36.3636,63.6364
A05	21600001	22600000	10,90
A05	22400001	23400000	12.5,87.5
A05	23200001	24200000	43.75,56.25
A05	24000001	25000000	25,75
A05	24800001	25800000	30.7692,69.2308
A05	25600001	26600000	42.8571,57.1429
A05	26400001	27400000	40,60
A05	27200001	28200000	41.1765,58.8235
A05	28000001	29000000	35.4839,64.5161
A05	28800001	29800000	28.5714,71.4286
A05	29600001	30600000	22.2222,77.7778
A05	30400001	31400000	50,50
A05	31200001	32200000	68.1818,31.8182
A05	32000001	33000000	50,50
A05	32800001	33800000	40.7407,59.2593
A05	33600001	34600000	40,60
A05	34400001	35400000	15,85
A05	35200001	36200000	21.4286,78.5714
A05	36000001	37000000	61.1111,38.8889
A05	36800001	37800000	33.3333,66.6667
A05	37600001	38600000	46.1538,53.8462
A05	38400001	39400000	40,60
A05	39200001	40200000	28.5714,71.4286
A05	40000001	41000000	66.6667,33.3333
A05	40800001	41800000	45.4545,54.5455
A05	41600001	42600000	75,25
A05	42400001	43400000	33.3333,66.6667
A05	43200001	44200000	66.6667,33.3333
A05	44000001	45000000	100,0
A05	44800001	45800000	60,40
A05	45600001	46600000	60,40
A05	46400001	47400000	54.5455,45.4545
A05	47200001	48200000	52.6316,47.3684
A05	48000001	49000000	62.5,37.5
A05	48800001	49800000	50,50
A05	49600001	50600000	50,50
A05	50400001	51400000	70,30
A05	51200001	52200000	72.7273,27.2727
A05	52000001	53000000	77.7778,22.2222
A05	52800001	53800000	100,0
A05	53600001	54600000	28.5714,71.4286
A05	54400001	55400000	55.5556,44.4444
A05	55200001	56200000	60,40
A05	56000001	57000000	66.6667,33.3333
A05	56800001	57800000	55.5556,44.4444
A05	57600001	58600000	50,50
A05	58400001	59400000	37.5,62.5
A05	59200001	60200000	50,50
A05	60000001	61000000	62.5,37.5
A05	60800001	61800000	83.3333,16.6667
A05	61600001	62600000	52.6316,47.3684
A05	62400001	63400000	40,60
A05	63200001	64200000	80,20
A05	64000001	65000000	100,0
A05	64800001	65800000	50,50
A05	65600001	66600000	80,20
A05	66400001	67400000	71.4286,28.5714
A05	67200001	68200000	85.7143,14.2857
A05	68000001	69000000	40,60
A05	68800001	69800000	60,40
A05	69600001	70600000	57.1429,42.8571
A05	70400001	71400000	58.3333,41.6667
A05	71200001	72200000	50,50
A05	72000001	73000000	55.5556,44.4444
A05	72800001	73800000	48,52
A05	73600001	74600000	57.1429,42.8571
A05	74400001	75400000	50,50
A05	75200001	76200000	50,50
A05	76000001	77000000	73.3333,26.6667
A05	76800001	77800000	50,50
A05	77600001	78600000	66.6667,33.3333
A05	78400001	79400000	54.1667,45.8333
A05	79200001	80200000	46.1538,53.8462
A05	80000001	81000000	42.8571,57.1429
A05	80800001	81800000	70,30
A05	81600001	82600000	60.8696,39.1304
A05	82400001	83400000	38.7097,61.2903
A05	83200001	84200000	46.6667,53.3333
A05	84000001	85000000	30.5556,69.4444
A05	84800001	85800000	47.8261,52.1739
A05	85600001	86600000	44.4444,55.5556
A05	86400001	87400000	46.1538,53.8462
A05	87200001	88200000	31.8182,68.1818
A05	88000001	89000000	29.4118,70.5882
A05	88800001	89800000	33.3333,66.6667
A05	89600001	90600000	35,65
A05	90400001	91400000	57.1429,42.8571
A05	91200001	92200000	11.1111,88.8889
A05	92000001	92047023	100,0
A06	1	1000000	1.26582,98.7342
A06	800001	1800000	27.7778,72.2222
A06	1600001	2600000	30.303,69.697
A06	2400001	3400000	24.1379,75.8621
A06	3200001	4200000	27.5862,72.4138
A06	4000001	5000000	29.4118,70.5882
A06	4800001	5800000	30.4348,69.5652
A06	5600001	6600000	45.4545,54.5455
A06	6400001	7400000	16.6667,83.3333
A06	7200001	8200000	30.7692,69.2308
A06	8000001	9000000	54.1667,45.8333
A06	8800001	9800000	68.1818,31.8182
A06	9600001	10600000	41.1765,58.8235
A06	10400001	11400000	88.8889,11.1111
A06	11200001	12200000	72.7273,27.2727
A06	12000001	13000000	50,50
A06	12800001	13800000	57.1429,42.8571
A06	13600001	14600000	40,60
A06	14400001	15400000	52.6316,47.3684
A06	15200001	16200000	33.3333,66.6667
A06	16000001	17000000	81.8182,18.1818
A06	16800001	17800000	63.6364,36.3636
A06	17600001	18600000	85.7143,14.2857
A06	18400001	19400000	75,25
A06	19200001	20200000	70,30
A06	20000001	21000000	70,30
A06	20800001	21800000	57.1429,42.8571
A06	21600001	22600000	50,50
A06	22400001	23400000	57.1429,42.8571
A06	23200001	24200000	66.6667,33.3333
A06	24000001	25000000	40,60
A06	24800001	25800000	37.5,62.5
A06	25600001	26600000	66.6667,33.3333
A06	26400001	27400000	50,50
A06	27200001	28200000	66.6667,33.3333
A06	28000001	29000000	100,0
A06	28800001	29800000	57.8947,42.1053
A06	29600001	30600000	53.3333,46.6667
A06	30400001	31400000	73.3333,26.6667
A06	31200001	32200000	56.25,43.75
A06	32000001	33000000	66.6667,33.3333
A06	32800001	33800000	45.4545,54.5455
A06	33600001	34600000	63.6364,36.3636
A06	34400001	35400000	100,0
A06	35200001	36200000	57.1429,42.8571
A06	36000001	37000000	60,40
A06	36800001	37800000	100,0
A06	37600001	38600000	75,25
A06	38400001	39400000	40,60
A06	39200001	40200000	45.4545,54.5455
A06	40000001	41000000	50,50
A06	40800001	41800000	71.4286,28.5714
A06	41600001	42600000	55.5556,44.4444
A06	42400001	43400000	28.5714,71.4286
A06	43200001	44200000	75,25
A06	44000001	45000000	100,0
A06	44800001	45800000	50,50
A06	45600001	46600000	66.6667,33.3333
A06	46400001	47400000	40,60
A06	47200001	48200000	37.5,62.5
A06	48000001	49000000	66.6667,33.3333
A06	48800001	49800000	33.3333,66.6667
A06	49600001	50600000	42.8571,57.1429
A06	50400001	51400000	50,50
A06	51200001	52200000	75,25
A06	52000001	53000000	50,50
A06	52800001	53800000	50,50
A06	53600001	54600000	50,50
A06	54400001	55400000	63.6364,36.3636
A06	55200001	56200000	25,75
A06	56000001	57000000	57.1429,42.8571
A06	56800001	57800000	66.6667,33.3333
A06	57600001	58600000	66.6667,33.3333
A06	58400001	59400000	77.7778,22.2222
A06	59200001	60200000	50,50
A06	60000001	61000000	42.8571,57.1429
A06	60800001	61800000	85.7143,14.2857
A06	61600001	62600000	75,25
A06	62400001	63400000	66.6667,33.3333
A06	63200001	64200000	40,60
A06	64000001	65000000	57.1429,42.8571
A06	64800001	65800000	57.1429,42.8571
A06	65600001	66600000	63.6364,36.3636
A06	66400001	67400000	71.4286,28.5714
A06	67200001	68200000	70,30
A06	68000001	69000000	80,20
A06	68800001	69800000	33.3333,66.6667
A06	69600001	70600000	60,40
A06	70400001	71400000	33.3333,66.6667
A06	71200001	72200000	100,0
A06	72000001	73000000	80,20
A06	72800001	73800000	50,50
A06	73600001	74600000	75,25
A06	74400001	75400000	64.2857,35.7143
A06	75200001	76200000	83.3333,16.6667
A06	76000001	77000000	77.7778,22.2222
A06	76800001	77800000	87.5,12.5
A06	77600001	78600000	75,25
A06	78400001	79400000	57.1429,42.8571
A06	79200001	80200000	20,80
A06	80000001	81000000	100,0
A06	80800001	81800000	58.3333,41.6667
A06	81600001	82600000	100,0
A06	82400001	83400000	71.4286,28.5714
A06	83200001	84200000	75,25
A06	84000001	85000000	37.5,62.5
A06	84800001	85800000	33.3333,66.6667
A06	85600001	86600000	80,20
A06	86400001	87400000	71.4286,28.5714
A06	87200001	88200000	60,40
A06	88000001	89000000	38.4615,61.5385
A06	88800001	89800000	70,30
A06	89600001	90600000	47.3684,52.6316
A06	90400001	91400000	70,30
A06	91200001	92200000	66.6667,33.3333
A06	92000001	93000000	62.5,37.5
A06	92800001	93800000	28.5714,71.4286
A06	93600001	94600000	33.3333,66.6667
A06	94400001	95400000	40,60
A06	95200001	96200000	37.037,62.963
A06	96000001	97000000	65,35
A06	96800001	97800000	62.5,37.5
A06	97600001	98600000	44.4444,55.5556
A06	98400001	99400000	40,60
A06	99200001	100200000	44.1176,55.8824
A06	100000001	101000000	34.7826,65.2174
A06	100800001	101800000	32,68
A06	101600001	102600000	40.7407,59.2593
A06	102400001	103170444	52.6316,47.3684
A07	1	1000000	10.7143,89.2857
A07	800001	1800000	25,75
A07	1600001	2600000	28.5714,71.4286
A07	2400001	3400000	33.3333,66.6667
A07	3200001	4200000	50,50
A07	4000001	5000000	37.5,62.5
A07	4800001	5800000	40.7407,59.2593
A07	5600001	6600000	37.931,62.069
A07	6400001	7400000	46.1538,53.8462
A07	7200001	8200000	42.1053,57.8947
A07	8000001	9000000	27.7778,72.2222
A07	8800001	9800000	35.7143,64.2857
A07	9600001	10600000	54.8387,45.1613
A07	10400001	11400000	42.1053,57.8947
A07	11200001	12200000	41.3793,58.6207
A07	12000001	13000000	66.6667,33.3333
A07	12800001	13800000	58.3333,41.6667
A07	13600001	14600000	45.4545,54.5455
A07	14400001	15400000	34.2105,65.7895
A07	15200001	16200000	45,55
A07	16000001	17000000	47.8261,52.1739
A07	16800001	17800000	46.1538,53.8462
A07	17600001	18600000	25,75
A07	18400001	19400000	29.6296,70.3704
A07	19200001	20200000	51.7241,48.2759
A07	20000001	21000000	41.6667,58.3333
A07	20800001	21800000	50,50
A07	21600001	22600000	35.7143,64.2857
A07	22400001	23400000	26.3158,73.6842
A07	23200001	24200000	20,80
A07	24000001	25000000	53.3333,46.6667
A07	24800001	25800000	61.1111,38.8889
A07	25600001	26600000	63.6364,36.3636
A07	26400001	27400000	38.4615,61.5385
A07	27200001	28200000	42.8571,57.1429
A07	28000001	29000000	48.5714,51.4286
A07	28800001	29800000	55.5556,44.4444
A07	29600001	30600000	35.2941,64.7059
A07	30400001	31400000	52.6316,47.3684
A07	31200001	32200000	64.2857,35.7143
A07	32000001	33000000	53.3333,46.6667
A07	32800001	33800000	42.8571,57.1429
A07	33600001	34600000	26.6667,73.3333
A07	34400001	35400000	25,75
A07	35200001	36200000	50,50
A07	36000001	37000000	50,50
A07	36800001	37800000	61.5385,38.4615
A07	37600001	38600000	42.8571,57.1429
A07	38400001	39400000	33.3333,66.6667
A07	39200001	40200000	45,55
A07	40000001	41000000	76.9231,23.0769
A07	40800001	41800000	85.7143,14.2857
A07	41600001	42600000	85.7143,14.2857
A07	42400001	43400000	50,50
A07	43200001	44200000	69.2308,30.7692
A07	44000001	45000000	60,40
A07	44800001	45800000	61.5385,38.4615
A07	45600001	46600000	75,25
A07	46400001	47400000	42.8571,57.1429
A07	47200001	48200000	71.4286,28.5714
A07	48000001	49000000	75,25
A07	48800001	49800000	100,0
A07	49600001	50600000	50,50
A07	50400001	51400000	75,25
A07	51200001	52200000	100,0
A07	52000001	53000000	66.6667,33.3333
A07	52800001	53800000	16.6667,83.3333
A07	53600001	54600000	66.6667,33.3333
A07	54400001	55400000	85.7143,14.2857
A07	55200001	56200000	76.4706,23.5294
A07	56000001	57000000	66.6667,33.3333
A07	56800001	57800000	33.3333,66.6667
A07	57600001	58600000	60,40
A07	58400001	59400000	100,0
A07	59200001	60200000	33.3333,66.6667
A07	60000001	61000000	66.6667,33.3333
A07	60800001	61800000	50,50
A07	61600001	62600000	42.8571,57.1429
A07	62400001	63400000	53.3333,46.6667
A07	63200001	64200000	62.5,37.5
A07	64000001	65000000	46.1538,53.8462
A07	64800001	65800000	50,50
A07	65600001	66600000	60,40
A07	66400001	67400000	66.6667,33.3333
A07	67200001	68200000	40,60
A07	68000001	69000000	25,75
A07	68800001	69800000	61.5385,38.4615
A07	69600001	70600000	36.8421,63.1579
A07	70400001	71400000	46.4286,53.5714
A07	71200001	72200000	50,50
A07	72000001	73000000	52,48
A07	72800001	73800000	51.7241,48.2759
A07	73600001	74600000	42.2222,57.7778
A07	74400001	75400000	35,65
A07	75200001	76200000	40.7407,59.2593
A07	76000001	77000000	60,40
A07	76800001	77800000	57.1429,42.8571
A07	77600001	78251018	47.0588,52.9412
A08	1	1000000	18,82
A08	800001	1800000	25,75
A08	1600001	2600000	34.6154,65.3846
A08	2400001	3400000	38.0952,61.9048
A08	3200001	4200000	57.1429,42.8571
A08	4000001	5000000	65,35
A08	4800001	5800000	42.8571,57.1429
A08	5600001	6600000	45.8333,54.1667
A08	6400001	7400000	38.0952,61.9048
A08	7200001	8200000	40,60
A08	8000001	9000000	57.1429,42.8571
A08	8800001	9800000	50,50
A08	9600001	10600000	42.3077,57.6923
A08	10400001	11400000	72.7273,27.2727
A08	11200001	12200000	66.6667,33.3333
A08	12000001	13000000	77.7778,22.2222
A08	12800001	13800000	70.5882,29.4118
A08	13600001	14600000	61.5385,38.4615
A08	14400001	15400000	25,75
A08	15200001	16200000	42.1053,57.8947
A08	16000001	17000000	40,60
A08	16800001	17800000	57.1429,42.8571
A08	17600001	18600000	45.8333,54.1667
A08	18400001	19400000	30,70
A08	19200001	20200000	20,80
A08	20000001	21000000	81.8182,18.1818
A08	20800001	21800000	66.6667,33.3333
A08	21600001	22600000	66.6667,33.3333
A08	22400001	23400000	77.7778,22.2222
A08	23200001	24200000	77.7778,22.2222
A08	24000001	25000000	66.6667,33.3333
A08	24800001	25800000	100,0
A08	25600001	26600000	57.1429,42.8571
A08	26400001	27400000	40,60
A08	27200001	28200000	0,100
A08	28000001	29000000	25,75
A08	28800001	29800000	33.3333,66.6667
A08	29600001	30600000	100,0
A08	30400001	31400000	100,0
A08	31200001	32200000	50,50
A08	32000001	33000000	50,50
A08	32800001	33800000	81.8182,18.1818
A08	33600001	34600000	60,40
A08	34400001	35400000	66.6667,33.3333
A08	35200001	36200000	40,60
A08	36000001	37000000	100,0
A08	36800001	37800000	80,20
A08	37600001	38600000	100,0
A08	38400001	39400000	66.6667,33.3333
A08	39200001	40200000	42.8571,57.1429
A08	40000001	41000000	75,25
A08	40800001	41800000	50,50
A08	41600001	42600000	75,25
A08	42400001	43400000	90.9091,9.09091
A08	43200001	44200000	100,0
A08	44000001	45000000	50,50
A08	44800001	45800000	33.3333,66.6667
A08	45600001	46600000	66.6667,33.3333
A08	46400001	47400000	0,100
A08	47200001	48200000	66.6667,33.3333
A08	48000001	49000000	81.8182,18.1818
A08	48800001	49800000	80,20
A08	49600001	50600000	71.4286,28.5714
A08	50400001	51400000	40,60
A08	51200001	52200000	60,40
A08	52000001	53000000	75,25
A08	52800001	53800000	80,20
A08	53600001	54600000	83.3333,16.6667
A08	54400001	55400000	33.3333,66.6667
A08	55200001	56200000	62.5,37.5
A08	56000001	57000000	40,60
A08	56800001	57800000	60,40
A08	57600001	58600000	66.6667,33.3333
A08	58400001	59400000	70,30
A08	59200001	60200000	57.1429,42.8571
A08	60000001	61000000	42.8571,57.1429
A08	60800001	61800000	58.3333,41.6667
A08	61600001	62600000	58.3333,41.6667
A08	62400001	63400000	100,0
A08	63200001	64200000	100,0
A08	64000001	65000000	50,50
A08	64800001	65800000	40,60
A08	65600001	66600000	40,60
A08	66400001	67400000	50,50
A08	67200001	68200000	38.4615,61.5385
A08	68000001	69000000	50,50
A08	68800001	69800000	83.3333,16.6667
A08	69600001	70600000	44.4444,55.5556
A08	70400001	71400000	33.3333,66.6667
A08	71200001	72200000	60,40
A08	72000001	73000000	53.3333,46.6667
A08	72800001	73800000	62.5,37.5
A08	73600001	74600000	63.6364,36.3636
A08	74400001	75400000	50,50
A08	75200001	76200000	50,50
A08	76000001	77000000	66.6667,33.3333
A08	76800001	77800000	75,25
A08	77600001	78600000	100,0
A08	78400001	79400000	55.5556,44.4444
A08	79200001	80200000	38.8889,61.1111
A08	80000001	81000000	42.8571,57.1429
A08	80800001	81800000	60,40
A08	81600001	82600000	47.3684,52.6316
A08	82400001	83400000	60,40
A08	83200001	84200000	54.5455,45.4545
A08	84000001	85000000	31.8182,68.1818
A08	84800001	85800000	30.7692,69.2308
A08	85600001	86600000	64.7059,35.2941
A08	86400001	87400000	85.7143,14.2857
A08	87200001	88200000	75,25
A08	88000001	89000000	62.5,37.5
A08	88800001	89800000	35.7143,64.2857
A08	89600001	90600000	50,50
A08	90400001	91400000	41.1765,58.8235
A08	91200001	92200000	30,70
A08	92000001	93000000	53.3333,46.6667
A08	92800001	93800000	33.3333,66.6667
A08	93600001	94600000	26.6667,73.3333
A08	94400001	95400000	47.8261,52.1739
A08	95200001	96200000	31.8182,68.1818
A08	96000001	97000000	25,75
A08	96800001	97800000	29.1667,70.8333
A08	97600001	98600000	29.4118,70.5882
A08	98400001	99400000	28.5714,71.4286
A08	99200001	100200000	45,55
A08	100000001	101000000	40,60
A08	100800001	101800000	28.5714,71.4286
A08	101600001	102600000	19.0476,80.9524
A08	102400001	103400000	31.8182,68.1818
A08	103200001	103626341	0,100
A09	1	1000000	16.9492,83.0508
A09	800001	1800000	50,50
A09	1600001	2600000	44,56
A09	2400001	3400000	60,40
A09	3200001	4200000	64.2857,35.7143
A09	4000001	5000000	60,40
A09	4800001	5800000	15.3846,84.6154
A09	5600001	6600000	50,50
A09	6400001	7400000	66.6667,33.3333
A09	7200001	8200000	29.4118,70.5882
A09	8000001	9000000	32,68
A09	8800001	9800000	50,50
A09	9600001	10600000	41.6667,58.3333
A09	10400001	11400000	75,25
A09	11200001	12200000	77.7778,22.2222
A09	12000001	13000000	80,20
A09	12800001	13800000	66.6667,33.3333
A09	13600001	14600000	28.5714,71.4286
A09	14400001	15400000	54.5455,45.4545
A09	15200001	16200000	63.6364,36.3636
A09	16000001	17000000	100,0
A09	16800001	17800000	0,100
A09	17600001	18600000	100,0
A09	18400001	19400000	75,25
A09	19200001	20200000	60,40
A09	20000001	21000000	63.6364,36.3636
A09	20800001	21800000	85.7143,14.2857
A09	21600001	22600000	83.3333,16.6667
A09	22400001	23400000	100,0
A09	23200001	24200000	75,25
A09	24000001	25000000	87.5,12.5
A09	24800001	25800000	60,40
A09	25600001	26600000	50,50
A09	26400001	27400000	60,40
A09	27200001	28200000	50,50
A09	28000001	29000000	44.4444,55.5556
A09	28800001	29800000	72.7273,27.2727
A09	29600001	30600000	83.3333,16.6667
A09	30400001	31400000	33.3333,66.6667
A09	31200001	32200000	100,0
A09	32000001	33000000	75,25
A09	32800001	33800000	16.6667,83.3333
A09	33600001	34600000	28.5714,71.4286
A09	34400001	35400000	40,60
A09	35200001	36200000	66.6667,33.3333
A09	36000001	37000000	33.3333,66.6667
A09	36800001	37800000	66.6667,33.3333
A09	37600001	38600000	72.7273,27.2727
A09	38400001	39400000	53.3333,46.6667
A09	39200001	40200000	46.1538,53.8462
A09	40000001	41000000	63.6364,36.3636
A09	40800001	41800000	41.6667,58.3333
A09	41600001	42600000	37.5,62.5
A09	42400001	43400000	55.5556,44.4444
A09	43200001	44200000	54.5455,45.4545
A09	44000001	45000000	75,25
A09	44800001	45800000	40,60
A09	45600001	46600000	66.6667,33.3333
A09	46400001	47400000	41.6667,58.3333
A09	47200001	48200000	47.0588,52.9412
A09	48000001	49000000	20,80
A09	48800001	49800000	35.2941,64.7059
A09	49600001	50600000	66.6667,33.3333
A09	50400001	51400000	76.4706,23.5294
A09	51200001	52200000	47.0588,52.9412
A09	52000001	53000000	42.3077,57.6923
A09	52800001	53800000	38.8889,61.1111
A09	53600001	54600000	35.2941,64.7059
A09	54400001	55400000	38.8889,61.1111
A09	55200001	56200000	60,40
A09	56000001	57000000	36.3636,63.6364
A09	56800001	57800000	64.2857,35.7143
A09	57600001	58600000	38.4615,61.5385
A09	58400001	59400000	58.3333,41.6667
A09	59200001	60200000	38.0952,61.9048
A09	60000001	61000000	38.0952,61.9048
A09	60800001	61800000	33.3333,66.6667
A09	61600001	62600000	45.8333,54.1667
A09	62400001	63400000	61.1111,38.8889
A09	63200001	64200000	17.3913,82.6087
A09	64000001	65000000	20,80
A09	64800001	65800000	37.5,62.5
A09	65600001	66600000	29.1667,70.8333
A09	66400001	67400000	17.3913,82.6087
A09	67200001	68200000	35.2941,64.7059
A09	68000001	69000000	78.5714,21.4286
A09	68800001	69800000	57.1429,42.8571
A09	69600001	70600000	45.4545,54.5455
A09	70400001	71400000	13.3333,86.6667
A09	71200001	72200000	17.3913,82.6087
A09	72000001	73000000	20,80
A09	72800001	73800000	40,60
A09	73600001	74600000	36.3636,63.6364
A09	74400001	74999931	80,20
A10	1	1000000	8.77193,91.2281
A10	800001	1800000	5,95
A10	1600001	2600000	23.5294,76.4706
A10	2400001	3400000	28.5714,71.4286
A10	3200001	4200000	25,75
A10	4000001	5000000	10,90
A10	4800001	5800000	25,75
A10	5600001	6600000	25,75
A10	6400001	7400000	35.2941,64.7059
A10	7200001	8200000	59.2593,40.7407
A10	8000001	9000000	66.6667,33.3333
A10	8800001	9800000	72.2222,27.7778
A10	9600001	10600000	46.6667,53.3333
A10	10400001	11400000	40,60
A10	11200001	12200000	44,56
A10	12000001	13000000	50,50
A10	12800001	13800000	47.619,52.381
A10	13600001	14600000	46.6667,53.3333
A10	14400001	15400000	22.2222,77.7778
A10	15200001	16200000	63.6364,36.3636
A10	16000001	17000000	50,50
A10	16800001	17800000	50,50
A10	17600001	18600000	73.3333,26.6667
A10	18400001	19400000	36.3636,63.6364
A10	19200001	20200000	52.381,47.619
A10	20000001	21000000	28.5714,71.4286
A10	20800001	21800000	39.1304,60.8696
A10	21600001	22600000	22.2222,77.7778
A10	22400001	23400000	50,50
A10	23200001	24200000	77.7778,22.2222
A10	24800001	25800000	100,0
A10	25600001	26600000	100,0
A10	26400001	27400000	80,20
A10	27200001	28200000	66.6667,33.3333
A10	28000001	29000000	60,40
A10	28800001	29800000	100,0
A10	29600001	30600000	100,0
A10	30400001	31400000	66.6667,33.3333
A10	31200001	32200000	50,50
A10	32000001	33000000	28.5714,71.4286
A10	32800001	33800000	71.4286,28.5714
A10	33600001	34600000	80,20
A10	34400001	35400000	83.3333,16.6667
A10	35200001	36200000	50,50
A10	36000001	37000000	33.3333,66.6667
A10	36800001	37800000	25,75
A10	37600001	38600000	75,25
A10	38400001	39400000	50,50
A10	39200001	40200000	50,50
A10	40000001	41000000	80,20
A10	40800001	41800000	87.5,12.5
A10	41600001	42600000	88.8889,11.1111
A10	42400001	43400000	100,0
A10	43200001	44200000	83.3333,16.6667
A10	44000001	45000000	100,0
A10	44800001	45800000	75,25
A10	45600001	46600000	66.6667,33.3333
A10	46400001	47400000	88.8889,11.1111
A10	47200001	48200000	83.3333,16.6667
A10	48000001	49000000	80,20
A10	48800001	49800000	33.3333,66.6667
A10	49600001	50600000	66.6667,33.3333
A10	50400001	51400000	100,0
A10	51200001	52200000	66.6667,33.3333
A10	52000001	53000000	50,50
A10	52800001	53800000	100,0
A10	53600001	54600000	66.6667,33.3333
A10	54400001	55400000	77.7778,22.2222
A10	55200001	56200000	60,40
A10	56000001	57000000	58.3333,41.6667
A10	56800001	57800000	40.9091,59.0909
A10	57600001	58600000	31.25,68.75
A10	58400001	59400000	58.3333,41.6667
A10	59200001	60200000	30,70
A10	60000001	61000000	42.1053,57.8947
A10	60800001	61800000	61.5385,38.4615
A10	61600001	62600000	33.3333,66.6667
A10	62400001	63400000	58.3333,41.6667
A10	63200001	64200000	53.3333,46.6667
A10	64000001	65000000	50,50
A10	64800001	65800000	77.7778,22.2222
A10	65600001	66600000	52.381,47.619
A10	66400001	67400000	50,50
A10	67200001	68200000	28.5714,71.4286
A10	68000001	69000000	42.8571,57.1429
A10	68800001	69800000	64.2857,35.7143
A10	69600001	70600000	61.5385,38.4615
A10	70400001	71400000	66.6667,33.3333
A10	71200001	72200000	40,60
A10	72000001	73000000	37.5,62.5
A10	72800001	73800000	60,40
A10	73600001	74600000	85.7143,14.2857
A10	74400001	75400000	57.1429,42.8571
A10	75200001	76200000	72.7273,27.2727
A10	76000001	77000000	45.8333,54.1667
A10	76800001	77800000	38.8889,61.1111
A10	77600001	78600000	37.5,62.5
A10	78400001	79400000	70,30
A10	79200001	80200000	60.8696,39.1304
A10	80000001	81000000	50,50
A10	80800001	81800000	46.1538,53.8462
A10	81600001	82600000	78.5714,21.4286
A10	82400001	83400000	53.3333,46.6667
A10	83200001	84200000	47.0588,52.9412
A10	84000001	85000000	47.8261,52.1739
A10	84800001	85800000	36.3636,63.6364
A10	85600001	86600000	50,50
A10	86400001	87400000	57.1429,42.8571
A10	87200001	88200000	72.2222,27.7778
A10	88000001	89000000	33.3333,66.6667
A10	88800001	89800000	50,50
A10	89600001	90600000	55.5556,44.4444
A10	90400001	91400000	42.8571,57.1429
A10	91200001	92200000	47.0588,52.9412
A10	92000001	93000000	39.1304,60.8696
A10	92800001	93800000	9.52381,90.4762
A10	93600001	94600000	35.7143,64.2857
A10	94400001	95400000	29.6296,70.3704
A10	95200001	96200000	41.6667,58.3333
A10	96000001	97000000	63.6364,36.3636
A10	96800001	97800000	46.1538,53.8462
A10	97600001	98600000	50,50
A10	98400001	99400000	21.7391,78.2609
A10	99200001	100200000	33.3333,66.6667
A10	100000001	101000000	41.6667,58.3333
A11	1	1000000	9.57447,90.4255
A11	800001	1800000	33.3333,66.6667
A11	1600001	2600000	18.1818,81.8182
A11	2400001	3400000	33.3333,66.6667
A11	3200001	4200000	50,50
A11	4000001	5000000	47.0588,52.9412
A11	4800001	5800000	10,90
A11	5600001	6600000	11.7647,88.2353
A11	6400001	7400000	25,75
A11	7200001	8200000	20,80
A11	8000001	9000000	5.26316,94.7368
A11	8800001	9800000	18.5185,81.4815
A11	9600001	10600000	15.3846,84.6154
A11	10400001	11400000	22.2222,77.7778
A11	11200001	12200000	11.7647,88.2353
A11	12000001	13000000	18.1818,81.8182
A11	12800001	13800000	17.6471,82.3529
A11	13600001	14600000	25,75
A11	14400001	15400000	47.0588,52.9412
A11	15200001	16200000	45.4545,54.5455
A11	16000001	17000000	30.303,69.697
A11	16800001	17800000	42.1053,57.8947
A11	17600001	18600000	32,68
A11	18400001	19400000	45,55
A11	19200001	20200000	38.8889,61.1111
A11	20000001	21000000	37.5,62.5
A11	20800001	21800000	11.7647,88.2353
A11	21600001	22600000	23.0769,76.9231
A11	22400001	23400000	44,56
A11	23200001	24200000	47.8261,52.1739
A11	24000001	25000000	37.037,62.963
A11	24800001	25800000	40,60
A11	25600001	26600000	35.7143,64.2857
A11	26400001	27400000	76.9231,23.0769
A11	27200001	28200000	53.3333,46.6667
A11	28000001	29000000	75,25
A11	28800001	29800000	53.8462,46.1538
A11	29600001	30600000	63.6364,36.3636
A11	30400001	31400000	57.1429,42.8571
A11	31200001	32200000	80,20
A11	32000001	33000000	50,50
A11	32800001	33800000	50,50
A11	33600001	34600000	80,20
A11	34400001	35400000	60,40
A11	35200001	36200000	70,30
A11	36000001	37000000	50,50
A11	36800001	37800000	83.3333,16.6667
A11	37600001	38600000	80,20
A11	38400001	39400000	75,25
A11	39200001	40200000	50,50
A11	40000001	41000000	50,50
A11	40800001	41800000	66.6667,33.3333
A11	41600001	42600000	100,0
A11	42400001	43400000	85.7143,14.2857
A11	43200001	44200000	77.7778,22.2222
A11	44000001	45000000	100,0
A11	44800001	45800000	66.6667,33.3333
A11	45600001	46600000	100,0
A11	46400001	47400000	53.3333,46.6667
A11	47200001	48200000	77.7778,22.2222
A11	48000001	49000000	60,40
A11	48800001	49800000	64.2857,35.7143
A11	49600001	50600000	77.7778,22.2222
A11	50400001	51400000	62.5,37.5
A11	51200001	52200000	33.3333,66.6667
A11	52000001	53000000	60,40
A11	52800001	53800000	90.9091,9.09091
A11	53600001	54600000	66.6667,33.3333
A11	54400001	55400000	71.4286,28.5714
A11	55200001	56200000	52.9412,47.0588
A11	56000001	57000000	37.5,62.5
A11	56800001	57800000	25,75
A11	57600001	58600000	50,50
A11	58400001	59400000	78.5714,21.4286
A11	59200001	60200000	88.8889,11.1111
A11	60000001	61000000	88.8889,11.1111
A11	60800001	61800000	75,25
A11	61600001	62600000	57.1429,42.8571
A11	62400001	63400000	88.8889,11.1111
A11	63200001	64200000	45,55
A11	64000001	65000000	50,50
A11	64800001	65800000	57.1429,42.8571
A11	65600001	66600000	83.3333,16.6667
A11	66400001	67400000	44.4444,55.5556
A11	67200001	68200000	81.8182,18.1818
A11	68000001	69000000	75,25
A11	68800001	69800000	71.4286,28.5714
A11	69600001	70600000	41.1765,58.8235
A11	70400001	71400000	50,50
A11	71200001	72200000	73.3333,26.6667
A11	72000001	73000000	75,25
A11	72800001	73800000	90,10
A11	73600001	74600000	84.6154,15.3846
A11	74400001	75400000	75,25
A11	75200001	76200000	66.6667,33.3333
A11	76000001	77000000	37.5,62.5
A11	76800001	77800000	33.3333,66.6667
A11	77600001	78600000	50,50
A11	78400001	79400000	41.1765,58.8235
A11	79200001	80200000	27.2727,72.7273
A11	80000001	81000000	45.4545,54.5455
A11	80800001	81800000	41.1765,58.8235
A11	81600001	82600000	26.087,73.913
A11	82400001	83400000	23.0769,76.9231
A11	83200001	84200000	11.7647,88.2353
A11	84000001	85000000	42.1053,57.8947
A11	84800001	85800000	46.6667,53.3333
A11	85600001	86600000	38.4615,61.5385
A11	86400001	87400000	46.6667,53.3333
A11	87200001	88200000	42.8571,57.1429
A11	88000001	89000000	71.4286,28.5714
A11	88800001	89800000	43.4783,56.5217
A11	89600001	90600000	46.1538,53.8462
A11	90400001	91400000	52.6316,47.3684
A11	91200001	92200000	47.3684,52.6316
A11	92000001	93000000	30.7692,69.2308
A11	92800001	93316192	27.2727,72.7273
A12	1	1000000	8.95522,91.0448
A12	800001	1800000	26.6667,73.3333
A12	1600001	2600000	33.3333,66.6667
A12	2400001	3400000	50,50
A12	3200001	4200000	44.4444,55.5556
A12	4000001	5000000	41.6667,58.3333
A12	4800001	5800000	40,60
A12	5600001	6600000	50,50
A12	6400001	7400000	45.8333,54.1667
A12	7200001	8200000	50,50
A12	8000001	9000000	70.5882,29.4118
A12	8800001	9800000	66.6667,33.3333
A12	9600001	10600000	58.8235,41.1765
A12	10400001	11400000	36.8421,63.1579
A12	11200001	12200000	52.9412,47.0588
A12	12000001	13000000	34.7826,65.2174
A12	12800001	13800000	40.7407,59.2593
A12	13600001	14600000	13.3333,86.6667
A12	14400001	15400000	76.9231,23.0769
A12	15200001	16200000	50,50
A12	16000001	17000000	50,50
A12	16800001	17800000	44.4444,55.5556
A12	17600001	18600000	50,50
A12	18400001	19400000	50,50
A12	19200001	20200000	75,25
A12	20000001	21000000	66.6667,33.3333
A12	20800001	21800000	62.5,37.5
A12	21600001	22600000	71.4286,28.5714
A12	22400001	23400000	87.5,12.5
A12	23200001	24200000	75,25
A12	24000001	25000000	33.3333,66.6667
A12	24800001	25800000	62.5,37.5
A12	25600001	26600000	100,0
A12	26400001	27400000	55.5556,44.4444
A12	27200001	28200000	76.9231,23.0769
A12	28000001	29000000	72.7273,27.2727
A12	28800001	29800000	75,25
A12	29600001	30600000	66.6667,33.3333
A12	30400001	31400000	80,20
A12	31200001	32200000	66.6667,33.3333
A12	32000001	33000000	83.3333,16.6667
A12	32800001	33800000	55.5556,44.4444
A12	33600001	34600000	33.3333,66.6667
A12	34400001	35400000	66.6667,33.3333
A12	35200001	36200000	75,25
A12	36000001	37000000	71.4286,28.5714
A12	36800001	37800000	100,0
A12	37600001	38600000	50,50
A12	38400001	39400000	55.5556,44.4444
A12	39200001	40200000	77.7778,22.2222
A12	40000001	41000000	100,0
A12	40800001	41800000	100,0
A12	41600001	42600000	75,25
A12	42400001	43400000	100,0
A12	43200001	44200000	75,25
A12	44000001	45000000	100,0
A12	44800001	45800000	60,40
A12	45600001	46600000	75,25
A12	46400001	47400000	80,20
A12	47200001	48200000	66.6667,33.3333
A12	48000001	49000000	28.5714,71.4286
A12	48800001	49800000	66.6667,33.3333
A12	49600001	50600000	50,50
A12	50400001	51400000	60,40
A12	52000001	53000000	37.5,62.5
A12	52800001	53800000	100,0
A12	53600001	54600000	83.3333,16.6667
A12	54400001	55400000	100,0
A12	55200001	56200000	75,25
A12	56000001	57000000	58.3333,41.6667
A12	56800001	57800000	58.6207,41.3793
A12	57600001	58600000	48.3871,51.6129
A12	58400001	59400000	54.5455,45.4545
A12	59200001	60200000	58.8235,41.1765
A12	60000001	61000000	12.5,87.5
A12	60800001	61800000	23.5294,76.4706
A12	61600001	62600000	30.7692,69.2308
A12	62400001	63400000	53.3333,46.6667
A12	63200001	64200000	40,60
A12	64000001	65000000	31.25,68.75
A12	64800001	65800000	31.5789,68.4211
A12	65600001	66600000	26.3158,73.6842
A12	66400001	67400000	34.2857,65.7143
A12	67200001	68200000	24.1379,75.8621
A12	68000001	69000000	50,50
A12	68800001	69800000	13.3333,86.6667
A12	69600001	70600000	45.8333,54.1667
A12	70400001	71400000	38.0952,61.9048
A12	71200001	72200000	41.6667,58.3333
A12	72000001	73000000	35,65
A12	72800001	73800000	43.4783,56.5217
A12	73600001	74600000	46.1538,53.8462
A12	74400001	75400000	38.8889,61.1111
A12	75200001	76200000	33.3333,66.6667
A12	76000001	77000000	43.75,56.25
A12	76800001	77800000	20.8333,79.1667
A12	77600001	78600000	36.3636,63.6364
A12	78400001	79400000	25,75
A12	79200001	80200000	31.8182,68.1818
A12	80000001	81000000	57.8947,42.1053
A12	80800001	81800000	35.7143,64.2857
A12	81600001	82600000	33.3333,66.6667
A12	82400001	83400000	41.6667,58.3333
A12	83200001	84200000	38.4615,61.5385
A12	84000001	85000000	23.8095,76.1905
A12	84800001	85800000	15,85
A12	85600001	86600000	23.0769,76.9231
A12	86400001	87400000	44.4444,55.5556
A13	1	1000000	11.5942,88.4058
A13	800001	1800000	29.1667,70.8333
A13	1600001	2600000	25,75
A13	2400001	3400000	28.5714,71.4286
A13	3200001	4200000	46.4286,53.5714
A13	4000001	5000000	52.1739,47.8261
A13	4800001	5800000	38.4615,61.5385
A13	5600001	6600000	41.9355,58.0645
A13	6400001	7400000	63.6364,36.3636
A13	7200001	8200000	71.4286,28.5714
A13	8000001	9000000	44.4444,55.5556
A13	8800001	9800000	66.6667,33.3333
A13	9600001	10600000	36.8421,63.1579
A13	10400001	11400000	46.1538,53.8462
A13	11200001	12200000	63.1579,36.8421
A13	12000001	13000000	53.3333,46.6667
A13	12800001	13800000	47.3684,52.6316
A13	13600001	14600000	42.1053,57.8947
A13	14400001	15400000	60,40
A13	15200001	16200000	100,0
A13	16000001	17000000	71.4286,28.5714
A13	16800001	17800000	36.3636,63.6364
A13	17600001	18600000	33.3333,66.6667
A13	18400001	19400000	66.6667,33.3333
A13	19200001	20200000	88.8889,11.1111
A13	20000001	21000000	70,30
A13	20800001	21800000	85.7143,14.2857
A13	21600001	22600000	85.7143,14.2857
A13	22400001	23400000	71.4286,28.5714
A13	23200001	24200000	75,25
A13	24000001	25000000	60,40
A13	25600001	26600000	44.4444,55.5556
A13	26400001	27400000	33.3333,66.6667
A13	27200001	28200000	50,50
A13	28000001	29000000	100,0
A13	28800001	29800000	100,0
A13	29600001	30600000	100,0
A13	30400001	31400000	50,50
A13	31200001	32200000	70,30
A13	32000001	33000000	80,20
A13	32800001	33800000	45.4545,54.5455
A13	33600001	34600000	71.4286,28.5714
A13	34400001	35400000	75,25
A13	35200001	36200000	50,50
A13	36000001	37000000	66.6667,33.3333
A13	36800001	37800000	60,40
A13	37600001	38600000	66.6667,33.3333
A13	38400001	39400000	53.3333,46.6667
A13	39200001	40200000	46.6667,53.3333
A13	40000001	41000000	60,40
A13	40800001	41800000	57.1429,42.8571
A13	41600001	42600000	33.3333,66.6667
A13	42400001	43400000	83.3333,16.6667
A13	43200001	44200000	55.5556,44.4444
A13	44000001	45000000	41.6667,58.3333
A13	44800001	45800000	33.3333,66.6667
A13	45600001	46600000	50,50
A13	46400001	47400000	57.1429,42.8571
A13	47200001	48200000	55.5556,44.4444
A13	48000001	49000000	40,60
A13	48800001	49800000	22.2222,77.7778
A13	49600001	50600000	60,40
A13	50400001	51400000	25,75
A13	51200001	52200000	25,75
A13	52000001	53000000	60,40
A13	52800001	53800000	60,40
A13	53600001	54600000	60,40
A13	54400001	55400000	80,20
A13	55200001	56200000	50,50
A13	56000001	57000000	50,50
A13	56800001	57800000	35.7143,64.2857
A13	57600001	58600000	33.3333,66.6667
A13	58400001	59400000	54.5455,45.4545
A13	59200001	60200000	77.7778,22.2222
A13	60000001	61000000	52.9412,47.0588
A13	60800001	61800000	50,50
A13	61600001	62600000	70.5882,29.4118
A13	62400001	63400000	38.8889,61.1111
A13	63200001	64200000	57.1429,42.8571
A13	64000001	65000000	59.0909,40.9091
A13	64800001	65800000	50,50
A13	65600001	66600000	53.8462,46.1538
A13	66400001	67400000	45.4545,54.5455
A13	67200001	68200000	56.25,43.75
A13	68000001	69000000	66.6667,33.3333
A13	68800001	69800000	56.6667,43.3333
A13	69600001	70600000	42.1053,57.8947
A13	70400001	71400000	40,60
A13	71200001	72200000	46.1538,53.8462
A13	72000001	73000000	58.8235,41.1765
A13	72800001	73800000	30,70
A13	73600001	74600000	34.2105,65.7895
A13	74400001	75400000	40.7407,59.2593
A13	75200001	76200000	20,80
A13	76000001	77000000	30,70
A13	76800001	77800000	50,50
A13	77600001	78600000	30,70
A13	78400001	79400000	35.7143,64.2857
A13	79200001	79961121	21.4286,78.5714
D01	1	1000000	10.8108,89.1892
D01	800001	1800000	31.8182,68.1818
D01	1600001	2600000	41.6667,58.3333
D01	2400001	3400000	9.09091,90.9091
D01	3200001	4200000	35.7143,64.2857
D01	4000001	5000000	47.0588,52.9412
D01	4800001	5800000	33.3333,66.6667
D01	5600001	6600000	42.8571,57.1429
D01	6400001	7400000	38.4615,61.5385
D01	7200001	8200000	75,25
D01	8000001	9000000	55,45
D01	8800001	9800000	23.0769,76.9231
D01	9600001	10600000	25,75
D01	10400001	11400000	16.6667,83.3333
D01	11200001	12200000	50,50
D01	12000001	13000000	50,50
D01	12800001	13800000	23.0769,76.9231
D01	13600001	14600000	26.9231,73.0769
D01	14400001	15400000	32,68
D01	15200001	16200000	18.1818,81.8182
D01	16000001	17000000	55,45
D01	16800001	17800000	33.3333,66.6667
D01	17600001	18600000	29.0323,70.9677
D01	18400001	19400000	19.3548,80.6452
D01	19200001	20200000	26.3158,73.6842
D01	20000001	21000000	63.6364,36.3636
D01	20800001	21800000	44.4444,55.5556
D01	21600001	22600000	33.3333,66.6667
D01	22400001	23400000	75,25
D01	23200001	24200000	68.4211,31.5789
D01	24000001	25000000	52.6316,47.3684
D01	24800001	25800000	33.3333,66.6667
D01	25600001	26600000	42.8571,57.1429
D01	26400001	27400000	33.3333,66.6667
D01	27200001	28200000	62.5,37.5
D01	28000001	29000000	36.3636,63.6364
D01	28800001	29800000	50,50
D01	29600001	30600000	66.6667,33.3333
D01	30400001	31400000	50,50
D01	31200001	32200000	40,60
D01	32000001	33000000	66.6667,33.3333
D01	32800001	33800000	100,0
D01	33600001	34600000	25,75
D01	34400001	35400000	40,60
D01	35200001	36200000	35.7143,64.2857
D01	36000001	37000000	33.3333,66.6667
D01	36800001	37800000	80,20
D01	37600001	38600000	28.5714,71.4286
D01	38400001	39400000	33.3333,66.6667
D01	39200001	40200000	38.8889,61.1111
D01	40000001	41000000	62.5,37.5
D01	40800001	41800000	53.8462,46.1538
D01	41600001	42600000	43.75,56.25
D01	42400001	43400000	33.3333,66.6667
D01	43200001	44200000	70,30
D01	44000001	45000000	42.8571,57.1429
D01	44800001	45800000	57.1429,42.8571
D01	45600001	46600000	57.1429,42.8571
D01	46400001	47400000	57.8947,42.1053
D01	47200001	48200000	65,35
D01	48000001	49000000	33.3333,66.6667
D01	48800001	49800000	40,60
D01	49600001	50600000	50,50
D01	50400001	51400000	60,40
D01	51200001	52200000	81.8182,18.1818
D01	52000001	53000000	42.8571,57.1429
D01	52800001	53800000	60.8696,39.1304
D01	53600001	54600000	48,52
D01	54400001	55400000	27.7778,72.2222
D01	55200001	56200000	31.5789,68.4211
D01	56000001	57000000	32,68
D01	56800001	57800000	64,36
D01	57600001	58600000	45.1613,54.8387
D01	58400001	59400000	34.2105,65.7895
D01	59200001	60200000	35.1351,64.8649
D01	60000001	61000000	27.5862,72.4138
D01	60800001	61456009	38.4615,61.5385
D02	1	1000000	6.38298,93.617
D02	800001	1800000	28.5714,71.4286
D02	1600001	2600000	20,80
D02	2400001	3400000	28.5714,71.4286
D02	3200001	4200000	33.3333,66.6667
D02	4000001	5000000	28.5714,71.4286
D02	4800001	5800000	33.3333,66.6667
D02	5600001	6600000	44.4444,55.5556
D02	6400001	7400000	37.5,62.5
D02	7200001	8200000	20,80
D02	8000001	9000000	46.6667,53.3333
D02	8800001	9800000	34.4828,65.5172
D02	9600001	10600000	34.7826,65.2174
D02	10400001	11400000	35.2941,64.7059
D02	11200001	12200000	64.7059,35.2941
D02	12000001	13000000	76.4706,23.5294
D02	12800001	13800000	53.8462,46.1538
D02	13600001	14600000	34.7826,65.2174
D02	14400001	15400000	55,45
D02	15200001	16200000	40,60
D02	16000001	17000000	58.3333,41.6667
D02	16800001	17800000	77.7778,22.2222
D02	17600001	18600000	75,25
D02	18400001	19400000	41.1765,58.8235
D02	19200001	20200000	37.5,62.5
D02	20000001	21000000	44.4444,55.5556
D02	20800001	21800000	41.6667,58.3333
D02	21600001	22600000	60,40
D02	22400001	23400000	64.2857,35.7143
D02	23200001	24200000	23.0769,76.9231
D02	24000001	25000000	37.5,62.5
D02	24800001	25800000	50,50
D02	25600001	26600000	37.5,62.5
D02	26400001	27400000	61.5385,38.4615
D02	27200001	28200000	88.8889,11.1111
D02	28000001	29000000	75,25
D02	28800001	29800000	60,40
D02	29600001	30600000	27.2727,72.7273
D02	30400001	31400000	85.7143,14.2857
D02	31200001	32200000	50,50
D02	32000001	33000000	75,25
D02	32800001	33800000	66.6667,33.3333
D02	33600001	34600000	69.2308,30.7692
D02	34400001	35400000	28.5714,71.4286
D02	35200001	36200000	55.5556,44.4444
D02	36000001	37000000	80,20
D02	36800001	37800000	56.25,43.75
D02	37600001	38600000	53.8462,46.1538
D02	38400001	39400000	68.75,31.25
D02	39200001	40200000	50,50
D02	40000001	41000000	41.6667,58.3333
D02	40800001	41800000	57.1429,42.8571
D02	41600001	42600000	50,50
D02	42400001	43400000	52.9412,47.0588
D02	43200001	44200000	40,60
D02	44000001	45000000	60,40
D02	44800001	45800000	64.5161,35.4839
D02	45600001	46600000	47.3684,52.6316
D02	46400001	47400000	40.9091,59.0909
D02	47200001	48200000	57.1429,42.8571
D02	48000001	49000000	40,60
D02	48800001	49800000	46.6667,53.3333
D02	49600001	50600000	80,20
D02	50400001	51400000	61.5385,38.4615
D02	51200001	52200000	54.5455,45.4545
D02	52000001	53000000	33.3333,66.6667
D02	52800001	53800000	57.1429,42.8571
D02	53600001	54600000	57.1429,42.8571
D02	54400001	55400000	29.4118,70.5882
D02	55200001	56200000	38.4615,61.5385
D02	56000001	57000000	55.5556,44.4444
D02	56800001	57800000	33.3333,66.6667
D02	57600001	58600000	52.381,47.619
D02	58400001	59400000	40.9091,59.0909
D02	59200001	60200000	36.1111,63.8889
D02	60000001	61000000	33.3333,66.6667
D02	60800001	61800000	30,70
D02	61600001	62600000	25,75
D02	62400001	63400000	8.57143,91.4286
D02	63200001	64200000	41.1765,58.8235
D02	64000001	65000000	19.2308,80.7692
D02	64800001	65800000	37.5,62.5
D02	65600001	66600000	26.6667,73.3333
D02	66400001	67400000	40,60
D02	67200001	67284553	0,100
D03	1	1000000	17.8571,82.1429
D03	800001	1800000	36,64
D03	1600001	2600000	38.0952,61.9048
D03	2400001	3400000	37.931,62.069
D03	3200001	4200000	33.3333,66.6667
D03	4000001	5000000	28.5714,71.4286
D03	4800001	5800000	52.1739,47.8261
D03	5600001	6600000	50,50
D03	6400001	7400000	28,72
D03	7200001	8200000	61.1111,38.8889
D03	8000001	9000000	34.6154,65.3846
D03	8800001	9800000	38.8889,61.1111
D03	9600001	10600000	50,50
D03	10400001	11400000	57.1429,42.8571
D03	11200001	12200000	66.6667,33.3333
D03	12000001	13000000	46.6667,53.3333
D03	12800001	13800000	75,25
D03	13600001	14600000	57.1429,42.8571
D03	14400001	15400000	33.3333,66.6667
D03	15200001	16200000	60,40
D03	16000001	17000000	63.6364,36.3636
D03	16800001	17800000	0,100
D03	17600001	18600000	42.8571,57.1429
D03	18400001	19400000	64.2857,35.7143
D03	19200001	20200000	100,0
D03	20000001	21000000	62.5,37.5
D03	20800001	21800000	75,25
D03	21600001	22600000	60,40
D03	22400001	23400000	91.6667,8.33333
D03	23200001	24200000	90.9091,9.09091
D03	24000001	25000000	50,50
D03	24800001	25800000	43.75,56.25
D03	25600001	26600000	30.7692,69.2308
D03	26400001	27400000	41.1765,58.8235
D03	27200001	28200000	33.3333,66.6667
D03	28000001	29000000	55.5556,44.4444
D03	28800001	29800000	63.1579,36.8421
D03	29600001	30600000	64.2857,35.7143
D03	30400001	31400000	22.7273,77.2727
D03	31200001	32200000	36.8421,63.1579
D03	32000001	33000000	44.4444,55.5556
D03	32800001	33800000	35,65
D03	33600001	34600000	50,50
D03	34400001	35400000	37.5,62.5
D03	35200001	36200000	33.3333,66.6667
D03	36000001	37000000	62.963,37.037
D03	36800001	37800000	36,64
D03	37600001	38600000	35.7143,64.2857
D03	38400001	39400000	35,65
D03	39200001	40200000	26.6667,73.3333
D03	40000001	41000000	39.1304,60.8696
D03	40800001	41800000	32.3529,67.6471
D03	41600001	42600000	25.8065,74.1935
D03	42400001	43400000	27.7778,72.2222
D03	43200001	44200000	34.2105,65.7895
D03	44000001	45000000	50,50
D03	44800001	45800000	46.6667,53.3333
D03	45600001	46600000	45,55
D03	46400001	46690656	50,50
D04	1	1000000	25.5814,74.4186
D04	800001	1800000	43.3333,56.6667
D04	1600001	2600000	56.25,43.75
D04	2400001	3400000	53.8462,46.1538
D04	3200001	4200000	50,50
D04	4000001	5000000	21.7391,78.2609
D04	4800001	5800000	43.4783,56.5217
D04	5600001	6600000	45,55
D04	6400001	7400000	36,64
D04	7200001	8200000	35.2941,64.7059
D04	8000001	9000000	31.8182,68.1818
D04	8800001	9800000	55.5556,44.4444
D04	9600001	10600000	38.0952,61.9048
D04	10400001	11400000	13.6364,86.3636
D04	11200001	12200000	50,50
D04	12000001	13000000	63.6364,36.3636
D04	12800001	13800000	37.5,62.5
D04	13600001	14600000	63.1579,36.8421
D04	14400001	15400000	40,60
D04	15200001	16200000	44.4444,55.5556
D04	16000001	17000000	62.5,37.5
D04	16800001	17800000	36.3636,63.6364
D04	17600001	18600000	83.3333,16.6667
D04	18400001	19400000	100,0
D04	19200001	20200000	25,75
D04	20000001	21000000	70,30
D04	20800001	21800000	80,20
D04	21600001	22600000	50,50
D04	22400001	23400000	70,30
D04	23200001	24200000	68.1818,31.8182
D04	24000001	25000000	58.8235,41.1765
D04	24800001	25800000	54.5455,45.4545
D04	25600001	26600000	58.8235,41.1765
D04	26400001	27400000	50,50
D04	27200001	28200000	42.8571,57.1429
D04	28000001	29000000	61.1111,38.8889
D04	28800001	29800000	40,60
D04	29600001	30600000	45.4545,54.5455
D04	30400001	31400000	47.8261,52.1739
D04	31200001	32200000	45.4545,54.5455
D04	32000001	33000000	46.1538,53.8462
D04	32800001	33800000	61.1111,38.8889
D04	33600001	34600000	47.2222,52.7778
D04	34400001	35400000	58.8235,41.1765
D04	35200001	36200000	52.6316,47.3684
D04	36000001	37000000	51.2195,48.7805
D04	36800001	37800000	44.4444,55.5556
D04	37600001	38600000	61.5385,38.4615
D04	38400001	39400000	51.7241,48.2759
D04	39200001	40200000	40.5405,59.4595
D04	40000001	41000000	40.9091,59.0909
D04	40800001	41800000	45.8333,54.1667
D04	41600001	42600000	37.2093,62.7907
D04	42400001	43400000	44,56
D04	43200001	44200000	26.087,73.913
D04	44000001	45000000	35.2941,64.7059
D04	44800001	45800000	34.7826,65.2174
D04	45600001	46600000	58.8235,41.1765
D04	46400001	47400000	23.5294,76.4706
D04	47200001	48200000	46.4286,53.5714
D04	48000001	49000000	25,75
D04	48800001	49800000	62.5,37.5
D04	49600001	50600000	30.7692,69.2308
D04	50400001	51400000	26.6667,73.3333
D04	51200001	51454130	25,75
D05	1	1000000	15.1515,84.8485
D05	800001	1800000	50,50
D05	1600001	2600000	29.4118,70.5882
D05	2400001	3400000	50,50
D05	3200001	4200000	50,50
D05	4000001	5000000	50,50
D05	4800001	5800000	38.4615,61.5385
D05	5600001	6600000	57.1429,42.8571
D05	6400001	7400000	30,70
D05	7200001	8200000	30,70
D05	8000001	9000000	36.3636,63.6364
D05	8800001	9800000	29.4118,70.5882
D05	9600001	10600000	42.8571,57.1429
D05	10400001	11400000	18.1818,81.8182
D05	11200001	12200000	62.5,37.5
D05	12000001	13000000	16.6667,83.3333
D05	12800001	13800000	37.5,62.5
D05	13600001	14600000	31.5789,68.4211
D05	14400001	15400000	35.7143,64.2857
D05	15200001	16200000	19.0476,80.9524
D05	16000001	17000000	25,75
D05	16800001	17800000	54.5455,45.4545
D05	17600001	18600000	38.4615,61.5385
D05	18400001	19400000	50,50
D05	19200001	20200000	23.8095,76.1905
D05	20000001	21000000	27.2727,72.7273
D05	20800001	21800000	31.5789,68.4211
D05	21600001	22600000	17.6471,82.3529
D05	22400001	23400000	38.8889,61.1111
D05	23200001	24200000	66.6667,33.3333
D05	24000001	25000000	31.5789,68.4211
D05	24800001	25800000	40,60
D05	25600001	26600000	43.4783,56.5217
D05	26400001	27400000	45.8333,54.1667
D05	27200001	28200000	47.0588,52.9412
D05	28000001	29000000	27.2727,72.7273
D05	28800001	29800000	37.5,62.5
D05	29600001	30600000	55.5556,44.4444
D05	30400001	31400000	35.7143,64.2857
D05	31200001	32200000	31.25,68.75
D05	32000001	33000000	42.8571,57.1429
D05	32800001	33800000	37.5,62.5
D05	33600001	34600000	42.8571,57.1429
D05	34400001	35400000	37.5,62.5
D05	35200001	36200000	64.2857,35.7143
D05	36000001	37000000	64.7059,35.2941
D05	36800001	37800000	25,75
D05	37600001	38600000	66.6667,33.3333
D05	38400001	39400000	66.6667,33.3333
D05	39200001	40200000	42.8571,57.1429
D05	40000001	41000000	80,20
D05	40800001	41800000	55.5556,44.4444
D05	41600001	42600000	80,20
D05	42400001	43400000	57.1429,42.8571
D05	43200001	44200000	27.2727,72.7273
D05	44000001	45000000	64.2857,35.7143
D05	44800001	45800000	70,30
D05	45600001	46600000	75,25
D05	46400001	47400000	46.6667,53.3333
D05	47200001	48200000	41.6667,58.3333
D05	48000001	49000000	70,30
D05	48800001	49800000	50,50
D05	49600001	50600000	43.4783,56.5217
D05	50400001	51400000	35.7143,64.2857
D05	51200001	52200000	55.5556,44.4444
D05	52000001	53000000	36.3636,63.6364
D05	52800001	53800000	22.2222,77.7778
D05	53600001	54600000	16.6667,83.3333
D05	54400001	55400000	66.6667,33.3333
D05	55200001	56200000	11.1111,88.8889
D05	56000001	57000000	30.4348,69.5652
D05	56800001	57800000	41.6667,58.3333
D05	57600001	58600000	47.0588,52.9412
D05	58400001	59400000	50,50
D05	59200001	60200000	44.4444,55.5556
D05	60000001	61000000	58.3333,41.6667
D05	60800001	61800000	44.4444,55.5556
D05	61600001	61933047	58.3333,41.6667
D06	1	1000000	14.7541,85.2459
D06	800001	1800000	44.8276,55.1724
D06	1600001	2600000	48.4848,51.5152
D06	2400001	3400000	18.1818,81.8182
D06	3200001	4200000	21.0526,78.9474
D06	4000001	5000000	19.2308,80.7692
D06	4800001	5800000	26.6667,73.3333
D06	5600001	6600000	40,60
D06	6400001	7400000	38.0952,61.9048
D06	7200001	8200000	44.8276,55.1724
D06	8000001	9000000	55,45
D06	8800001	9800000	50,50
D06	9600001	10600000	46.6667,53.3333
D06	10400001	11400000	56.25,43.75
D06	11200001	12200000	40.7407,59.2593
D06	12000001	13000000	54.5455,45.4545
D06	12800001	13800000	78.5714,21.4286
D06	13600001	14600000	25,75
D06	14400001	15400000	43.75,56.25
D06	15200001	16200000	35.2941,64.7059
D06	16000001	17000000	38.8889,61.1111
D06	16800001	17800000	28.5714,71.4286
D06	17600001	18600000	52.9412,47.0588
D06	18400001	19400000	46.6667,53.3333
D06	19200001	20200000	81.8182,18.1818
D06	20000001	21000000	63.6364,36.3636
D06	20800001	21800000	53.3333,46.6667
D06	21600001	22600000	57.1429,42.8571
D06	22400001	23400000	68.4211,31.5789
D06	23200001	24200000	56.25,43.75
D06	24000001	25000000	36,64
D06	24800001	25800000	43.75,56.25
D06	25600001	26600000	50,50
D06	26400001	27400000	36.3636,63.6364
D06	27200001	28200000	50,50
D06	28000001	29000000	36.3636,63.6364
D06	28800001	29800000	58.3333,41.6667
D06	29600001	30600000	66.6667,33.3333
D06	30400001	31400000	72.7273,27.2727
D06	31200001	32200000	58.3333,41.6667
D06	32000001	33000000	33.3333,66.6667
D06	32800001	33800000	55.5556,44.4444
D06	33600001	34600000	71.4286,28.5714
D06	34400001	35400000	60,40
D06	35200001	36200000	77.7778,22.2222
D06	36000001	37000000	80,20
D06	36800001	37800000	71.4286,28.5714
D06	37600001	38600000	75,25
D06	38400001	39400000	66.6667,33.3333
D06	39200001	40200000	45,55
D06	40000001	41000000	54.5455,45.4545
D06	40800001	41800000	63.6364,36.3636
D06	41600001	42600000	72.7273,27.2727
D06	42400001	43400000	57.8947,42.1053
D06	43200001	44200000	80,20
D06	44000001	45000000	88.8889,11.1111
D06	44800001	45800000	38.4615,61.5385
D06	45600001	46600000	66.6667,33.3333
D06	46400001	47400000	60,40
D06	47200001	48200000	55,45
D06	48000001	49000000	46.6667,53.3333
D06	48800001	49800000	41.1765,58.8235
D06	49600001	50600000	57.1429,42.8571
D06	50400001	51400000	52.381,47.619
D06	51200001	52200000	61.9048,38.0952
D06	52000001	53000000	65,35
D06	52800001	53800000	50,50
D06	53600001	54600000	46.1538,53.8462
D06	54400001	55400000	63.1579,36.8421
D06	55200001	56200000	40,60
D06	56000001	57000000	31.5789,68.4211
D06	56800001	57800000	35.2941,64.7059
D06	57600001	58600000	45.4545,54.5455
D06	58400001	59400000	50,50
D06	59200001	60200000	41.6667,58.3333
D06	60000001	61000000	34.375,65.625
D06	60800001	61800000	14.2857,85.7143
D06	61600001	62600000	50,50
D06	62400001	63400000	45.4545,54.5455
D06	63200001	64200000	37.5,62.5
D06	64000001	64294643	33.3333,66.6667
D07	1	1000000	27.2727,72.7273
D07	800001	1800000	29.4118,70.5882
D07	1600001	2600000	50,50
D07	2400001	3400000	45.8333,54.1667
D07	3200001	4200000	23.5294,76.4706
D07	4000001	5000000	50,50
D07	4800001	5800000	27.5862,72.4138
D07	5600001	6600000	32.1429,67.8571
D07	6400001	7400000	26.087,73.913
D07	7200001	8200000	44.4444,55.5556
D07	8000001	9000000	24,76
D07	8800001	9800000	36.3636,63.6364
D07	9600001	10600000	21.2121,78.7879
D07	10400001	11400000	37.931,62.069
D07	11200001	12200000	41.3793,58.6207
D07	12000001	13000000	33.3333,66.6667
D07	12800001	13800000	45.8333,54.1667
D07	13600001	14600000	33.3333,66.6667
D07	14400001	15400000	35.2941,64.7059
D07	15200001	16200000	47.0588,52.9412
D07	16000001	17000000	53.125,46.875
D07	16800001	17800000	53.5714,46.4286
D07	17600001	18600000	45.4545,54.5455
D07	18400001	19400000	70.8333,29.1667
D07	19200001	20200000	56.5217,43.4783
D07	20000001	21000000	34.7826,65.2174
D07	20800001	21800000	24.1379,75.8621
D07	21600001	22600000	38.8889,61.1111
D07	22400001	23400000	35.2941,64.7059
D07	23200001	24200000	30.4348,69.5652
D07	24000001	25000000	30,70
D07	24800001	25800000	58.3333,41.6667
D07	25600001	26600000	47.8261,52.1739
D07	26400001	27400000	50,50
D07	27200001	28200000	57.1429,42.8571
D07	28000001	29000000	53.3333,46.6667
D07	28800001	29800000	60,40
D07	29600001	30600000	62.5,37.5
D07	30400001	31400000	41.6667,58.3333
D07	31200001	32200000	57.8947,42.1053
D07	32000001	33000000	71.4286,28.5714
D07	32800001	33800000	28.5714,71.4286
D07	33600001	34600000	30,70
D07	34400001	35400000	26.3158,73.6842
D07	35200001	36200000	25,75
D07	36000001	37000000	63.6364,36.3636
D07	36800001	37800000	33.3333,66.6667
D07	37600001	38600000	33.3333,66.6667
D07	38400001	39400000	62.5,37.5
D07	39200001	40200000	72.7273,27.2727
D07	40000001	41000000	27.2727,72.7273
D07	40800001	41800000	27.2727,72.7273
D07	41600001	42600000	60,40
D07	42400001	43400000	54.5455,45.4545
D07	43200001	44200000	45.4545,54.5455
D07	44000001	45000000	50,50
D07	44800001	45800000	43.75,56.25
D07	45600001	46600000	50,50
D07	46400001	47400000	50,50
D07	47200001	48200000	56.5217,43.4783
D07	48000001	49000000	55.5556,44.4444
D07	48800001	49800000	57.8947,42.1053
D07	49600001	50600000	35.7143,64.2857
D07	50400001	51400000	42.8571,57.1429
D07	51200001	52200000	58.8235,41.1765
D07	52000001	53000000	52.381,47.619
D07	52800001	53800000	40,60
D07	53600001	54600000	45.4545,54.5455
D07	54400001	55400000	47.8261,52.1739
D07	55200001	55312611	100,0
D08	1	1000000	22,78
D08	800001	1800000	28.5714,71.4286
D08	1600001	2600000	35.2941,64.7059
D08	2400001	3400000	32.1429,67.8571
D08	3200001	4200000	20.5882,79.4118
D08	4000001	5000000	30.303,69.697
D08	4800001	5800000	33.3333,66.6667
D08	5600001	6600000	34.375,65.625
D08	6400001	7400000	32.4324,67.5676
D08	7200001	8200000	47.0588,52.9412
D08	8000001	9000000	66.6667,33.3333
D08	8800001	9800000	34.7826,65.2174
D08	9600001	10600000	58.3333,41.6667
D08	10400001	11400000	46.6667,53.3333
D08	11200001	12200000	50,50
D08	12000001	13000000	61.2903,38.7097
D08	12800001	13800000	61.1111,38.8889
D08	13600001	14600000	64.7059,35.2941
D08	14400001	15400000	31.25,68.75
D08	15200001	16200000	58.3333,41.6667
D08	16000001	17000000	38.0952,61.9048
D08	16800001	17800000	75,25
D08	17600001	18600000	50,50
D08	18400001	19400000	85.7143,14.2857
D08	19200001	20200000	64.2857,35.7143
D08	20000001	21000000	100,0
D08	20800001	21800000	63.6364,36.3636
D08	21600001	22600000	100,0
D08	22400001	23400000	42.8571,57.1429
D08	23200001	24200000	47.3684,52.6316
D08	24000001	25000000	61.5385,38.4615
D08	24800001	25800000	63.6364,36.3636
D08	25600001	26600000	57.1429,42.8571
D08	26400001	27400000	77.7778,22.2222
D08	27200001	28200000	60,40
D08	28000001	29000000	75,25
D08	28800001	29800000	80,20
D08	29600001	30600000	50,50
D08	30400001	31400000	77.7778,22.2222
D08	31200001	32200000	54.5455,45.4545
D08	32000001	33000000	50,50
D08	32800001	33800000	50,50
D08	33600001	34600000	60,40
D08	34400001	35400000	40,60
D08	35200001	36200000	55.5556,44.4444
D08	36000001	37000000	64.2857,35.7143
D08	36800001	37800000	50,50
D08	37600001	38600000	54.5455,45.4545
D08	38400001	39400000	61.5385,38.4615
D08	39200001	40200000	34.6154,65.3846
D08	40000001	41000000	69.2308,30.7692
D08	40800001	41800000	50,50
D08	41600001	42600000	42.8571,57.1429
D08	42400001	43400000	51.8519,48.1481
D08	43200001	44200000	70,30
D08	44000001	45000000	38.8889,61.1111
D08	44800001	45800000	56.25,43.75
D08	45600001	46600000	38.4615,61.5385
D08	46400001	47400000	63.6364,36.3636
D08	47200001	48200000	28.5714,71.4286
D08	48000001	49000000	50,50
D08	48800001	49800000	37.931,62.069
D08	49600001	50600000	33.3333,66.6667
D08	50400001	51400000	35,65
D08	51200001	52200000	35.7143,64.2857
D08	52000001	53000000	31.25,68.75
D08	52800001	53800000	30,70
D08	53600001	54600000	30,70
D08	54400001	55400000	35.2941,64.7059
D08	55200001	56200000	44,56
D08	56000001	57000000	47.3684,52.6316
D08	56800001	57800000	50,50
D08	57600001	58600000	40,60
D08	58400001	59400000	33.3333,66.6667
D08	59200001	60200000	33.3333,66.6667
D08	60000001	61000000	42.1053,57.8947
D08	60800001	61800000	35.2941,64.7059
D08	61600001	62600000	21.6216,78.3784
D08	62400001	63400000	17.6471,82.3529
D08	63200001	64200000	9.09091,90.9091
D08	64000001	65000000	45,55
D08	64800001	65800000	35.2941,64.7059
D08	65600001	65894135	100,0
D09	1	1000000	20,80
D09	800001	1800000	36.8421,63.1579
D09	1600001	2600000	55.5556,44.4444
D09	2400001	3400000	29.4118,70.5882
D09	3200001	4200000	37.5,62.5
D09	4000001	5000000	62.5,37.5
D09	4800001	5800000	41.6667,58.3333
D09	5600001	6600000	50,50
D09	6400001	7400000	38.0952,61.9048
D09	7200001	8200000	27.2727,72.7273
D09	8000001	9000000	54.5455,45.4545
D09	8800001	9800000	14.2857,85.7143
D09	9600001	10600000	76.9231,23.0769
D09	10400001	11400000	44.4444,55.5556
D09	11200001	12200000	38.0952,61.9048
D09	12000001	13000000	44.4444,55.5556
D09	12800001	13800000	60,40
D09	13600001	14600000	46.1538,53.8462
D09	14400001	15400000	56.25,43.75
D09	15200001	16200000	33.3333,66.6667
D09	16000001	17000000	57.1429,42.8571
D09	16800001	17800000	41.6667,58.3333
D09	17600001	18600000	50,50
D09	18400001	19400000	83.3333,16.6667
D09	19200001	20200000	80,20
D09	20000001	21000000	0,100
D09	20800001	21800000	75,25
D09	21600001	22600000	80,20
D09	22400001	23400000	52.381,47.619
D09	23200001	24200000	71.4286,28.5714
D09	24000001	25000000	41.1765,58.8235
D09	24800001	25800000	38.8889,61.1111
D09	25600001	26600000	58.3333,41.6667
D09	26400001	27400000	45,55
D09	27200001	28200000	38.8889,61.1111
D09	28000001	29000000	39.1304,60.8696
D09	28800001	29800000	39.1304,60.8696
D09	29600001	30600000	41.6667,58.3333
D09	30400001	31400000	43.75,56.25
D09	31200001	32200000	38.2353,61.7647
D09	32000001	33000000	37.5,62.5
D09	32800001	33800000	26.3158,73.6842
D09	33600001	34600000	41.6667,58.3333
D09	34400001	35400000	20.8333,79.1667
D09	35200001	36200000	22.2222,77.7778
D09	36000001	37000000	41.6667,58.3333
D09	36800001	37800000	47.3684,52.6316
D09	37600001	38600000	52.381,47.619
D09	38400001	39400000	38.8889,61.1111
D09	39200001	40200000	46.6667,53.3333
D09	40000001	41000000	61.1111,38.8889
D09	40800001	41800000	45.4545,54.5455
D09	41600001	42600000	33.3333,66.6667
D09	42400001	43400000	32,68
D09	43200001	44200000	62.5,37.5
D09	44000001	45000000	50,50
D09	44800001	45800000	46.6667,53.3333
D09	45600001	46600000	23.5294,76.4706
D09	46400001	47400000	9.52381,90.4762
D09	47200001	48200000	60,40
D09	48000001	49000000	38.8889,61.1111
D09	48800001	49800000	66.6667,33.3333
D09	49600001	50600000	31.25,68.75
D09	50400001	50995436	25,75
D10	1	1000000	5.55556,94.4444
D10	800001	1800000	50,50
D10	1600001	2600000	32,68
D10	2400001	3400000	47.0588,52.9412
D10	3200001	4200000	31.0345,68.9655
D10	4000001	5000000	41.1765,58.8235
D10	4800001	5800000	33.3333,66.6667
D10	5600001	6600000	40.7407,59.2593
D10	6400001	7400000	52.381,47.619
D10	7200001	8200000	36.8421,63.1579
D10	8000001	9000000	66.6667,33.3333
D10	8800001	9800000	55.5556,44.4444
D10	9600001	10600000	42.1053,57.8947
D10	10400001	11400000	48,52
D10	11200001	12200000	33.3333,66.6667
D10	12000001	13000000	35,65
D10	12800001	13800000	32.1429,67.8571
D10	13600001	14600000	75,25
D10	14400001	15400000	59.0909,40.9091
D10	15200001	16200000	50,50
D10	16000001	17000000	45.4545,54.5455
D10	16800001	17800000	53.8462,46.1538
D10	17600001	18600000	40,60
D10	18400001	19400000	51.7241,48.2759
D10	19200001	20200000	57.1429,42.8571
D10	20000001	21000000	36.8421,63.1579
D10	20800001	21800000	35.7143,64.2857
D10	21600001	22600000	71.4286,28.5714
D10	22400001	23400000	42.1053,57.8947
D10	23200001	24200000	44.4444,55.5556
D10	24000001	25000000	47.619,52.381
D10	24800001	25800000	50,50
D10	25600001	26600000	47.8261,52.1739
D10	26400001	27400000	38.8889,61.1111
D10	27200001	28200000	64.2857,35.7143
D10	28000001	29000000	57.6923,42.3077
D10	28800001	29800000	66.6667,33.3333
D10	29600001	30600000	50,50
D10	30400001	31400000	57.8947,42.1053
D10	31200001	32200000	64.7059,35.2941
D10	32000001	33000000	75,25
D10	32800001	33800000	62.5,37.5
D10	33600001	34600000	22.2222,77.7778
D10	34400001	35400000	44.4444,55.5556
D10	35200001	36200000	38.4615,61.5385
D10	36000001	37000000	56.25,43.75
D10	36800001	37800000	44.4444,55.5556
D10	37600001	38600000	50,50
D10	38400001	39400000	53.8462,46.1538
D10	39200001	40200000	62.5,37.5
D10	40000001	41000000	41.6667,58.3333
D10	40800001	41800000	58.3333,41.6667
D10	41600001	42600000	81.8182,18.1818
D10	42400001	43400000	66.6667,33.3333
D10	43200001	44200000	36.8421,63.1579
D10	44000001	45000000	45.4545,54.5455
D10	44800001	45800000	42.8571,57.1429
D10	45600001	46600000	50,50
D10	46400001	47400000	54.1667,45.8333
D10	47200001	48200000	45.4545,54.5455
D10	48000001	49000000	50,50
D10	48800001	49800000	55.5556,44.4444
D10	49600001	50600000	42.8571,57.1429
D10	50400001	51400000	29.4118,70.5882
D10	51200001	52200000	40,60
D10	52000001	53000000	37.931,62.069
D10	52800001	53800000	42.3077,57.6923
D10	53600001	54600000	40,60
D10	54400001	55400000	55.5556,44.4444
D10	55200001	56200000	40,60
D10	56000001	57000000	40.9091,59.0909
D10	56800001	57800000	45.4545,54.5455
D10	57600001	58600000	44.8276,55.1724
D10	58400001	59400000	35,65
D10	59200001	60200000	66.6667,33.3333
D10	60000001	61000000	63.6364,36.3636
D10	60800001	61800000	38.7097,61.2903
D10	61600001	62600000	54.5455,45.4545
D10	62400001	63400000	38.4615,61.5385
D10	63200001	63374666	0,100
D11	1	1000000	19.0476,80.9524
D11	800001	1800000	41.1765,58.8235
D11	1600001	2600000	25,75
D11	2400001	3400000	40,60
D11	3200001	4200000	36.3636,63.6364
D11	4000001	5000000	36.8421,63.1579
D11	4800001	5800000	24,76
D11	5600001	6600000	36,64
D11	6400001	7400000	43.75,56.25
D11	7200001	8200000	26.087,73.913
D11	8000001	9000000	40,60
D11	8800001	9800000	47.619,52.381
D11	9600001	10600000	72.7273,27.2727
D11	10400001	11400000	45.8333,54.1667
D11	11200001	12200000	41.1765,58.8235
D11	12000001	13000000	37.5,62.5
D11	12800001	13800000	50,50
D11	13600001	14600000	33.3333,66.6667
D11	14400001	15400000	26.087,73.913
D11	15200001	16200000	33.3333,66.6667
D11	16000001	17000000	33.3333,66.6667
D11	16800001	17800000	41.6667,58.3333
D11	17600001	18600000	36.8421,63.1579
D11	18400001	19400000	34.7826,65.2174
D11	19200001	20200000	52.381,47.619
D11	20000001	21000000	25,75
D11	20800001	21800000	44,56
D11	21600001	22600000	46.1538,53.8462
D11	22400001	23400000	50,50
D11	23200001	24200000	34.7826,65.2174
D11	24000001	25000000	34.6154,65.3846
D11	24800001	25800000	57.1429,42.8571
D11	25600001	26600000	48,52
D11	26400001	27400000	50,50
D11	27200001	28200000	44.4444,55.5556
D11	28000001	29000000	39.1304,60.8696
D11	28800001	29800000	45,55
D11	29600001	30600000	28.5714,71.4286
D11	30400001	31400000	32,68
D11	31200001	32200000	63.1579,36.8421
D11	32000001	33000000	61.9048,38.0952
D11	32800001	33800000	52.6316,47.3684
D11	33600001	34600000	47.0588,52.9412
D11	34400001	35400000	71.4286,28.5714
D11	35200001	36200000	66.6667,33.3333
D11	36000001	37000000	66.6667,33.3333
D11	36800001	37800000	31.5789,68.4211
D11	37600001	38600000	40,60
D11	38400001	39400000	46.1538,53.8462
D11	39200001	40200000	77.7778,22.2222
D11	40000001	41000000	28.5714,71.4286
D11	40800001	41800000	27.2727,72.7273
D11	41600001	42600000	58.3333,41.6667
D11	42400001	43400000	63.1579,36.8421
D11	43200001	44200000	37.5,62.5
D11	44000001	45000000	26.6667,73.3333
D11	44800001	45800000	42.8571,57.1429
D11	45600001	46600000	53.3333,46.6667
D11	46400001	47400000	52.6316,47.3684
D11	47200001	48200000	35.7143,64.2857
D11	48000001	49000000	41.6667,58.3333
D11	48800001	49800000	62.5,37.5
D11	49600001	50600000	20,80
D11	50400001	51400000	52.381,47.619
D11	51200001	52200000	71.4286,28.5714
D11	52000001	53000000	60,40
D11	52800001	53800000	26.087,73.913
D11	53600001	54600000	50,50
D11	54400001	55400000	57.8947,42.1053
D11	55200001	56200000	44.8276,55.1724
D11	56000001	57000000	37.8378,62.1622
D11	56800001	57800000	35,65
D11	57600001	58600000	34.7826,65.2174
D11	58400001	59400000	52.1739,47.8261
D11	59200001	60200000	50,50
D11	60000001	61000000	46.6667,53.3333
D11	60800001	61800000	35,65
D11	61600001	62600000	50,50
D11	62400001	63400000	41.6667,58.3333
D11	63200001	64200000	64.2857,35.7143
D11	64000001	65000000	30.7692,69.2308
D11	64800001	65800000	43.75,56.25
D11	65600001	66087774	33.3333,66.6667
D12	1	1000000	11.7647,88.2353
D12	800001	1800000	39.1304,60.8696
D12	1600001	2600000	50,50
D12	2400001	3400000	50,50
D12	3200001	4200000	37.5,62.5
D12	4000001	5000000	41.6667,58.3333
D12	4800001	5800000	42.8571,57.1429
D12	5600001	6600000	50,50
D12	6400001	7400000	38.8889,61.1111
D12	7200001	8200000	52.9412,47.0588
D12	8000001	9000000	43.75,56.25
D12	8800001	9800000	37.037,62.963
D12	9600001	10600000	36.3636,63.6364
D12	10400001	11400000	66.6667,33.3333
D12	11200001	12200000	47.0588,52.9412
D12	12000001	13000000	58.8235,41.1765
D12	12800001	13800000	53.8462,46.1538
D12	13600001	14600000	40,60
D12	14400001	15400000	57.1429,42.8571
D12	15200001	16200000	58.3333,41.6667
D12	16000001	17000000	42.8571,57.1429
D12	16800001	17800000	55.5556,44.4444
D12	17600001	18600000	46.4286,53.5714
D12	18400001	19400000	46.1538,53.8462
D12	19200001	20200000	42.8571,57.1429
D12	20000001	21000000	55.5556,44.4444
D12	20800001	21800000	36.3636,63.6364
D12	21600001	22600000	66.6667,33.3333
D12	22400001	23400000	62.5,37.5
D12	23200001	24200000	25,75
D12	24000001	25000000	72.7273,27.2727
D12	24800001	25800000	54.5455,45.4545
D12	25600001	26600000	30,70
D12	26400001	27400000	30,70
D12	27200001	28200000	33.3333,66.6667
D12	28000001	29000000	30.7692,69.2308
D12	28800001	29800000	82.3529,17.6471
D12	29600001	30600000	55.5556,44.4444
D12	30400001	31400000	41.6667,58.3333
D12	31200001	32200000	33.3333,66.6667
D12	32000001	33000000	63.6364,36.3636
D12	32800001	33800000	63.6364,36.3636
D12	33600001	34600000	20,80
D12	34400001	35400000	31.8182,68.1818
D12	35200001	36200000	14.8148,85.1852
D12	36000001	37000000	33.3333,66.6667
D12	36800001	37800000	27.5862,72.4138
D12	37600001	38600000	34.6154,65.3846
D12	38400001	39400000	31.4286,68.5714
D12	39200001	40200000	16.6667,83.3333
D12	40000001	41000000	39.2857,60.7143
D12	40800001	41800000	37.1429,62.8571
D12	41600001	42600000	41.9355,58.0645
D12	42400001	43400000	40,60
D12	43200001	44200000	44.4444,55.5556
D12	44000001	45000000	52.9412,47.0588
D12	44800001	45800000	29.6296,70.3704
D12	45600001	46600000	25,75
D12	46400001	47400000	52.9412,47.0588
D12	47200001	48200000	38.4615,61.5385
D12	48000001	49000000	19.2308,80.7692
D12	48800001	49800000	26.6667,73.3333
D12	49600001	50600000	30.7692,69.2308
D12	50400001	51400000	40,60
D12	51200001	52200000	55,45
D12	52000001	53000000	70.5882,29.4118
D12	52800001	53800000	55.5556,44.4444
D12	53600001	54600000	29.4118,70.5882
D12	54400001	55400000	30.7692,69.2308
D12	55200001	56200000	25,75
D12	56000001	57000000	32.1429,67.8571
D12	56800001	57800000	40,60
D12	57600001	58600000	41.3793,58.6207
D12	58400001	59109837	20,80
D13	1	1000000	25,75
D13	800001	1800000	41.3793,58.6207
D13	1600001	2600000	50,50
D13	2400001	3400000	44.8276,55.1724
D13	3200001	4200000	36,64
D13	4000001	5000000	33.3333,66.6667
D13	4800001	5800000	45.4545,54.5455
D13	5600001	6600000	50,50
D13	6400001	7400000	57.8947,42.1053
D13	7200001	8200000	42.8571,57.1429
D13	8000001	9000000	50,50
D13	8800001	9800000	33.3333,66.6667
D13	9600001	10600000	47.3684,52.6316
D13	10400001	11400000	42.8571,57.1429
D13	11200001	12200000	61.1111,38.8889
D13	12000001	13000000	47.3684,52.6316
D13	12800001	13800000	40.9091,59.0909
D13	13600001	14600000	65.3846,34.6154
D13	14400001	15400000	57.8947,42.1053
D13	15200001	16200000	61.9048,38.0952
D13	16000001	17000000	40,60
D13	16800001	17800000	100,0
D13	17600001	18600000	33.3333,66.6667
D13	18400001	19400000	55.5556,44.4444
D13	19200001	20200000	46.1538,53.8462
D13	20000001	21000000	33.3333,66.6667
D13	20800001	21800000	61.5385,38.4615
D13	21600001	22600000	61.5385,38.4615
D13	22400001	23400000	70,30
D13	23200001	24200000	80,20
D13	24000001	25000000	60,40
D13	24800001	25800000	75,25
D13	25600001	26600000	100,0
D13	26400001	27400000	63.6364,36.3636
D13	27200001	28200000	57.1429,42.8571
D13	28000001	29000000	100,0
D13	28800001	29800000	28.5714,71.4286
D13	29600001	30600000	42.8571,57.1429
D13	30400001	31400000	46.6667,53.3333
D13	31200001	32200000	66.6667,33.3333
D13	32000001	33000000	60,40
D13	32800001	33800000	53.3333,46.6667
D13	33600001	34600000	76.4706,23.5294
D13	34400001	35400000	54.1667,45.8333
D13	35200001	36200000	36.8421,63.1579
D13	36000001	37000000	41.1765,58.8235
D13	36800001	37800000	69.2308,30.7692
D13	37600001	38600000	38.4615,61.5385
D13	38400001	39400000	47.0588,52.9412
D13	39200001	40200000	50,50
D13	40000001	41000000	45.4545,54.5455
D13	40800001	41800000	57.1429,42.8571
D13	41600001	42600000	47.8261,52.1739
D13	42400001	43400000	31.25,68.75
D13	43200001	44200000	53.8462,46.1538
D13	44000001	45000000	55.5556,44.4444
D13	44800001	45800000	34.4828,65.5172
D13	45600001	46600000	31.5789,68.4211
D13	46400001	47400000	47.619,52.381
D13	47200001	48200000	26.6667,73.3333
D13	48000001	49000000	28.5714,71.4286
D13	48800001	49800000	30,70
D13	49600001	50600000	40.9091,59.0909
D13	50400001	51400000	58.8235,41.1765
D13	51200001	52200000	50,50
D13	52000001	53000000	48.1481,51.8519
D13	52800001	53800000	31.5789,68.4211
D13	53600001	54600000	41.6667,58.3333
D13	54400001	55400000	21.875,78.125
D13	55200001	56200000	33.3333,66.6667
D13	56000001	57000000	39.1304,60.8696
D13	56800001	57800000	66.6667,33.3333
D13	57600001	58600000	27.7778,72.2222
D13	58400001	59400000	23.8095,76.1905
D13	59200001	60200000	20.8333,79.1667
D13	60000001	60534298	23.0769,76.9231
