A01	7200001	8200000	0,100
A01	12000001	13000000	0,100
A01	21600001	22600000	0,100
A01	29600001	30600000	0,100
A01	33600001	34600000	0,100
A01	38400001	39400000	0,100
A01	45600001	46600000	0,100
A01	46400001	47400000	0,100
A01	47200001	48200000	0,100
A01	48000001	49000000	0,100
A01	57600001	58600000	0,100
A01	58400001	59400000	0,100
A01	67200001	68200000	0,100
A01	68000001	69000000	0,100
A01	68800001	69800000	0,100
A01	73600001	74600000	0,100
A01	74400001	75400000	0,100
A01	78400001	79400000	0,100
A01	89600001	90600000	0,100
A01	93600001	94600000	0,100
A02	1600001	2600000	0,100
A02	2400001	3400000	0,100
A02	3200001	4200000	0,100
A02	10400001	11400000	0,100
A02	11200001	12200000	0,100
A02	14400001	15400000	0,100
A02	15200001	16200000	0,100
A02	16800001	17800000	0,100
A02	17600001	18600000	0,100
A02	20800001	21800000	0,100
A02	25600001	26600000	0,100
A02	34400001	35400000	0,100
A02	49600001	50600000	0,100
A02	50400001	51400000	0,100
A02	57600001	58600000	0,100
A02	61600001	62600000	0,100
A02	62400001	63400000	0,100
A02	76000001	77000000	0,100
A02	76800001	77800000	50,50
A02	77600001	78600000	100,0
A02	79200001	80200000	0,100
A03	1	1000000	100,0
A03	4000001	5000000	0,100
A03	11200001	12200000	0,100
A03	17600001	18600000	0,100
A03	18400001	19400000	0,100
A03	22400001	23400000	0,100
A03	28800001	29800000	0,100
A03	29600001	30600000	0,100
A03	30400001	31400000	0,100
A03	40000001	41000000	0,100
A03	44800001	45800000	0,100
A03	48800001	49800000	0,100
A03	52800001	53800000	0,100
A03	60000001	61000000	0,100
A03	60800001	61800000	0,100
A03	61600001	62600000	0,100
A03	64800001	65800000	0,100
A03	68800001	69800000	0,100
A03	70400001	71400000	0,100
A03	71200001	72200000	0,100
A03	72000001	73000000	0,100
A03	72800001	73800000	0,100
A03	74400001	75400000	0,100
A03	75200001	76200000	0,100
A03	76800001	77800000	0,100
A03	83200001	84200000	0,100
A03	90400001	91400000	0,100
A03	91200001	92200000	0,100
A03	92800001	93800000	0,100
A04	4800001	5800000	0,100
A04	6400001	7400000	0,100
A04	7200001	8200000	0,100
A04	12000001	13000000	0,100
A04	16000001	17000000	0,100
A04	17600001	18600000	0,100
A04	21600001	22600000	0,100
A04	22400001	23400000	0,100
A04	29600001	30600000	0,100
A04	30400001	31400000	0,100
A04	31200001	32200000	0,100
A04	32000001	33000000	0,100
A04	36000001	37000000	0,100
A04	39200001	40200000	0,100
A04	40800001	41800000	0,100
A04	47200001	48200000	0,100
A04	53600001	54600000	0,100
A04	57600001	58600000	0,100
A04	59200001	60200000	0,100
A04	60000001	61000000	0,100
A04	60800001	61800000	0,100
A04	61600001	62600000	0,100
A05	7200001	8200000	0,100
A05	11200001	12200000	0,100
A05	12000001	13000000	0,100
A05	27200001	28200000	0,100
A05	28000001	29000000	0,100
A05	29600001	30600000	0,100
A05	32800001	33800000	0,100
A05	51200001	52200000	0,100
A05	52000001	53000000	0,100
A05	55200001	56200000	0,100
A05	56000001	57000000	0,100
A05	58400001	59400000	0,100
A05	59200001	60200000	0,100
A05	60000001	61000000	0,100
A05	66400001	67400000	0,100
A05	67200001	68200000	0,100
A05	68000001	69000000	0,100
A05	82400001	83400000	0,100
A05	83200001	84200000	0,100
A05	84000001	85000000	0,100
A05	85600001	86600000	0,100
A05	86400001	87400000	0,100
A05	88000001	89000000	0,100
A06	4800001	5800000	0,100
A06	5600001	6600000	0,100
A06	6400001	7400000	0,100
A06	15200001	16200000	0,100
A06	16000001	17000000	0,100
A06	16800001	17800000	0,100
A06	28000001	29000000	0,100
A06	28800001	29800000	0,100
A06	29600001	30600000	100,0
A06	33600001	34600000	0,100
A06	39200001	40200000	0,100
A06	42400001	43400000	0,100
A06	56800001	57800000	0,100
A06	60800001	61800000	0,100
A06	64000001	65000000	0,100
A06	68000001	69000000	0,100
A06	69600001	70600000	0,100
A06	76800001	77800000	0,100
A06	80800001	81800000	0,100
A06	84000001	85000000	0,100
A06	84800001	85800000	0,100
A06	88000001	89000000	0,100
A06	92000001	93000000	0,100
A07	9600001	10600000	0,100
A07	10400001	11400000	0,100
A07	11200001	12200000	0,100
A07	12000001	13000000	0,100
A07	12800001	13800000	0,100
A07	18400001	19400000	0,100
A07	19200001	20200000	0,100
A07	21600001	22600000	0,100
A07	22400001	23400000	0,100
A07	31200001	32200000	0,100
A07	32000001	33000000	0,100
A07	37600001	38600000	0,100
A07	40800001	41800000	0,100
A07	41600001	42600000	0,100
A07	44000001	45000000	0,100
A07	44800001	45800000	0,100
A07	45600001	46600000	0,100
A07	52000001	53000000	0,100
A07	60800001	61800000	0,100
A07	61600001	62600000	0,100
A07	64800001	65800000	0,100
A08	11200001	12200000	0,100
A08	12800001	13800000	0,100
A08	26400001	27400000	0,100
A08	27200001	28200000	0,100
A08	32000001	33000000	0,100
A08	32800001	33800000	0,100
A08	42400001	43400000	0,100
A08	46400001	47400000	0,100
A08	48800001	49800000	0,100
A08	56800001	57800000	0,100
A08	64800001	65800000	0,100
A08	66400001	67400000	0,100
A08	68000001	69000000	0,100
A08	68800001	69800000	0,100
A08	70400001	71400000	0,100
A08	76800001	77800000	0,100
A08	77600001	78600000	0,100
A08	78400001	79400000	0,100
A08	79200001	80200000	0,100
A08	80800001	81800000	0,100
A08	84000001	85000000	0,100
A08	85600001	86600000	0,100
A08	87200001	88200000	0,100
A08	90400001	91400000	0,100
A08	92800001	93800000	0,100
A08	96000001	97000000	0,100
A08	96800001	97800000	0,100
A08	97600001	98600000	0,100
A09	23200001	24200000	0,100
A09	24000001	25000000	0,100
A09	27200001	28200000	0,100
A09	28800001	29800000	0,100
A09	33600001	34600000	0,100
A09	34400001	35400000	0,100
A09	48800001	49800000	0,100
A09	50400001	51400000	0,100
A09	51200001	52200000	0,100
A09	52800001	53800000	0,100
A09	53600001	54600000	0,100
A09	64000001	65000000	0,100
A09	65600001	66600000	0,100
A09	72800001	73800000	0,100
A09	73600001	74600000	0,100
A10	7200001	8200000	0,100
A10	8000001	9000000	0,100
A10	9600001	10600000	0,100
A10	14400001	15400000	0,100
A10	18400001	19400000	0,100
A10	19200001	20200000	0,100
A10	25600001	26600000	0,100
A10	26400001	27400000	0,100
A10	27200001	28200000	0,100
A10	37600001	38600000	0,100
A10	41600001	42600000	0,100
A10	44000001	45000000	0,100
A10	47200001	48200000	0,100
A10	48000001	49000000	0,100
A10	48800001	49800000	0,100
A10	58400001	59400000	0,100
A10	60000001	61000000	0,100
A10	60800001	61800000	0,100
A10	88800001	89800000	0,100
A10	89600001	90600000	0,100
A10	92000001	93000000	0,100
A11	1600001	2600000	0,100
A11	5600001	6600000	0,100
A11	6400001	7400000	0,100
A11	18400001	19400000	0,100
A11	24800001	25800000	0,100
A11	25600001	26600000	0,100
A11	32000001	33000000	0,100
A11	32800001	33800000	0,100
A11	39200001	40200000	0,100
A11	40800001	41800000	0,100
A11	42400001	43400000	0,100
A11	43200001	44200000	0,100
A11	44000001	45000000	0,100
A11	45600001	46600000	0,100
A11	46400001	47400000	0,100
A11	47200001	48200000	0,100
A11	51200001	52200000	0,100
A11	52000001	53000000	0,100
A11	56800001	57800000	0,100
A11	58400001	59400000	0,100
A11	60000001	61000000	0,100
A11	60800001	61800000	0,100
A11	62400001	63400000	0,100
A11	63200001	64200000	0,100
A11	68800001	69800000	0,100
A11	72800001	73800000	0,100
A11	76800001	77800000	0,100
A11	82400001	83400000	0,100
A11	86400001	87400000	0,100
A12	2400001	3400000	0,100
A12	3200001	4200000	0,100
A12	5600001	6600000	0,100
A12	6400001	7400000	0,100
A12	12800001	13800000	0,100
A12	18400001	19400000	0,100
A12	21600001	22600000	0,100
A12	26400001	27400000	0,100
A12	28800001	29800000	0,100
A12	34400001	35400000	0,100
A12	36000001	37000000	0,100
A12	37600001	38600000	0,100
A12	38400001	39400000	0,100
A12	39200001	40200000	0,100
A12	42400001	43400000	0,100
A12	44000001	45000000	0,100
A12	45600001	46600000	0,100
A12	52800001	53800000	0,100
A12	60800001	61800000	0,100
A12	62400001	63400000	0,100
A12	63200001	64200000	0,100
A12	66400001	67400000	0,100
A12	77600001	78600000	0,100
A12	80000001	81000000	0,100
A12	81600001	82600000	0,100
A13	1	1000000	0,100
A13	4000001	5000000	0,100
A13	4800001	5800000	0,100
A13	8800001	9800000	0,100
A13	17600001	18600000	0,100
A13	18400001	19400000	0,100
A13	19200001	20200000	0,100
A13	23200001	24200000	0,100
A13	35200001	36200000	0,100
A13	36000001	37000000	0,100
A13	40800001	41800000	0,100
A13	47200001	48200000	0,100
A13	52800001	53800000	0,100
A13	72000001	73000000	0,100
A13	72800001	73800000	0,100
A13	73600001	74600000	0,100
A13	74400001	75400000	0,100
D01	5600001	6600000	0,100
D01	6400001	7400000	0,100
D01	14400001	15400000	0,100
D01	23200001	24200000	0,100
D01	24000001	25000000	0,100
D01	25600001	26600000	0,100
D01	30400001	31400000	0,100
D01	31200001	32200000	0,100
D01	40800001	41800000	0,100
D01	45600001	46600000	0,100
D01	46400001	47400000	0,100
D01	58400001	59400000	0,100
D02	3200001	4200000	0,100
D02	14400001	15400000	0,100
D02	34400001	35400000	0,100
D02	40800001	41800000	0,100
D02	41600001	42600000	0,100
D02	44800001	45800000	0,100
D02	45600001	46600000	0,100
D02	52800001	53800000	0,100
D02	58400001	59400000	0,100
D02	61600001	62600000	0,100
D02	62400001	63400000	0,100
D03	1600001	2600000	0,100
D03	2400001	3400000	0,100
D03	3200001	4200000	0,100
D03	5600001	6600000	0,100
D03	6400001	7400000	0,100
D03	7200001	8200000	0,100
D03	8000001	9000000	0,100
D03	14400001	15400000	0,100
D03	24800001	25800000	0,100
D03	25600001	26600000	0,100
D03	32000001	33000000	0,100
D03	35200001	36200000	50,50
D03	36000001	37000000	0,100
D03	36800001	37800000	0,100
D03	40000001	41000000	0,100
D04	3200001	4200000	0,100
D04	23200001	24200000	0,100
D04	24000001	25000000	0,100
D04	24800001	25800000	0,100
D04	25600001	26600000	0,100
D04	27200001	28200000	0,100
D04	28000001	29000000	0,100
D04	34400001	35400000	0,100
D04	35200001	36200000	0,100
D04	36800001	37800000	0,100
D04	43200001	44200000	0,100
D04	46400001	47400000	0,100
D04	47200001	48200000	0,100
D05	6400001	7400000	0,100
D05	7200001	8200000	0,100
D05	17600001	18600000	0,100
D05	18400001	19400000	0,100
D05	20000001	21000000	100,0
D05	26400001	27400000	0,100
D05	27200001	28200000	0,100
D05	28800001	29800000	0,100
D05	29600001	30600000	0,100
D05	35200001	36200000	0,100
D05	36000001	37000000	0,100
D05	41600001	42600000	0,100
D05	52000001	53000000	0,100
D05	52800001	53800000	0,100
D05	53600001	54600000	0,100
D05	58400001	59400000	0,100
D05	60800001	61800000	0,100
D05	61600001	61933047	0,100
D06	1	1000000	0,100
D06	800001	1800000	0,100
D06	1600001	2600000	0,100
D06	3200001	4200000	0,100
D06	4000001	5000000	0,100
D06	6400001	7400000	0,100
D06	7200001	8200000	0,100
D06	10400001	11400000	0,100
D06	11200001	12200000	0,100
D06	12000001	13000000	0,100
D06	15200001	16200000	0,100
D06	18400001	19400000	0,100
D06	19200001	20200000	0,100
D06	20000001	21000000	0,100
D06	26400001	27400000	0,100
D06	28000001	29000000	0,100
D06	28800001	29800000	0,100
D06	58400001	59400000	0,100
D07	1600001	2600000	0,100
D07	2400001	3400000	0,100
D07	22400001	23400000	0,100
D07	26400001	27400000	0,100
D07	27200001	28200000	0,100
D08	11200001	12200000	0,100
D08	12800001	13800000	0,100
D08	15200001	16200000	0,100
D08	16000001	17000000	0,100
D08	22400001	23400000	0,100
D08	23200001	24200000	0,100
D08	24000001	25000000	0,100
D08	30400001	31400000	0,100
D08	31200001	32200000	0,100
D08	40800001	41800000	0,100
D08	45600001	46600000	0,100
D09	4000001	5000000	0,100
D09	7200001	8200000	0,100
D09	8000001	9000000	0,100
D09	14400001	15400000	0,100
D09	16000001	17000000	0,100
D09	18400001	19400000	0,100
D09	19200001	20200000	0,100
D09	23200001	24200000	0,100
D09	32800001	33800000	0,100
D09	48800001	49800000	0,100
D09	49600001	50600000	0,100
D10	800001	1800000	0,100
D10	6400001	7400000	0,100
D10	9600001	10600000	0,100
D10	12800001	13800000	0,100
D10	27200001	28200000	0,100
D10	28000001	29000000	0,100
D10	29600001	30600000	0,100
D10	31200001	32200000	0,100
D10	38400001	39400000	0,100
D10	50400001	51400000	0,100
D10	52000001	53000000	0,100
D10	59200001	60200000	0,100
D11	1600001	2600000	0,100
D11	22400001	23400000	0,100
D11	48800001	49800000	0,100
D11	52000001	53000000	0,100
D11	54400001	55400000	0,100
D11	55200001	56200000	0,100
D11	56800001	57800000	0,100
D11	59200001	60200000	0,100
D11	60000001	61000000	0,100
D11	60800001	61800000	100,0
D12	1600001	2600000	0,100
D12	4000001	5000000	0,100
D12	11200001	12200000	0,100
D12	13600001	14600000	0,100
D12	17600001	18600000	0,100
D12	20000001	21000000	0,100
D12	22400001	23400000	0,100
D12	27200001	28200000	0,100
D12	35200001	36200000	0,100
D12	39200001	40200000	0,100
D12	40000001	41000000	0,100
D12	52000001	53000000	0,100
D13	4800001	5800000	0,100
D13	13600001	14600000	0,100
D13	14400001	15400000	0,100
D13	20000001	21000000	0,100
D13	24800001	25800000	0,100
D13	25600001	26600000	0,100
D13	28800001	29800000	0,100
D13	32000001	33000000	0,100
D13	34400001	35400000	0,100
D13	37600001	38600000	0,100
D13	39200001	40200000	0,100
D13	50400001	51400000	0,100
D13	52000001	53000000	0,100
D13	52800001	53800000	0,100
