A01	1	1000000	40,60
A01	800001	1800000	47.3684,52.6316
A01	1600001	2600000	21.0526,78.9474
A01	2400001	3400000	17.5,82.5
A01	3200001	4200000	5.55556,94.4444
A01	4000001	5000000	21.2121,78.7879
A01	4800001	5800000	7.69231,92.3077
A01	5600001	6600000	10.5263,89.4737
A01	6400001	7400000	5.26316,94.7368
A01	7200001	8200000	7.69231,92.3077
A01	8000001	9000000	15,85
A01	8800001	9800000	23.913,76.087
A01	9600001	10600000	14.6341,85.3659
A01	10400001	11400000	31.25,68.75
A01	11200001	12200000	16.6667,83.3333
A01	12000001	13000000	17.3913,82.6087
A01	12800001	13800000	14.2857,85.7143
A01	13600001	14600000	21.4286,78.5714
A01	14400001	15400000	26.6667,73.3333
A01	15200001	16200000	17.2414,82.7586
A01	16000001	17000000	15.7895,84.2105
A01	16800001	17800000	28.5714,71.4286
A01	17600001	18600000	30.5556,69.4444
A01	18400001	19400000	17.9487,82.0513
A01	19200001	20200000	14.2857,85.7143
A01	20000001	21000000	16.6667,83.3333
A01	20800001	21800000	14.8148,85.1852
A01	21600001	22600000	12,88
A01	22400001	23400000	20,80
A01	23200001	24200000	23.0769,76.9231
A01	24000001	25000000	40,60
A01	24800001	25800000	13.3333,86.6667
A01	25600001	26600000	28,72
A01	26400001	27400000	45,55
A01	27200001	28200000	26.3158,73.6842
A01	28000001	29000000	30,70
A01	28800001	29800000	22.7273,77.2727
A01	29600001	30600000	30,70
A01	30400001	31400000	57.1429,42.8571
A01	31200001	32200000	27.7778,72.2222
A01	32000001	33000000	25,75
A01	32800001	33800000	33.3333,66.6667
A01	33600001	34600000	15.7895,84.2105
A01	34400001	35400000	37.5,62.5
A01	35200001	36200000	14.2857,85.7143
A01	36000001	37000000	10,90
A01	36800001	37800000	50,50
A01	37600001	38600000	20,80
A01	38400001	39400000	36.3636,63.6364
A01	39200001	40200000	29.6296,70.3704
A01	40000001	41000000	33.3333,66.6667
A01	40800001	41800000	21.4286,78.5714
A01	41600001	42600000	22.2222,77.7778
A01	42400001	43400000	50,50
A01	43200001	44200000	55.5556,44.4444
A01	44000001	45000000	0,100
A01	44800001	45800000	15.3846,84.6154
A01	45600001	46600000	12.5,87.5
A01	46400001	47400000	40,60
A01	47200001	48200000	25,75
A01	48000001	49000000	37.5,62.5
A01	48800001	49800000	25,75
A01	49600001	50600000	13.3333,86.6667
A01	50400001	51400000	25,75
A01	51200001	52200000	33.3333,66.6667
A01	52000001	53000000	40,60
A01	52800001	53800000	12.5,87.5
A01	53600001	54600000	37.5,62.5
A01	54400001	55400000	18.1818,81.8182
A01	55200001	56200000	14.2857,85.7143
A01	56000001	57000000	33.3333,66.6667
A01	56800001	57800000	33.3333,66.6667
A01	57600001	58600000	23.0769,76.9231
A01	58400001	59400000	42.8571,57.1429
A01	59200001	60200000	0,100
A01	60000001	61000000	14.2857,85.7143
A01	60800001	61800000	33.3333,66.6667
A01	61600001	62600000	20,80
A01	62400001	63400000	27.2727,72.7273
A01	63200001	64200000	45.4545,54.5455
A01	64000001	65000000	14.2857,85.7143
A01	64800001	65800000	37.5,62.5
A01	65600001	66600000	50,50
A01	66400001	67400000	50,50
A01	67200001	68200000	16.6667,83.3333
A01	68000001	69000000	15,85
A01	68800001	69800000	27.2727,72.7273
A01	69600001	70600000	16.6667,83.3333
A01	70400001	71400000	33.3333,66.6667
A01	71200001	72200000	26.6667,73.3333
A01	72000001	73000000	40,60
A01	72800001	73800000	12.5,87.5
A01	73600001	74600000	15.3846,84.6154
A01	74400001	75400000	14.2857,85.7143
A01	75200001	76200000	27.7778,72.2222
A01	76000001	77000000	5.55556,94.4444
A01	76800001	77800000	7.69231,92.3077
A01	77600001	78600000	0,100
A01	78400001	79400000	37.5,62.5
A01	79200001	80200000	33.3333,66.6667
A01	80000001	81000000	40,60
A01	80800001	81800000	43.75,56.25
A01	81600001	82600000	38.8889,61.1111
A01	82400001	83400000	25,75
A01	83200001	84200000	40,60
A01	84000001	85000000	40,60
A01	84800001	85800000	23.5294,76.4706
A01	85600001	86600000	27.7778,72.2222
A01	86400001	87400000	31.25,68.75
A01	87200001	88200000	0,100
A01	88000001	89000000	15.9091,84.0909
A01	88800001	89800000	21.875,78.125
A01	89600001	90600000	34.375,65.625
A01	90400001	91400000	9.09091,90.9091
A01	91200001	92200000	5.71429,94.2857
A01	92000001	93000000	16.129,83.871
A01	92800001	93800000	12.766,87.234
A01	93600001	94600000	7.69231,92.3077
A01	94400001	95400000	13.6364,86.3636
A01	95200001	96200000	13.8889,86.1111
A01	96000001	97000000	10,90
A01	96800001	97800000	10.8696,89.1304
A01	97600001	98600000	22.5806,77.4194
A01	98400001	99400000	46.1538,53.8462
A01	99200001	99884700	30,70
A02	1	1000000	36.3636,63.6364
A02	800001	1800000	30.7692,69.2308
A02	1600001	2600000	14.2857,85.7143
A02	2400001	3400000	36.8421,63.1579
A02	3200001	4200000	24,76
A02	4000001	5000000	6.06061,93.9394
A02	4800001	5800000	4.87805,95.122
A02	5600001	6600000	12.1951,87.8049
A02	6400001	7400000	18.1818,81.8182
A02	7200001	8200000	14.7059,85.2941
A02	8000001	9000000	10.9375,89.0625
A02	8800001	9800000	9.09091,90.9091
A02	9600001	10600000	18,82
A02	10400001	11400000	12.2449,87.7551
A02	11200001	12200000	10.4167,89.5833
A02	12000001	13000000	21.0526,78.9474
A02	12800001	13800000	17.8571,82.1429
A02	13600001	14600000	5.55556,94.4444
A02	14400001	15400000	25.8065,74.1935
A02	15200001	16200000	23.0769,76.9231
A02	16000001	17000000	28.5714,71.4286
A02	16800001	17800000	25,75
A02	17600001	18600000	33.3333,66.6667
A02	18400001	19400000	19.0476,80.9524
A02	19200001	20200000	17.6471,82.3529
A02	20000001	21000000	26.6667,73.3333
A02	20800001	21800000	15.3846,84.6154
A02	21600001	22600000	28.5714,71.4286
A02	22400001	23400000	33.3333,66.6667
A02	23200001	24200000	54.5455,45.4545
A02	24000001	25000000	75,25
A02	24800001	25800000	71.4286,28.5714
A02	25600001	26600000	42.8571,57.1429
A02	26400001	27400000	63.6364,36.3636
A02	27200001	28200000	30.7692,69.2308
A02	28000001	29000000	20,80
A02	28800001	29800000	43.75,56.25
A02	29600001	30600000	36.3636,63.6364
A02	30400001	31400000	8.33333,91.6667
A02	31200001	32200000	27.2727,72.7273
A02	32000001	33000000	20,80
A02	32800001	33800000	57.1429,42.8571
A02	33600001	34600000	33.3333,66.6667
A02	34400001	35400000	21.4286,78.5714
A02	35200001	36200000	57.1429,42.8571
A02	36000001	37000000	10,90
A02	36800001	37800000	27.7778,72.2222
A02	37600001	38600000	33.3333,66.6667
A02	38400001	39400000	100,0
A02	39200001	40200000	44.4444,55.5556
A02	40000001	41000000	27.2727,72.7273
A02	40800001	41800000	21.0526,78.9474
A02	41600001	42600000	10,90
A02	42400001	43400000	29.4118,70.5882
A02	43200001	44200000	20,80
A02	44000001	45000000	46.1538,53.8462
A02	44800001	45800000	31.25,68.75
A02	45600001	46600000	33.3333,66.6667
A02	46400001	47400000	22.2222,77.7778
A02	47200001	48200000	18.1818,81.8182
A02	48000001	49000000	12.5,87.5
A02	48800001	49800000	0,100
A02	49600001	50600000	10,90
A02	50400001	51400000	11.1111,88.8889
A02	51200001	52200000	26.3158,73.6842
A02	52000001	53000000	33.3333,66.6667
A02	52800001	53800000	26.6667,73.3333
A02	53600001	54600000	25,75
A02	54400001	55400000	23.0769,76.9231
A02	55200001	56200000	31.25,68.75
A02	56000001	57000000	35.7143,64.2857
A02	56800001	57800000	75,25
A02	57600001	58600000	50,50
A02	58400001	59400000	20,80
A02	59200001	60200000	21.4286,78.5714
A02	60000001	61000000	8.33333,91.6667
A02	60800001	61800000	25,75
A02	61600001	62600000	29.4118,70.5882
A02	62400001	63400000	28.5714,71.4286
A02	63200001	64200000	33.3333,66.6667
A02	64000001	65000000	33.3333,66.6667
A02	64800001	65800000	45.4545,54.5455
A02	65600001	66600000	12.5,87.5
A02	66400001	67400000	18.75,81.25
A02	67200001	68200000	44.4444,55.5556
A02	68000001	69000000	33.3333,66.6667
A02	68800001	69800000	20,80
A02	69600001	70600000	20,80
A02	70400001	71400000	26.6667,73.3333
A02	71200001	72200000	41.1765,58.8235
A02	72000001	73000000	25,75
A02	72800001	73800000	11.6279,88.3721
A02	73600001	74600000	12.8205,87.1795
A02	74400001	75400000	10.6383,89.3617
A02	75200001	76200000	17.1429,82.8571
A02	76000001	77000000	9.52381,90.4762
A02	76800001	77800000	23.5294,76.4706
A02	77600001	78600000	20.8333,79.1667
A02	78400001	79400000	20.6897,79.3103
A02	79200001	80200000	6.89655,93.1034
A02	80000001	81000000	10.8108,89.1892
A02	80800001	81800000	26.9231,73.0769
A02	81600001	82600000	23.0769,76.9231
A02	82400001	83400000	31.25,68.75
A02	83200001	83447906	0,100
A03	1	1000000	9.09091,90.9091
A03	800001	1800000	4.16667,95.8333
A03	1600001	2600000	9.09091,90.9091
A03	2400001	3400000	38.4615,61.5385
A03	3200001	4200000	33.3333,66.6667
A03	4000001	5000000	12.5,87.5
A03	4800001	5800000	13.6364,86.3636
A03	5600001	6600000	8.69565,91.3043
A03	6400001	7400000	14.7059,85.2941
A03	7200001	8200000	9.09091,90.9091
A03	8000001	9000000	27.2727,72.7273
A03	8800001	9800000	10.2564,89.7436
A03	9600001	10600000	8.10811,91.8919
A03	10400001	11400000	20,80
A03	11200001	12200000	16.6667,83.3333
A03	12000001	13000000	25.9259,74.0741
A03	12800001	13800000	20.8333,79.1667
A03	13600001	14600000	19.2308,80.7692
A03	14400001	15400000	18.1818,81.8182
A03	15200001	16200000	14.8148,85.1852
A03	16000001	17000000	13.3333,86.6667
A03	16800001	17800000	6.81818,93.1818
A03	17600001	18600000	12.9032,87.0968
A03	18400001	19400000	40,60
A03	19200001	20200000	50,50
A03	20000001	21000000	50,50
A03	20800001	21800000	50,50
A03	21600001	22600000	28.5714,71.4286
A03	22400001	23400000	33.3333,66.6667
A03	23200001	24200000	75,25
A03	24000001	25000000	25,75
A03	24800001	25800000	30,70
A03	25600001	26600000	38.4615,61.5385
A03	26400001	27400000	28.5714,71.4286
A03	27200001	28200000	12.5,87.5
A03	28000001	29000000	80,20
A03	28800001	29800000	25,75
A03	29600001	30600000	25,75
A03	30400001	31400000	22.2222,77.7778
A03	31200001	32200000	40,60
A03	32000001	33000000	31.25,68.75
A03	32800001	33800000	20,80
A03	33600001	34600000	42.8571,57.1429
A03	34400001	35400000	0,100
A03	35200001	36200000	0,100
A03	36000001	37000000	27.2727,72.7273
A03	36800001	37800000	33.3333,66.6667
A03	37600001	38600000	9.09091,90.9091
A03	38400001	39400000	0,100
A03	39200001	40200000	22.2222,77.7778
A03	40000001	41000000	0,100
A03	40800001	41800000	50,50
A03	41600001	42600000	80,20
A03	42400001	43400000	50,50
A03	43200001	44200000	44.4444,55.5556
A03	44000001	45000000	16.6667,83.3333
A03	44800001	45800000	23.0769,76.9231
A03	45600001	46600000	20,80
A03	46400001	47400000	36.3636,63.6364
A03	47200001	48200000	50,50
A03	48000001	49000000	14.2857,85.7143
A03	48800001	49800000	40,60
A03	49600001	50600000	40,60
A03	50400001	51400000	33.3333,66.6667
A03	51200001	52200000	25,75
A03	52000001	53000000	57.1429,42.8571
A03	52800001	53800000	20,80
A03	53600001	54600000	33.3333,66.6667
A03	54400001	55400000	20,80
A03	55200001	56200000	62.5,37.5
A03	56000001	57000000	15.3846,84.6154
A03	56800001	57800000	41.1765,58.8235
A03	57600001	58600000	25,75
A03	58400001	59400000	36.8421,63.1579
A03	59200001	60200000	20,80
A03	60000001	61000000	33.3333,66.6667
A03	60800001	61800000	12.5,87.5
A03	61600001	62600000	18.1818,81.8182
A03	62400001	63400000	13.3333,86.6667
A03	63200001	64200000	27.7778,72.2222
A03	64000001	65000000	22.2222,77.7778
A03	64800001	65800000	25,75
A03	65600001	66600000	58.3333,41.6667
A03	66400001	67400000	33.3333,66.6667
A03	67200001	68200000	18.1818,81.8182
A03	68000001	69000000	16.6667,83.3333
A03	68800001	69800000	12.5,87.5
A03	69600001	70600000	25,75
A03	70400001	71400000	62.5,37.5
A03	71200001	72200000	16.6667,83.3333
A03	72000001	73000000	25.9259,74.0741
A03	72800001	73800000	10,90
A03	73600001	74600000	12.5,87.5
A03	74400001	75400000	25,75
A03	75200001	76200000	20,80
A03	76000001	77000000	26.3158,73.6842
A03	76800001	77800000	6.66667,93.3333
A03	77600001	78600000	28.5714,71.4286
A03	78400001	79400000	27.2727,72.7273
A03	79200001	80200000	33.3333,66.6667
A03	80000001	81000000	15.3846,84.6154
A03	80800001	81800000	8.33333,91.6667
A03	81600001	82600000	13.1579,86.8421
A03	82400001	83400000	30.4348,69.5652
A03	83200001	84200000	9.80392,90.1961
A03	84000001	85000000	31.0345,68.9655
A03	84800001	85800000	26.6667,73.3333
A03	85600001	86600000	14.2857,85.7143
A03	86400001	87400000	16.129,83.871
A03	87200001	88200000	19.0476,80.9524
A03	88000001	89000000	11.7647,88.2353
A03	88800001	89800000	9.30233,90.6977
A03	89600001	90600000	20,80
A03	90400001	91400000	20,80
A03	91200001	92200000	30,70
A03	92000001	93000000	18.75,81.25
A03	92800001	93800000	9.25926,90.7407
A03	93600001	94600000	10.4167,89.5833
A03	94400001	95400000	6.66667,93.3333
A03	95200001	96200000	14.2857,85.7143
A03	96000001	97000000	15,85
A03	96800001	97800000	36.8421,63.1579
A03	97600001	98600000	26.9231,73.0769
A03	98400001	99400000	16.6667,83.3333
A03	99200001	100200000	21.4286,78.5714
A03	100000001	100263045	22.2222,77.7778
A04	1	1000000	27.027,72.973
A04	800001	1800000	50,50
A04	1600001	2600000	15,85
A04	2400001	3400000	30.303,69.697
A04	3200001	4200000	32.1429,67.8571
A04	4000001	5000000	21.2121,78.7879
A04	4800001	5800000	26.087,73.913
A04	5600001	6600000	52.6316,47.3684
A04	6400001	7400000	50,50
A04	7200001	8200000	30.5556,69.4444
A04	8000001	9000000	29.1667,70.8333
A04	8800001	9800000	27.7778,72.2222
A04	9600001	10600000	21.4286,78.5714
A04	10400001	11400000	30.7692,69.2308
A04	11200001	12200000	19.0476,80.9524
A04	12000001	13000000	20.8333,79.1667
A04	12800001	13800000	27.2727,72.7273
A04	13600001	14600000	40,60
A04	14400001	15400000	16.6667,83.3333
A04	15200001	16200000	11.1111,88.8889
A04	16000001	17000000	50,50
A04	16800001	17800000	26.3158,73.6842
A04	17600001	18600000	14.2857,85.7143
A04	18400001	19400000	16.6667,83.3333
A04	19200001	20200000	37.5,62.5
A04	20000001	21000000	45.4545,54.5455
A04	20800001	21800000	20,80
A04	21600001	22600000	28.5714,71.4286
A04	22400001	23400000	16.6667,83.3333
A04	23200001	24200000	0,100
A04	24000001	25000000	18.75,81.25
A04	24800001	25800000	16.6667,83.3333
A04	25600001	26600000	11.1111,88.8889
A04	26400001	27400000	50,50
A04	27200001	28200000	33.3333,66.6667
A04	28000001	29000000	18.1818,81.8182
A04	28800001	29800000	0,100
A04	29600001	30600000	20,80
A04	30400001	31400000	28.5714,71.4286
A04	31200001	32200000	16.6667,83.3333
A04	32000001	33000000	25,75
A04	32800001	33800000	42.8571,57.1429
A04	33600001	34600000	0,100
A04	34400001	35400000	16.6667,83.3333
A04	35200001	36200000	33.3333,66.6667
A04	36000001	37000000	27.2727,72.7273
A04	36800001	37800000	38.8889,61.1111
A04	37600001	38600000	27.2727,72.7273
A04	38400001	39400000	38.8889,61.1111
A04	39200001	40200000	42.8571,57.1429
A04	40000001	41000000	34.7826,65.2174
A04	40800001	41800000	23.5294,76.4706
A04	41600001	42600000	0,100
A04	42400001	43400000	33.3333,66.6667
A04	43200001	44200000	12,88
A04	44000001	45000000	20,80
A04	44800001	45800000	25,75
A04	45600001	46600000	35.7143,64.2857
A04	46400001	47400000	37.5,62.5
A04	47200001	48200000	46.6667,53.3333
A04	48000001	49000000	26.087,73.913
A04	48800001	49800000	13.6364,86.3636
A04	49600001	50600000	18.1818,81.8182
A04	50400001	51400000	9.09091,90.9091
A04	51200001	52200000	55,45
A04	52000001	53000000	13.7931,86.2069
A04	52800001	53800000	0,100
A04	53600001	54600000	8,92
A04	54400001	55400000	31.5789,68.4211
A04	55200001	56200000	21.875,78.125
A04	56000001	57000000	22.5,77.5
A04	56800001	57800000	15.7895,84.2105
A04	57600001	58600000	25,75
A04	58400001	59400000	25,75
A04	59200001	60200000	11.7647,88.2353
A04	60000001	61000000	22.5806,77.4194
A04	60800001	61800000	27.2727,72.7273
A04	61600001	62600000	16.6667,83.3333
A04	62400001	62913772	20,80
A05	1	1000000	0,100
A05	800001	1800000	23.0769,76.9231
A05	1600001	2600000	10,90
A05	2400001	3400000	28.5714,71.4286
A05	3200001	4200000	0,100
A05	4000001	5000000	20,80
A05	4800001	5800000	25,75
A05	5600001	6600000	22.2222,77.7778
A05	6400001	7400000	25,75
A05	7200001	8200000	12.5,87.5
A05	8000001	9000000	45.4545,54.5455
A05	8800001	9800000	7.14286,92.8571
A05	9600001	10600000	5,95
A05	10400001	11400000	0,100
A05	11200001	12200000	21.4286,78.5714
A05	12000001	13000000	23.5294,76.4706
A05	12800001	13800000	16.6667,83.3333
A05	13600001	14600000	26.3158,73.6842
A05	14400001	15400000	25,75
A05	15200001	16200000	14.2857,85.7143
A05	16000001	17000000	14.2857,85.7143
A05	16800001	17800000	37.5,62.5
A05	17600001	18600000	20,80
A05	18400001	19400000	26.6667,73.3333
A05	19200001	20200000	21.4286,78.5714
A05	20000001	21000000	25,75
A05	20800001	21800000	28.125,71.875
A05	21600001	22600000	15,85
A05	22400001	23400000	8.33333,91.6667
A05	23200001	24200000	13.3333,86.6667
A05	24000001	25000000	25,75
A05	24800001	25800000	28,72
A05	25600001	26600000	5,95
A05	26400001	27400000	12.5,87.5
A05	27200001	28200000	0,100
A05	28000001	29000000	6.66667,93.3333
A05	28800001	29800000	17.5,82.5
A05	29600001	30600000	15.1515,84.8485
A05	30400001	31400000	12.5,87.5
A05	31200001	32200000	6.06061,93.9394
A05	32000001	33000000	9.09091,90.9091
A05	32800001	33800000	21.7391,78.2609
A05	33600001	34600000	9.67742,90.3226
A05	34400001	35400000	11.3636,88.6364
A05	35200001	36200000	12.5,87.5
A05	36000001	37000000	9.375,90.625
A05	36800001	37800000	20,80
A05	37600001	38600000	25.9259,74.0741
A05	38400001	39400000	47.0588,52.9412
A05	39200001	40200000	41.1765,58.8235
A05	40000001	41000000	7.69231,92.3077
A05	40800001	41800000	20,80
A05	41600001	42600000	25,75
A05	42400001	43400000	10,90
A05	43200001	44200000	11.1111,88.8889
A05	44000001	45000000	8,92
A05	44800001	45800000	18.1818,81.8182
A05	45600001	46600000	54.5455,45.4545
A05	46400001	47400000	27.2727,72.7273
A05	47200001	48200000	7.69231,92.3077
A05	48000001	49000000	22.2222,77.7778
A05	48800001	49800000	16.6667,83.3333
A05	49600001	50600000	22.2222,77.7778
A05	50400001	51400000	11.1111,88.8889
A05	51200001	52200000	30,70
A05	52000001	53000000	22.2222,77.7778
A05	52800001	53800000	28.5714,71.4286
A05	53600001	54600000	21.0526,78.9474
A05	54400001	55400000	17.6471,82.3529
A05	55200001	56200000	15,85
A05	56000001	57000000	25,75
A05	56800001	57800000	20,80
A05	57600001	58600000	36.3636,63.6364
A05	58400001	59400000	44.4444,55.5556
A05	59200001	60200000	60,40
A05	60000001	61000000	55.5556,44.4444
A05	60800001	61800000	15.7895,84.2105
A05	61600001	62600000	14.8936,85.1064
A05	62400001	63400000	8.33333,91.6667
A05	63200001	64200000	0,100
A05	64000001	65000000	25,75
A05	64800001	65800000	26.6667,73.3333
A05	65600001	66600000	0,100
A05	66400001	67400000	4.34783,95.6522
A05	67200001	68200000	19.2308,80.7692
A05	68000001	69000000	19.0476,80.9524
A05	68800001	69800000	53.8462,46.1538
A05	69600001	70600000	30,70
A05	70400001	71400000	7.14286,92.8571
A05	71200001	72200000	28.5714,71.4286
A05	72000001	73000000	28.5714,71.4286
A05	72800001	73800000	18.1818,81.8182
A05	73600001	74600000	21.7391,78.2609
A05	74400001	75400000	21.0526,78.9474
A05	75200001	76200000	29.4118,70.5882
A05	76000001	77000000	9.09091,90.9091
A05	76800001	77800000	17.6471,82.3529
A05	77600001	78600000	27.2727,72.7273
A05	78400001	79400000	29.4118,70.5882
A05	79200001	80200000	22.9167,77.0833
A05	80000001	81000000	12.1951,87.8049
A05	80800001	81800000	9.375,90.625
A05	81600001	82600000	15.1515,84.8485
A05	82400001	83400000	15.873,84.127
A05	83200001	84200000	14.8148,85.1852
A05	84000001	85000000	12.766,87.234
A05	84800001	85800000	11.9048,88.0952
A05	85600001	86600000	13.7255,86.2745
A05	86400001	87400000	7.69231,92.3077
A05	87200001	88200000	5.71429,94.2857
A05	88000001	89000000	11.1111,88.8889
A05	88800001	89800000	20.8333,79.1667
A05	89600001	90600000	11.4286,88.5714
A05	90400001	91400000	22.2222,77.7778
A05	91200001	92200000	0,100
A06	1	1000000	28.5714,71.4286
A06	800001	1800000	6.66667,93.3333
A06	1600001	2600000	15.5556,84.4444
A06	2400001	3400000	10.2564,89.7436
A06	3200001	4200000	7.84314,92.1569
A06	4000001	5000000	20,80
A06	4800001	5800000	8.92857,91.0714
A06	5600001	6600000	4,96
A06	6400001	7400000	13.1579,86.8421
A06	7200001	8200000	10.7143,89.2857
A06	8000001	9000000	15.3846,84.6154
A06	8800001	9800000	17.2414,82.7586
A06	9600001	10600000	21.2121,78.7879
A06	10400001	11400000	20,80
A06	11200001	12200000	33.3333,66.6667
A06	12000001	13000000	26.6667,73.3333
A06	12800001	13800000	22.2222,77.7778
A06	13600001	14600000	26.3158,73.6842
A06	14400001	15400000	26.6667,73.3333
A06	15200001	16200000	10.7143,89.2857
A06	16000001	17000000	19.3548,80.6452
A06	16800001	17800000	31.5789,68.4211
A06	17600001	18600000	15.625,84.375
A06	18400001	19400000	12.2449,87.7551
A06	19200001	20200000	13.6364,86.3636
A06	20000001	21000000	37.5,62.5
A06	20800001	21800000	35.2941,64.7059
A06	21600001	22600000	35.2941,64.7059
A06	22400001	23400000	18.1818,81.8182
A06	23200001	24200000	4.7619,95.2381
A06	24000001	25000000	12.5,87.5
A06	24800001	25800000	11.1111,88.8889
A06	25600001	26600000	66.6667,33.3333
A06	26400001	27400000	12.5,87.5
A06	27200001	28200000	20,80
A06	28000001	29000000	13.3333,86.6667
A06	28800001	29800000	32.2581,67.7419
A06	29600001	30600000	36.8421,63.1579
A06	30400001	31400000	13.3333,86.6667
A06	31200001	32200000	28.5714,71.4286
A06	32000001	33000000	10,90
A06	32800001	33800000	18.1818,81.8182
A06	33600001	34600000	21.4286,78.5714
A06	34400001	35400000	15.3846,84.6154
A06	35200001	36200000	21.0526,78.9474
A06	36000001	37000000	22.2222,77.7778
A06	36800001	37800000	25,75
A06	37600001	38600000	30.7692,69.2308
A06	38400001	39400000	20,80
A06	39200001	40200000	15.3846,84.6154
A06	40000001	41000000	18.1818,81.8182
A06	40800001	41800000	16.6667,83.3333
A06	41600001	42600000	20,80
A06	42400001	43400000	20,80
A06	43200001	44200000	25,75
A06	44000001	45000000	25,75
A06	44800001	45800000	28.5714,71.4286
A06	45600001	46600000	66.6667,33.3333
A06	46400001	47400000	100,0
A06	47200001	48200000	28.5714,71.4286
A06	48000001	49000000	0,100
A06	48800001	49800000	6.66667,93.3333
A06	49600001	50600000	16.6667,83.3333
A06	50400001	51400000	27.2727,72.7273
A06	51200001	52200000	14.2857,85.7143
A06	52000001	53000000	20,80
A06	52800001	53800000	28.5714,71.4286
A06	53600001	54600000	33.3333,66.6667
A06	54400001	55400000	0,100
A06	55200001	56200000	25,75
A06	56000001	57000000	40,60
A06	56800001	57800000	14.2857,85.7143
A06	57600001	58600000	33.3333,66.6667
A06	58400001	59400000	0,100
A06	59200001	60200000	40,60
A06	60000001	61000000	40,60
A06	60800001	61800000	50,50
A06	61600001	62600000	50,50
A06	62400001	63400000	33.3333,66.6667
A06	63200001	64200000	7.69231,92.3077
A06	64000001	65000000	50,50
A06	64800001	65800000	57.1429,42.8571
A06	65600001	66600000	27.2727,72.7273
A06	66400001	67400000	44.4444,55.5556
A06	67200001	68200000	33.3333,66.6667
A06	68000001	69000000	52.381,47.619
A06	68800001	69800000	23.0769,76.9231
A06	69600001	70600000	11.1111,88.8889
A06	70400001	71400000	60,40
A06	71200001	72200000	33.3333,66.6667
A06	72000001	73000000	20,80
A06	72800001	73800000	16.6667,83.3333
A06	73600001	74600000	0,100
A06	74400001	75400000	30,70
A06	75200001	76200000	15.3846,84.6154
A06	76000001	77000000	30,70
A06	76800001	77800000	33.3333,66.6667
A06	77600001	78600000	15.3846,84.6154
A06	78400001	79400000	10,90
A06	79200001	80200000	18.1818,81.8182
A06	80000001	81000000	13.3333,86.6667
A06	80800001	81800000	23.5294,76.4706
A06	81600001	82600000	41.6667,58.3333
A06	82400001	83400000	28.5714,71.4286
A06	83200001	84200000	50,50
A06	84000001	85000000	41.6667,58.3333
A06	84800001	85800000	33.3333,66.6667
A06	85600001	86600000	0,100
A06	86400001	87400000	25,75
A06	87200001	88200000	11.7647,88.2353
A06	88000001	89000000	10.7143,89.2857
A06	88800001	89800000	26.6667,73.3333
A06	89600001	90600000	18.1818,81.8182
A06	90400001	91400000	22.2222,77.7778
A06	91200001	92200000	20,80
A06	92000001	93000000	27.2727,72.7273
A06	92800001	93800000	37.5,62.5
A06	93600001	94600000	13.0435,86.9565
A06	94400001	95400000	26.9231,73.0769
A06	95200001	96200000	21.2121,78.7879
A06	96000001	97000000	14.2857,85.7143
A06	96800001	97800000	14.2857,85.7143
A06	97600001	98600000	7.40741,92.5926
A06	98400001	99400000	8.33333,91.6667
A06	99200001	100200000	12.2449,87.7551
A06	100000001	101000000	10.5263,89.4737
A06	100800001	101800000	4.7619,95.2381
A06	101600001	102600000	0,100
A06	102400001	103170444	10,90
A07	1	1000000	14.2857,85.7143
A07	800001	1800000	14.2857,85.7143
A07	1600001	2600000	30.7692,69.2308
A07	2400001	3400000	8,92
A07	3200001	4200000	23.8095,76.1905
A07	4000001	5000000	30,70
A07	4800001	5800000	22.5806,77.4194
A07	5600001	6600000	9.30233,90.6977
A07	6400001	7400000	12.5,87.5
A07	7200001	8200000	21.6216,78.3784
A07	8000001	9000000	6.45161,93.5484
A07	8800001	9800000	3.33333,96.6667
A07	9600001	10600000	14.5833,85.4167
A07	10400001	11400000	29.6296,70.3704
A07	11200001	12200000	6.38298,93.617
A07	12000001	13000000	14.2857,85.7143
A07	12800001	13800000	20.6897,79.3103
A07	13600001	14600000	17.6471,82.3529
A07	14400001	15400000	13.7255,86.2745
A07	15200001	16200000	1.85185,98.1481
A07	16000001	17000000	11.7647,88.2353
A07	16800001	17800000	20,80
A07	17600001	18600000	9.43396,90.566
A07	18400001	19400000	14.5455,85.4545
A07	19200001	20200000	19.1489,80.8511
A07	20000001	21000000	12.8205,87.1795
A07	20800001	21800000	8.57143,91.4286
A07	21600001	22600000	19.3548,80.6452
A07	22400001	23400000	11.7647,88.2353
A07	23200001	24200000	30.5556,69.4444
A07	24000001	25000000	18.5185,81.4815
A07	24800001	25800000	8,92
A07	25600001	26600000	29.1667,70.8333
A07	26400001	27400000	13.8889,86.1111
A07	27200001	28200000	23.5294,76.4706
A07	28000001	29000000	16.6667,83.3333
A07	28800001	29800000	22.2222,77.7778
A07	29600001	30600000	16.2162,83.7838
A07	30400001	31400000	4,96
A07	31200001	32200000	27.2727,72.7273
A07	32000001	33000000	31.25,68.75
A07	32800001	33800000	50,50
A07	33600001	34600000	20.5128,79.4872
A07	34400001	35400000	7.69231,92.3077
A07	35200001	36200000	33.3333,66.6667
A07	36000001	37000000	0,100
A07	36800001	37800000	23.0769,76.9231
A07	37600001	38600000	18.1818,81.8182
A07	38400001	39400000	22.2222,77.7778
A07	39200001	40200000	35,65
A07	40000001	41000000	20,80
A07	40800001	41800000	14.2857,85.7143
A07	41600001	42600000	55.5556,44.4444
A07	42400001	43400000	40,60
A07	43200001	44200000	21.4286,78.5714
A07	44000001	45000000	4,96
A07	44800001	45800000	16.6667,83.3333
A07	45600001	46600000	23.0769,76.9231
A07	46400001	47400000	25,75
A07	47200001	48200000	16.6667,83.3333
A07	48000001	49000000	28.5714,71.4286
A07	48800001	49800000	0,100
A07	49600001	50600000	44.4444,55.5556
A07	50400001	51400000	12.5,87.5
A07	51200001	52200000	60,40
A07	52000001	53000000	16.6667,83.3333
A07	52800001	53800000	15.3846,84.6154
A07	53600001	54600000	14.2857,85.7143
A07	54400001	55400000	43.75,56.25
A07	55200001	56200000	28.5714,71.4286
A07	56000001	57000000	50,50
A07	56800001	57800000	21.0526,78.9474
A07	57600001	58600000	50,50
A07	58400001	59400000	60,40
A07	59200001	60200000	60,40
A07	60000001	61000000	22.2222,77.7778
A07	60800001	61800000	20,80
A07	61600001	62600000	23.0769,76.9231
A07	62400001	63400000	14.8148,85.1852
A07	63200001	64200000	22.2222,77.7778
A07	64000001	65000000	21.0526,78.9474
A07	64800001	65800000	7.69231,92.3077
A07	65600001	66600000	4.54545,95.4545
A07	66400001	67400000	8.33333,91.6667
A07	67200001	68200000	26.9231,73.0769
A07	68000001	69000000	32.1429,67.8571
A07	68800001	69800000	0,100
A07	69600001	70600000	7.40741,92.5926
A07	70400001	71400000	15.1515,84.8485
A07	71200001	72200000	21.6216,78.3784
A07	72000001	73000000	9.7561,90.2439
A07	72800001	73800000	27.2727,72.7273
A07	73600001	74600000	16,84
A07	74400001	75400000	10.8108,89.1892
A07	75200001	76200000	8.51064,91.4894
A07	76000001	77000000	21.7391,78.2609
A07	76800001	77800000	18.5185,81.4815
A07	77600001	78251018	14.2857,85.7143
A08	1	1000000	16.6667,83.3333
A08	800001	1800000	11.1111,88.8889
A08	1600001	2600000	4.54545,95.4545
A08	2400001	3400000	13.8889,86.1111
A08	3200001	4200000	3.7037,96.2963
A08	4000001	5000000	7.5,92.5
A08	4800001	5800000	4.44444,95.5556
A08	5600001	6600000	6.25,93.75
A08	6400001	7400000	12,88
A08	7200001	8200000	14.2857,85.7143
A08	8000001	9000000	35.2941,64.7059
A08	8800001	9800000	22.7273,77.2727
A08	9600001	10600000	10.8108,89.1892
A08	10400001	11400000	18.1818,81.8182
A08	11200001	12200000	6.89655,93.1034
A08	12000001	13000000	26.3158,73.6842
A08	12800001	13800000	16.6667,83.3333
A08	13600001	14600000	0,100
A08	14400001	15400000	6.66667,93.3333
A08	15200001	16200000	23.0769,76.9231
A08	16000001	17000000	25,75
A08	16800001	17800000	9.09091,90.9091
A08	17600001	18600000	4.34783,95.6522
A08	18400001	19400000	10.5263,89.4737
A08	19200001	20200000	35.7143,64.2857
A08	20000001	21000000	12.5,87.5
A08	20800001	21800000	21.7391,78.2609
A08	21600001	22600000	50,50
A08	22400001	23400000	0,100
A08	23200001	24200000	40,60
A08	24000001	25000000	40,60
A08	24800001	25800000	7.14286,92.8571
A08	25600001	26600000	20,80
A08	26400001	27400000	33.3333,66.6667
A08	27200001	28200000	6.66667,93.3333
A08	28000001	29000000	10,90
A08	28800001	29800000	33.3333,66.6667
A08	29600001	30600000	0,100
A08	30400001	31400000	33.3333,66.6667
A08	31200001	32200000	75,25
A08	32000001	33000000	60,40
A08	32800001	33800000	44.4444,55.5556
A08	33600001	34600000	28.5714,71.4286
A08	34400001	35400000	18.1818,81.8182
A08	35200001	36200000	44.4444,55.5556
A08	36000001	37000000	30,70
A08	36800001	37800000	20,80
A08	37600001	38600000	45.4545,54.5455
A08	38400001	39400000	50,50
A08	39200001	40200000	12.5,87.5
A08	40000001	41000000	11.1111,88.8889
A08	40800001	41800000	0,100
A08	41600001	42600000	50,50
A08	42400001	43400000	11.1111,88.8889
A08	43200001	44200000	20,80
A08	44000001	45000000	66.6667,33.3333
A08	44800001	45800000	0,100
A08	45600001	46600000	100,0
A08	46400001	47400000	14.2857,85.7143
A08	47200001	48200000	0,100
A08	48000001	49000000	66.6667,33.3333
A08	48800001	49800000	0,100
A08	49600001	50600000	40,60
A08	50400001	51400000	25,75
A08	51200001	52200000	14.2857,85.7143
A08	52000001	53000000	28.5714,71.4286
A08	52800001	53800000	10,90
A08	53600001	54600000	66.6667,33.3333
A08	54400001	55400000	33.3333,66.6667
A08	55200001	56200000	50,50
A08	56000001	57000000	50,50
A08	56800001	57800000	0,100
A08	57600001	58600000	9.09091,90.9091
A08	58400001	59400000	33.3333,66.6667
A08	59200001	60200000	41.1765,58.8235
A08	60000001	61000000	9.09091,90.9091
A08	60800001	61800000	25,75
A08	61600001	62600000	42.8571,57.1429
A08	62400001	63400000	14.2857,85.7143
A08	63200001	64200000	0,100
A08	64000001	65000000	25,75
A08	64800001	65800000	9.09091,90.9091
A08	65600001	66600000	11.7647,88.2353
A08	66400001	67400000	14.2857,85.7143
A08	67200001	68200000	0,100
A08	68000001	69000000	15,85
A08	68800001	69800000	30,70
A08	69600001	70600000	7.69231,92.3077
A08	70400001	71400000	12.5,87.5
A08	71200001	72200000	20,80
A08	72000001	73000000	17.8571,82.1429
A08	72800001	73800000	26.087,73.913
A08	73600001	74600000	5.55556,94.4444
A08	74400001	75400000	0,100
A08	75200001	76200000	33.3333,66.6667
A08	76000001	77000000	33.3333,66.6667
A08	76800001	77800000	11.1111,88.8889
A08	77600001	78600000	23.0769,76.9231
A08	78400001	79400000	22.2222,77.7778
A08	79200001	80200000	15.1515,84.8485
A08	80000001	81000000	30,70
A08	80800001	81800000	21.2121,78.7879
A08	81600001	82600000	8.33333,91.6667
A08	82400001	83400000	9.52381,90.4762
A08	83200001	84200000	13.8889,86.1111
A08	84000001	85000000	22.5806,77.4194
A08	84800001	85800000	16.6667,83.3333
A08	85600001	86600000	22.2222,77.7778
A08	86400001	87400000	25,75
A08	87200001	88200000	22.7273,77.2727
A08	88000001	89000000	18.5185,81.4815
A08	88800001	89800000	11.5385,88.4615
A08	89600001	90600000	14.2857,85.7143
A08	90400001	91400000	16.2162,83.7838
A08	91200001	92200000	16.3636,83.6364
A08	92000001	93000000	12.1951,87.8049
A08	92800001	93800000	33.3333,66.6667
A08	93600001	94600000	18.5185,81.4815
A08	94400001	95400000	15.5556,84.4444
A08	95200001	96200000	5.71429,94.2857
A08	96000001	97000000	3.125,96.875
A08	96800001	97800000	13.8889,86.1111
A08	97600001	98600000	6.81818,93.1818
A08	98400001	99400000	8.51064,91.4894
A08	99200001	100200000	10.5263,89.4737
A08	100000001	101000000	13.7931,86.2069
A08	100800001	101800000	20,80
A08	101600001	102600000	35.2941,64.7059
A08	102400001	103400000	28.5714,71.4286
A08	103200001	103626341	5.55556,94.4444
A09	1	1000000	33.3333,66.6667
A09	800001	1800000	11.7647,88.2353
A09	1600001	2600000	14.2857,85.7143
A09	2400001	3400000	33.3333,66.6667
A09	3200001	4200000	60,40
A09	4000001	5000000	71.4286,28.5714
A09	4800001	5800000	50,50
A09	5600001	6600000	33.3333,66.6667
A09	6400001	7400000	15.3846,84.6154
A09	7200001	8200000	16.6667,83.3333
A09	8000001	9000000	27.7778,72.2222
A09	8800001	9800000	58.3333,41.6667
A09	9600001	10600000	50,50
A09	10400001	11400000	57.1429,42.8571
A09	11200001	12200000	77.7778,22.2222
A09	12000001	13000000	25,75
A09	12800001	13800000	37.5,62.5
A09	13600001	14600000	11.1111,88.8889
A09	14400001	15400000	26.6667,73.3333
A09	15200001	16200000	58.3333,41.6667
A09	16000001	17000000	33.3333,66.6667
A09	16800001	17800000	50,50
A09	17600001	18600000	50,50
A09	18400001	19400000	25,75
A09	19200001	20200000	15.3846,84.6154
A09	20000001	21000000	28.5714,71.4286
A09	20800001	21800000	40,60
A09	21600001	22600000	18.1818,81.8182
A09	22400001	23400000	33.3333,66.6667
A09	23200001	24200000	0,100
A09	24000001	25000000	50,50
A09	24800001	25800000	16.6667,83.3333
A09	25600001	26600000	50,50
A09	26400001	27400000	22.2222,77.7778
A09	27200001	28200000	7.14286,92.8571
A09	28000001	29000000	18.75,81.25
A09	28800001	29800000	11.1111,88.8889
A09	29600001	30600000	0,100
A09	30400001	31400000	16.6667,83.3333
A09	31200001	32200000	42.8571,57.1429
A09	32000001	33000000	10,90
A09	32800001	33800000	25,75
A09	33600001	34600000	18.1818,81.8182
A09	34400001	35400000	22.2222,77.7778
A09	35200001	36200000	50,50
A09	36000001	37000000	25,75
A09	36800001	37800000	50,50
A09	37600001	38600000	15.7895,84.2105
A09	38400001	39400000	26.087,73.913
A09	39200001	40200000	14.2857,85.7143
A09	40000001	41000000	7.14286,92.8571
A09	40800001	41800000	29.1667,70.8333
A09	41600001	42600000	46.1538,53.8462
A09	42400001	43400000	27.2727,72.7273
A09	43200001	44200000	15,85
A09	44000001	45000000	35.7143,64.2857
A09	44800001	45800000	28.5714,71.4286
A09	45600001	46600000	10,90
A09	46400001	47400000	12.5,87.5
A09	47200001	48200000	23.3333,76.6667
A09	48000001	49000000	4,96
A09	48800001	49800000	7.40741,92.5926
A09	49600001	50600000	7.69231,92.3077
A09	50400001	51400000	26.3158,73.6842
A09	51200001	52200000	11.7647,88.2353
A09	52000001	53000000	12.1212,87.8788
A09	52800001	53800000	18.8679,81.1321
A09	53600001	54600000	11.2676,88.7324
A09	54400001	55400000	13.7931,86.2069
A09	55200001	56200000	23.5294,76.4706
A09	56000001	57000000	18.75,81.25
A09	56800001	57800000	18.9189,81.0811
A09	57600001	58600000	39.2857,60.7143
A09	58400001	59400000	19.3548,80.6452
A09	59200001	60200000	10,90
A09	60000001	61000000	13.6364,86.3636
A09	60800001	61800000	17.0213,82.9787
A09	61600001	62600000	10.4167,89.5833
A09	62400001	63400000	15.1515,84.8485
A09	63200001	64200000	20,80
A09	64000001	65000000	12.5,87.5
A09	64800001	65800000	22.2222,77.7778
A09	65600001	66600000	8.69565,91.3043
A09	66400001	67400000	14.7059,85.2941
A09	67200001	68200000	14.8148,85.1852
A09	68000001	69000000	30,70
A09	68800001	69800000	30.7692,69.2308
A09	69600001	70600000	25,75
A09	70400001	71400000	9.375,90.625
A09	71200001	72200000	14.2857,85.7143
A09	72000001	73000000	25,75
A09	72800001	73800000	20,80
A09	73600001	74600000	25,75
A09	74400001	74999931	0,100
A10	1	1000000	16.6667,83.3333
A10	800001	1800000	26.6667,73.3333
A10	1600001	2600000	0,100
A10	2400001	3400000	25,75
A10	3200001	4200000	9.67742,90.3226
A10	4000001	5000000	9.375,90.625
A10	4800001	5800000	14.7059,85.2941
A10	5600001	6600000	9.09091,90.9091
A10	6400001	7400000	24.2424,75.7576
A10	7200001	8200000	18.9189,81.0811
A10	8000001	9000000	20,80
A10	8800001	9800000	11.7647,88.2353
A10	9600001	10600000	9.7561,90.2439
A10	10400001	11400000	4.16667,95.8333
A10	11200001	12200000	13.0435,86.9565
A10	12000001	13000000	10.7143,89.2857
A10	12800001	13800000	7.69231,92.3077
A10	13600001	14600000	35,65
A10	14400001	15400000	22.2222,77.7778
A10	15200001	16200000	17.2414,82.7586
A10	16000001	17000000	22.7273,77.2727
A10	16800001	17800000	14.2857,85.7143
A10	17600001	18600000	13.7931,86.2069
A10	18400001	19400000	8.33333,91.6667
A10	19200001	20200000	17.5,82.5
A10	20000001	21000000	24.1379,75.8621
A10	20800001	21800000	21.7391,78.2609
A10	21600001	22600000	25,75
A10	22400001	23400000	0,100
A10	23200001	24200000	21.4286,78.5714
A10	24000001	25000000	14.2857,85.7143
A10	24800001	25800000	0,100
A10	25600001	26600000	28.5714,71.4286
A10	26400001	27400000	27.2727,72.7273
A10	27200001	28200000	33.3333,66.6667
A10	28000001	29000000	35.7143,64.2857
A10	28800001	29800000	14.2857,85.7143
A10	29600001	30600000	33.3333,66.6667
A10	30400001	31400000	33.3333,66.6667
A10	31200001	32200000	58.3333,41.6667
A10	32000001	33000000	16.6667,83.3333
A10	32800001	33800000	33.3333,66.6667
A10	33600001	34600000	0,100
A10	34400001	35400000	16.6667,83.3333
A10	35200001	36200000	57.1429,42.8571
A10	36000001	37000000	100,0
A10	36800001	37800000	0,100
A10	37600001	38600000	0,100
A10	38400001	39400000	50,50
A10	39200001	40200000	37.5,62.5
A10	40000001	41000000	25,75
A10	40800001	41800000	71.4286,28.5714
A10	41600001	42600000	28.5714,71.4286
A10	42400001	43400000	42.8571,57.1429
A10	43200001	44200000	9.09091,90.9091
A10	44000001	45000000	8.33333,91.6667
A10	44800001	45800000	0,100
A10	45600001	46600000	16.6667,83.3333
A10	46400001	47400000	21.4286,78.5714
A10	47200001	48200000	12.5,87.5
A10	48000001	49000000	75,25
A10	48800001	49800000	30,70
A10	49600001	50600000	7.69231,92.3077
A10	50400001	51400000	25,75
A10	51200001	52200000	33.3333,66.6667
A10	52000001	53000000	27.2727,72.7273
A10	52800001	53800000	66.6667,33.3333
A10	53600001	54600000	50,50
A10	54400001	55400000	26.6667,73.3333
A10	55200001	56200000	28.5714,71.4286
A10	56000001	57000000	30,70
A10	56800001	57800000	25,75
A10	57600001	58600000	25,75
A10	58400001	59400000	12.5,87.5
A10	59200001	60200000	36.8421,63.1579
A10	60000001	61000000	20.6897,79.3103
A10	60800001	61800000	29.4118,70.5882
A10	61600001	62600000	42.8571,57.1429
A10	62400001	63400000	20,80
A10	63200001	64200000	21.4286,78.5714
A10	64000001	65000000	17.6471,82.3529
A10	64800001	65800000	15,85
A10	65600001	66600000	10.5263,89.4737
A10	66400001	67400000	17.2414,82.7586
A10	67200001	68200000	25,75
A10	68000001	69000000	43.75,56.25
A10	68800001	69800000	30,70
A10	69600001	70600000	15.7895,84.2105
A10	70400001	71400000	18.1818,81.8182
A10	71200001	72200000	13.3333,86.6667
A10	72000001	73000000	15.7895,84.2105
A10	72800001	73800000	26.6667,73.3333
A10	73600001	74600000	20,80
A10	74400001	75400000	53.3333,46.6667
A10	75200001	76200000	43.75,56.25
A10	76000001	77000000	15,85
A10	76800001	77800000	20,80
A10	77600001	78600000	33.3333,66.6667
A10	78400001	79400000	30.4348,69.5652
A10	79200001	80200000	21.875,78.125
A10	80000001	81000000	33.3333,66.6667
A10	80800001	81800000	30,70
A10	81600001	82600000	38.0952,61.9048
A10	82400001	83400000	28.5714,71.4286
A10	83200001	84200000	29.6296,70.3704
A10	84000001	85000000	13.3333,86.6667
A10	84800001	85800000	18.9189,81.0811
A10	85600001	86600000	30.303,69.697
A10	86400001	87400000	38.4615,61.5385
A10	87200001	88200000	31.8182,68.1818
A10	88000001	89000000	7.14286,92.8571
A10	88800001	89800000	8.57143,91.4286
A10	89600001	90600000	21.875,78.125
A10	90400001	91400000	13.8889,86.1111
A10	91200001	92200000	21.0526,78.9474
A10	92000001	93000000	22.5,77.5
A10	92800001	93800000	13.9535,86.0465
A10	93600001	94600000	11.5385,88.4615
A10	94400001	95400000	9.80392,90.1961
A10	95200001	96200000	22.2222,77.7778
A10	96000001	97000000	0,100
A10	96800001	97800000	20,80
A10	97600001	98600000	21.4286,78.5714
A10	98400001	99400000	22.7273,77.2727
A10	99200001	100200000	4.7619,95.2381
A10	100000001	101000000	16.6667,83.3333
A10	100800001	100866604	0,100
A11	1	1000000	11.1111,88.8889
A11	800001	1800000	19.0476,80.9524
A11	1600001	2600000	18.1818,81.8182
A11	2400001	3400000	20,80
A11	3200001	4200000	11.7647,88.2353
A11	4000001	5000000	25,75
A11	4800001	5800000	12.5,87.5
A11	5600001	6600000	14.2857,85.7143
A11	6400001	7400000	27.7778,72.2222
A11	7200001	8200000	33.3333,66.6667
A11	8000001	9000000	9.52381,90.4762
A11	8800001	9800000	12.2449,87.7551
A11	9600001	10600000	15.7895,84.2105
A11	10400001	11400000	13.0435,86.9565
A11	11200001	12200000	8.82353,91.1765
A11	12000001	13000000	8,92
A11	12800001	13800000	13.1579,86.8421
A11	13600001	14600000	9.67742,90.3226
A11	14400001	15400000	13.6364,86.3636
A11	15200001	16200000	8.33333,91.6667
A11	16000001	17000000	13.7931,86.2069
A11	16800001	17800000	14.5833,85.4167
A11	17600001	18600000	21.4286,78.5714
A11	18400001	19400000	16.2791,83.7209
A11	19200001	20200000	12.5,87.5
A11	20000001	21000000	15.3846,84.6154
A11	20800001	21800000	13.2353,86.7647
A11	21600001	22600000	9.09091,90.9091
A11	22400001	23400000	11.8644,88.1356
A11	23200001	24200000	18.4211,81.5789
A11	24000001	25000000	5.66038,94.3396
A11	24800001	25800000	13.9535,86.0465
A11	25600001	26600000	8.33333,91.6667
A11	26400001	27400000	18.1818,81.8182
A11	27200001	28200000	9.375,90.625
A11	28000001	29000000	27.2727,72.7273
A11	28800001	29800000	26.6667,73.3333
A11	29600001	30600000	33.3333,66.6667
A11	30400001	31400000	10,90
A11	31200001	32200000	45.4545,54.5455
A11	32000001	33000000	30,70
A11	32800001	33800000	21.4286,78.5714
A11	33600001	34600000	41.6667,58.3333
A11	34400001	35400000	14.2857,85.7143
A11	35200001	36200000	20,80
A11	36000001	37000000	25,75
A11	36800001	37800000	46.6667,53.3333
A11	37600001	38600000	0,100
A11	38400001	39400000	0,100
A11	39200001	40200000	20,80
A11	40000001	41000000	10,90
A11	40800001	41800000	17.6471,82.3529
A11	41600001	42600000	27.2727,72.7273
A11	42400001	43400000	14.2857,85.7143
A11	43200001	44200000	20,80
A11	44000001	45000000	46.1538,53.8462
A11	44800001	45800000	38.4615,61.5385
A11	45600001	46600000	18.1818,81.8182
A11	46400001	47400000	5.88235,94.1176
A11	47200001	48200000	12.5,87.5
A11	48000001	49000000	13.6364,86.3636
A11	48800001	49800000	21.4286,78.5714
A11	49600001	50600000	25,75
A11	50400001	51400000	10,90
A11	51200001	52200000	8.33333,91.6667
A11	52000001	53000000	12,88
A11	52800001	53800000	4.7619,95.2381
A11	53600001	54600000	10,90
A11	54400001	55400000	37.5,62.5
A11	55200001	56200000	16.6667,83.3333
A11	56000001	57000000	13.0435,86.9565
A11	56800001	57800000	30.7692,69.2308
A11	57600001	58600000	12.5,87.5
A11	58400001	59400000	8.33333,91.6667
A11	59200001	60200000	11.1111,88.8889
A11	60000001	61000000	42.8571,57.1429
A11	60800001	61800000	57.1429,42.8571
A11	61600001	62600000	20,80
A11	62400001	63400000	14.2857,85.7143
A11	63200001	64200000	14.2857,85.7143
A11	64000001	65000000	30.7692,69.2308
A11	64800001	65800000	36.3636,63.6364
A11	65600001	66600000	14.2857,85.7143
A11	66400001	67400000	23.5294,76.4706
A11	67200001	68200000	23.8095,76.1905
A11	68000001	69000000	14.2857,85.7143
A11	68800001	69800000	20,80
A11	69600001	70600000	36.3636,63.6364
A11	70400001	71400000	38.4615,61.5385
A11	71200001	72200000	25.9259,74.0741
A11	72000001	73000000	15.3846,84.6154
A11	72800001	73800000	25,75
A11	73600001	74600000	23.0769,76.9231
A11	74400001	75400000	18.75,81.25
A11	75200001	76200000	6.66667,93.3333
A11	76000001	77000000	8,92
A11	76800001	77800000	15.3846,84.6154
A11	77600001	78600000	21.7391,78.2609
A11	78400001	79400000	13.8889,86.1111
A11	79200001	80200000	34.4828,65.5172
A11	80000001	81000000	12.5,87.5
A11	80800001	81800000	17.6471,82.3529
A11	81600001	82600000	18.9189,81.0811
A11	82400001	83400000	6.81818,93.1818
A11	83200001	84200000	20.6897,79.3103
A11	84000001	85000000	15.1515,84.8485
A11	84800001	85800000	11.5385,88.4615
A11	85600001	86600000	10.3448,89.6552
A11	86400001	87400000	13.1579,86.8421
A11	87200001	88200000	32,68
A11	88000001	89000000	23.0769,76.9231
A11	88800001	89800000	13.7931,86.2069
A11	89600001	90600000	7.69231,92.3077
A11	90400001	91400000	0,100
A11	91200001	92200000	10.7143,89.2857
A11	92000001	93000000	36,64
A11	92800001	93316192	30,70
A12	1	1000000	17.8571,82.1429
A12	800001	1800000	8.33333,91.6667
A12	1600001	2600000	12.5,87.5
A12	2400001	3400000	12.1212,87.8788
A12	3200001	4200000	10.7143,89.2857
A12	4000001	5000000	11.3636,88.6364
A12	4800001	5800000	12.5,87.5
A12	5600001	6600000	16.6667,83.3333
A12	6400001	7400000	9.30233,90.6977
A12	7200001	8200000	22.5,77.5
A12	8000001	9000000	35.7143,64.2857
A12	8800001	9800000	20,80
A12	9600001	10600000	8.33333,91.6667
A12	10400001	11400000	10,90
A12	11200001	12200000	7.69231,92.3077
A12	12000001	13000000	10.8696,89.1304
A12	12800001	13800000	17.6471,82.3529
A12	13600001	14600000	15.7895,84.2105
A12	14400001	15400000	13.7931,86.2069
A12	15200001	16200000	15.3846,84.6154
A12	16000001	17000000	8,92
A12	16800001	17800000	30.7692,69.2308
A12	17600001	18600000	27.7778,72.2222
A12	18400001	19400000	8.33333,91.6667
A12	19200001	20200000	20,80
A12	20000001	21000000	15.3846,84.6154
A12	20800001	21800000	23.0769,76.9231
A12	21600001	22600000	30.7692,69.2308
A12	22400001	23400000	43.75,56.25
A12	23200001	24200000	30,70
A12	24000001	25000000	33.3333,66.6667
A12	24800001	25800000	16.6667,83.3333
A12	25600001	26600000	50,50
A12	26400001	27400000	23.0769,76.9231
A12	27200001	28200000	11.1111,88.8889
A12	28000001	29000000	37.5,62.5
A12	28800001	29800000	40,60
A12	29600001	30600000	50,50
A12	30400001	31400000	33.3333,66.6667
A12	31200001	32200000	0,100
A12	32000001	33000000	33.3333,66.6667
A12	32800001	33800000	50,50
A12	33600001	34600000	42.8571,57.1429
A12	34400001	35400000	25,75
A12	35200001	36200000	25,75
A12	36000001	37000000	0,100
A12	36800001	37800000	11.1111,88.8889
A12	37600001	38600000	35.7143,64.2857
A12	38400001	39400000	33.3333,66.6667
A12	39200001	40200000	20,80
A12	40000001	41000000	55.5556,44.4444
A12	40800001	41800000	28.5714,71.4286
A12	41600001	42600000	27.2727,72.7273
A12	42400001	43400000	14.2857,85.7143
A12	43200001	44200000	22.2222,77.7778
A12	44000001	45000000	30,70
A12	44800001	45800000	33.3333,66.6667
A12	45600001	46600000	20,80
A12	46400001	47400000	15.3846,84.6154
A12	47200001	48200000	13.3333,86.6667
A12	48000001	49000000	0,100
A12	48800001	49800000	36.3636,63.6364
A12	49600001	50600000	0,100
A12	50400001	51400000	10,90
A12	51200001	52200000	0,100
A12	52000001	53000000	9.09091,90.9091
A12	52800001	53800000	20,80
A12	53600001	54600000	0,100
A12	54400001	55400000	26.6667,73.3333
A12	55200001	56200000	8.33333,91.6667
A12	56000001	57000000	14.2857,85.7143
A12	56800001	57800000	16.129,83.871
A12	57600001	58600000	32.2581,67.7419
A12	58400001	59400000	26.3158,73.6842
A12	59200001	60200000	35.8974,64.1026
A12	60000001	61000000	22.2222,77.7778
A12	60800001	61800000	15.7895,84.2105
A12	61600001	62600000	17.1429,82.8571
A12	62400001	63400000	8,92
A12	63200001	64200000	6.25,93.75
A12	64000001	65000000	15.3846,84.6154
A12	64800001	65800000	18.75,81.25
A12	65600001	66600000	22.2222,77.7778
A12	66400001	67400000	7.54717,92.4528
A12	67200001	68200000	16.3265,83.6735
A12	68000001	69000000	23.5294,76.4706
A12	68800001	69800000	8.69565,91.3043
A12	69600001	70600000	18.1818,81.8182
A12	70400001	71400000	18.5185,81.4815
A12	71200001	72200000	8.82353,91.1765
A12	72000001	73000000	15.625,84.375
A12	72800001	73800000	3.0303,96.9697
A12	73600001	74600000	7.69231,92.3077
A12	74400001	75400000	9.7561,90.2439
A12	75200001	76200000	9.52381,90.4762
A12	76000001	77000000	9.52381,90.4762
A12	76800001	77800000	9.09091,90.9091
A12	77600001	78600000	6.66667,93.3333
A12	78400001	79400000	9.61538,90.3846
A12	79200001	80200000	9.80392,90.1961
A12	80000001	81000000	15.625,84.375
A12	80800001	81800000	8.33333,91.6667
A12	81600001	82600000	15.625,84.375
A12	82400001	83400000	16,84
A12	83200001	84200000	4,96
A12	84000001	85000000	14.2857,85.7143
A12	84800001	85800000	33.3333,66.6667
A12	85600001	86600000	27.7778,72.2222
A12	86400001	87400000	50,50
A12	87200001	87484866	50,50
A13	1	1000000	22.2222,77.7778
A13	800001	1800000	10.3448,89.6552
A13	1600001	2600000	15.3846,84.6154
A13	2400001	3400000	11.6279,88.3721
A13	3200001	4200000	7.40741,92.5926
A13	4000001	5000000	15.3846,84.6154
A13	4800001	5800000	12.5,87.5
A13	5600001	6600000	17.7778,82.2222
A13	6400001	7400000	30,70
A13	7200001	8200000	66.6667,33.3333
A13	8000001	9000000	16.6667,83.3333
A13	8800001	9800000	18.1818,81.8182
A13	9600001	10600000	20,80
A13	10400001	11400000	10.5263,89.4737
A13	11200001	12200000	2.94118,97.0588
A13	12000001	13000000	6.25,93.75
A13	12800001	13800000	4.34783,95.6522
A13	13600001	14600000	6.06061,93.9394
A13	14400001	15400000	16.6667,83.3333
A13	15200001	16200000	26.3158,73.6842
A13	16000001	17000000	18.1818,81.8182
A13	16800001	17800000	15.7895,84.2105
A13	17600001	18600000	0,100
A13	18400001	19400000	0,100
A13	19200001	20200000	0,100
A13	20000001	21000000	37.5,62.5
A13	20800001	21800000	40,60
A13	21600001	22600000	31.25,68.75
A13	22400001	23400000	13.3333,86.6667
A13	23200001	24200000	45.4545,54.5455
A13	24000001	25000000	33.3333,66.6667
A13	24800001	25800000	28.5714,71.4286
A13	25600001	26600000	28.5714,71.4286
A13	26400001	27400000	16.6667,83.3333
A13	27200001	28200000	62.5,37.5
A13	28000001	29000000	57.1429,42.8571
A13	28800001	29800000	25,75
A13	29600001	30600000	50,50
A13	30400001	31400000	11.1111,88.8889
A13	31200001	32200000	60,40
A13	32000001	33000000	55.5556,44.4444
A13	32800001	33800000	50,50
A13	33600001	34600000	36.3636,63.6364
A13	34400001	35400000	28.5714,71.4286
A13	35200001	36200000	46.1538,53.8462
A13	36000001	37000000	28.5714,71.4286
A13	36800001	37800000	33.3333,66.6667
A13	37600001	38600000	23.0769,76.9231
A13	38400001	39400000	13.3333,86.6667
A13	39200001	40200000	25,75
A13	40000001	41000000	30.7692,69.2308
A13	40800001	41800000	25,75
A13	41600001	42600000	16.6667,83.3333
A13	42400001	43400000	12.5,87.5
A13	43200001	44200000	13.3333,86.6667
A13	44000001	45000000	33.3333,66.6667
A13	44800001	45800000	0,100
A13	45600001	46600000	11.7647,88.2353
A13	46400001	47400000	19.0476,80.9524
A13	47200001	48200000	27.2727,72.7273
A13	48000001	49000000	30.7692,69.2308
A13	48800001	49800000	27.7778,72.2222
A13	49600001	50600000	10.5263,89.4737
A13	50400001	51400000	25,75
A13	51200001	52200000	6.66667,93.3333
A13	52000001	53000000	54.5455,45.4545
A13	52800001	53800000	18.75,81.25
A13	53600001	54600000	5.88235,94.1176
A13	54400001	55400000	14.2857,85.7143
A13	55200001	56200000	15.625,84.375
A13	56000001	57000000	12.5,87.5
A13	56800001	57800000	15,85
A13	57600001	58600000	20.6897,79.3103
A13	58400001	59400000	17.2414,82.7586
A13	59200001	60200000	18.1818,81.8182
A13	60000001	61000000	30.4348,69.5652
A13	60800001	61800000	20,80
A13	61600001	62600000	20,80
A13	62400001	63400000	3.44828,96.5517
A13	63200001	64200000	12,88
A13	64000001	65000000	23.0769,76.9231
A13	64800001	65800000	19.3548,80.6452
A13	65600001	66600000	16.6667,83.3333
A13	66400001	67400000	10,90
A13	67200001	68200000	10,90
A13	68000001	69000000	9.09091,90.9091
A13	68800001	69800000	13.2075,86.7925
A13	69600001	70600000	5.26316,94.7368
A13	70400001	71400000	9.80392,90.1961
A13	71200001	72200000	8.77193,91.2281
A13	72000001	73000000	16.2162,83.7838
A13	72800001	73800000	0,100
A13	73600001	74600000	11.3208,88.6792
A13	74400001	75400000	20,80
A13	75200001	76200000	11.5385,88.4615
A13	76000001	77000000	16.6667,83.3333
A13	76800001	77800000	10.7143,89.2857
A13	77600001	78600000	12,88
A13	78400001	79400000	36.8421,63.1579
A13	79200001	79961121	3.7037,96.2963
D01	1	1000000	33.3333,66.6667
D01	800001	1800000	35.7143,64.2857
D01	1600001	2600000	11.1111,88.8889
D01	2400001	3400000	6.66667,93.3333
D01	3200001	4200000	18.1818,81.8182
D01	4000001	5000000	9.67742,90.3226
D01	4800001	5800000	4.7619,95.2381
D01	5600001	6600000	5.71429,94.2857
D01	6400001	7400000	11.1111,88.8889
D01	7200001	8200000	18.1818,81.8182
D01	8000001	9000000	20,80
D01	8800001	9800000	6.75676,93.2432
D01	9600001	10600000	21.9512,78.0488
D01	10400001	11400000	8.82353,91.1765
D01	11200001	12200000	11.1111,88.8889
D01	12000001	13000000	27.2727,72.7273
D01	12800001	13800000	12.5,87.5
D01	13600001	14600000	9.09091,90.9091
D01	14400001	15400000	4.7619,95.2381
D01	15200001	16200000	18.75,81.25
D01	16000001	17000000	21.1538,78.8462
D01	16800001	17800000	11.3636,88.6364
D01	17600001	18600000	15.3846,84.6154
D01	18400001	19400000	12,88
D01	19200001	20200000	20.4545,79.5455
D01	20000001	21000000	36.1111,63.8889
D01	20800001	21800000	16.2162,83.7838
D01	21600001	22600000	18.4211,81.5789
D01	22400001	23400000	23.8095,76.1905
D01	23200001	24200000	25.7143,74.2857
D01	24000001	25000000	40,60
D01	24800001	25800000	17.9487,82.0513
D01	25600001	26600000	15.5556,84.4444
D01	26400001	27400000	27.5862,72.4138
D01	27200001	28200000	16,84
D01	28000001	29000000	25,75
D01	28800001	29800000	26.3158,73.6842
D01	29600001	30600000	26.6667,73.3333
D01	30400001	31400000	31.8182,68.1818
D01	31200001	32200000	22.2222,77.7778
D01	32000001	33000000	22.7273,77.2727
D01	32800001	33800000	14.2857,85.7143
D01	33600001	34600000	30.7692,69.2308
D01	34400001	35400000	34.6154,65.3846
D01	35200001	36200000	38.4615,61.5385
D01	36000001	37000000	25,75
D01	36800001	37800000	22.2222,77.7778
D01	37600001	38600000	11.7647,88.2353
D01	38400001	39400000	23.0769,76.9231
D01	39200001	40200000	16.6667,83.3333
D01	40000001	41000000	3.33333,96.6667
D01	40800001	41800000	18.75,81.25
D01	41600001	42600000	28.5714,71.4286
D01	42400001	43400000	14.2857,85.7143
D01	43200001	44200000	15.1515,84.8485
D01	44000001	45000000	18.1818,81.8182
D01	44800001	45800000	13.9535,86.0465
D01	45600001	46600000	10.7143,89.2857
D01	46400001	47400000	18.5185,81.4815
D01	47200001	48200000	25,75
D01	48000001	49000000	7.14286,92.8571
D01	48800001	49800000	19.2308,80.7692
D01	49600001	50600000	27.5862,72.4138
D01	50400001	51400000	18.75,81.25
D01	51200001	52200000	8.57143,91.4286
D01	52000001	53000000	14.7059,85.2941
D01	52800001	53800000	12.5,87.5
D01	53600001	54600000	13.6364,86.3636
D01	54400001	55400000	13.1579,86.8421
D01	55200001	56200000	11.5385,88.4615
D01	56000001	57000000	8.10811,91.8919
D01	56800001	57800000	23.5294,76.4706
D01	57600001	58600000	14.6341,85.3659
D01	58400001	59400000	25,75
D01	59200001	60200000	10.2564,89.7436
D01	60000001	61000000	30.4348,69.5652
D01	60800001	61456009	30.7692,69.2308
D02	1	1000000	30.7692,69.2308
D02	800001	1800000	42.8571,57.1429
D02	1600001	2600000	45.8333,54.1667
D02	2400001	3400000	14.2857,85.7143
D02	3200001	4200000	31.25,68.75
D02	4000001	5000000	35.7143,64.2857
D02	4800001	5800000	23.5294,76.4706
D02	5600001	6600000	26.4706,73.5294
D02	6400001	7400000	0,100
D02	7200001	8200000	22.2222,77.7778
D02	8000001	9000000	24.2424,75.7576
D02	8800001	9800000	12.5,87.5
D02	9600001	10600000	5.71429,94.2857
D02	10400001	11400000	15,85
D02	11200001	12200000	15.7895,84.2105
D02	12000001	13000000	20.8333,79.1667
D02	12800001	13800000	17.8571,82.1429
D02	13600001	14600000	13.3333,86.6667
D02	14400001	15400000	9.52381,90.4762
D02	15200001	16200000	21.4286,78.5714
D02	16000001	17000000	25,75
D02	16800001	17800000	29.6296,70.3704
D02	17600001	18600000	30.7692,69.2308
D02	18400001	19400000	37.5,62.5
D02	19200001	20200000	29.4118,70.5882
D02	20000001	21000000	9.09091,90.9091
D02	20800001	21800000	10,90
D02	21600001	22600000	10.7143,89.2857
D02	22400001	23400000	13.7931,86.2069
D02	23200001	24200000	8,92
D02	24000001	25000000	9.09091,90.9091
D02	24800001	25800000	13.0435,86.9565
D02	25600001	26600000	13.6364,86.3636
D02	26400001	27400000	11.7647,88.2353
D02	27200001	28200000	23.8095,76.1905
D02	28000001	29000000	18.1818,81.8182
D02	28800001	29800000	18.75,81.25
D02	29600001	30600000	33.3333,66.6667
D02	30400001	31400000	33.3333,66.6667
D02	31200001	32200000	7.69231,92.3077
D02	32000001	33000000	36.3636,63.6364
D02	32800001	33800000	37.5,62.5
D02	33600001	34600000	33.3333,66.6667
D02	34400001	35400000	25,75
D02	35200001	36200000	10.5263,89.4737
D02	36000001	37000000	18.1818,81.8182
D02	36800001	37800000	20.8333,79.1667
D02	37600001	38600000	24.1379,75.8621
D02	38400001	39400000	30,70
D02	39200001	40200000	16.2162,83.7838
D02	40000001	41000000	11.5385,88.4615
D02	40800001	41800000	16.6667,83.3333
D02	41600001	42600000	22.2222,77.7778
D02	42400001	43400000	15.1515,84.8485
D02	43200001	44200000	12.5,87.5
D02	44000001	45000000	18.1818,81.8182
D02	44800001	45800000	21.4286,78.5714
D02	45600001	46600000	11.1111,88.8889
D02	46400001	47400000	14.2857,85.7143
D02	47200001	48200000	17.6471,82.3529
D02	48000001	49000000	24,76
D02	48800001	49800000	12.5,87.5
D02	49600001	50600000	15.3846,84.6154
D02	50400001	51400000	20.6897,79.3103
D02	51200001	52200000	25.7143,74.2857
D02	52000001	53000000	16.2162,83.7838
D02	52800001	53800000	7.69231,92.3077
D02	53600001	54600000	21.6216,78.3784
D02	54400001	55400000	19.4444,80.5556
D02	55200001	56200000	13.5135,86.4865
D02	56000001	57000000	2.85714,97.1429
D02	56800001	57800000	5.40541,94.5946
D02	57600001	58600000	6.25,93.75
D02	58400001	59400000	21.2121,78.7879
D02	59200001	60200000	8.33333,91.6667
D02	60000001	61000000	27.2727,72.7273
D02	60800001	61800000	23.3333,76.6667
D02	61600001	62600000	12,88
D02	62400001	63400000	13.2353,86.7647
D02	63200001	64200000	23.3333,76.6667
D02	64000001	65000000	15.5556,84.4444
D02	64800001	65800000	13.7931,86.2069
D02	65600001	66600000	13.0435,86.9565
D02	66400001	67400000	23.0769,76.9231
D02	67200001	67284553	0,100
D03	1	1000000	11.7647,88.2353
D03	800001	1800000	20,80
D03	1600001	2600000	21.0526,78.9474
D03	2400001	3400000	16.6667,83.3333
D03	3200001	4200000	13.6364,86.3636
D03	4000001	5000000	17.3913,82.6087
D03	4800001	5800000	17.5,82.5
D03	5600001	6600000	7.69231,92.3077
D03	6400001	7400000	6.66667,93.3333
D03	7200001	8200000	21.9512,78.0488
D03	8000001	9000000	23.913,76.087
D03	8800001	9800000	17.3913,82.6087
D03	9600001	10600000	18.1818,81.8182
D03	10400001	11400000	18.5185,81.4815
D03	11200001	12200000	13.6364,86.3636
D03	12000001	13000000	18.5185,81.4815
D03	12800001	13800000	18.1818,81.8182
D03	13600001	14600000	15.3846,84.6154
D03	14400001	15400000	26.087,73.913
D03	15200001	16200000	20.6897,79.3103
D03	16000001	17000000	23.0769,76.9231
D03	16800001	17800000	0,100
D03	17600001	18600000	25,75
D03	18400001	19400000	28.5714,71.4286
D03	19200001	20200000	27.2727,72.7273
D03	20000001	21000000	22.2222,77.7778
D03	20800001	21800000	20,80
D03	21600001	22600000	23.0769,76.9231
D03	22400001	23400000	46.6667,53.3333
D03	23200001	24200000	28.5714,71.4286
D03	24000001	25000000	6.06061,93.9394
D03	24800001	25800000	12.8205,87.1795
D03	25600001	26600000	5.55556,94.4444
D03	26400001	27400000	15.3846,84.6154
D03	27200001	28200000	16.129,83.871
D03	28000001	29000000	33.3333,66.6667
D03	28800001	29800000	29.2683,70.7317
D03	29600001	30600000	12.9032,87.0968
D03	30400001	31400000	13.2353,86.7647
D03	31200001	32200000	8.88889,91.1111
D03	32000001	33000000	7.69231,92.3077
D03	32800001	33800000	6.66667,93.3333
D03	33600001	34600000	21.875,78.125
D03	34400001	35400000	12.1212,87.8788
D03	35200001	36200000	8.69565,91.3043
D03	36000001	37000000	20.9302,79.0698
D03	36800001	37800000	14.5455,85.4545
D03	37600001	38600000	11.4286,88.5714
D03	38400001	39400000	2.32558,97.6744
D03	39200001	40200000	9.09091,90.9091
D03	40000001	41000000	15.1515,84.8485
D03	40800001	41800000	18.75,81.25
D03	41600001	42600000	13.8889,86.1111
D03	42400001	43400000	11.1111,88.8889
D03	43200001	44200000	17.1429,82.8571
D03	44000001	45000000	22.2222,77.7778
D03	44800001	45800000	20,80
D03	45600001	46600000	33.3333,66.6667
D03	46400001	46690656	66.6667,33.3333
D04	1	1000000	16.6667,83.3333
D04	800001	1800000	3.57143,96.4286
D04	1600001	2600000	11.7647,88.2353
D04	2400001	3400000	13.3333,86.6667
D04	3200001	4200000	21.4286,78.5714
D04	4000001	5000000	13.7255,86.2745
D04	4800001	5800000	17.1429,82.8571
D04	5600001	6600000	26.4706,73.5294
D04	6400001	7400000	8.33333,91.6667
D04	7200001	8200000	17.8571,82.1429
D04	8000001	9000000	10,90
D04	8800001	9800000	9.375,90.625
D04	9600001	10600000	17.5,82.5
D04	10400001	11400000	11.7647,88.2353
D04	11200001	12200000	14.5833,85.4167
D04	12000001	13000000	14.2857,85.7143
D04	12800001	13800000	20.5128,79.4872
D04	13600001	14600000	3.57143,96.4286
D04	14400001	15400000	12.5,87.5
D04	15200001	16200000	13.7931,86.2069
D04	16000001	17000000	17.3913,82.6087
D04	16800001	17800000	10.7143,89.2857
D04	17600001	18600000	31.5789,68.4211
D04	18400001	19400000	18.75,81.25
D04	19200001	20200000	33.3333,66.6667
D04	20000001	21000000	0,100
D04	20800001	21800000	30.7692,69.2308
D04	21600001	22600000	28.5714,71.4286
D04	22400001	23400000	4.16667,95.8333
D04	23200001	24200000	8.69565,91.3043
D04	24000001	25000000	15.1515,84.8485
D04	24800001	25800000	25,75
D04	25600001	26600000	41.1765,58.8235
D04	26400001	27400000	25,75
D04	27200001	28200000	22.2222,77.7778
D04	28000001	29000000	21.7391,78.2609
D04	28800001	29800000	10.3448,89.6552
D04	29600001	30600000	22.5806,77.4194
D04	30400001	31400000	24,76
D04	31200001	32200000	18.4211,81.5789
D04	32000001	33000000	10.5263,89.4737
D04	32800001	33800000	9.52381,90.4762
D04	33600001	34600000	9.43396,90.566
D04	34400001	35400000	8.57143,91.4286
D04	35200001	36200000	7.69231,92.3077
D04	36000001	37000000	8.69565,91.3043
D04	36800001	37800000	21.2121,78.7879
D04	37600001	38600000	22.8571,77.1429
D04	38400001	39400000	18.9189,81.0811
D04	39200001	40200000	21.9512,78.0488
D04	40000001	41000000	20.8333,79.1667
D04	40800001	41800000	11.1111,88.8889
D04	41600001	42600000	19.5122,80.4878
D04	42400001	43400000	9.30233,90.6977
D04	43200001	44200000	11.1111,88.8889
D04	44000001	45000000	14.8148,85.1852
D04	44800001	45800000	18.6047,81.3953
D04	45600001	46600000	16.6667,83.3333
D04	46400001	47400000	16,84
D04	47200001	48200000	12.5,87.5
D04	48000001	49000000	30.7692,69.2308
D04	48800001	49800000	0,100
D04	49600001	50600000	29.4118,70.5882
D04	50400001	51400000	14.2857,85.7143
D04	51200001	51454130	0,100
D05	1	1000000	12.5,87.5
D05	800001	1800000	26.6667,73.3333
D05	1600001	2600000	18.1818,81.8182
D05	2400001	3400000	22.2222,77.7778
D05	3200001	4200000	20,80
D05	4000001	5000000	0,100
D05	4800001	5800000	26.6667,73.3333
D05	5600001	6600000	25,75
D05	6400001	7400000	62.5,37.5
D05	7200001	8200000	50,50
D05	8000001	9000000	50,50
D05	8800001	9800000	17.6471,82.3529
D05	9600001	10600000	12.5,87.5
D05	10400001	11400000	15.3846,84.6154
D05	11200001	12200000	0,100
D05	12000001	13000000	37.5,62.5
D05	12800001	13800000	20,80
D05	13600001	14600000	15,85
D05	14400001	15400000	4.34783,95.6522
D05	15200001	16200000	5.26316,94.7368
D05	16000001	17000000	9.09091,90.9091
D05	16800001	17800000	8.33333,91.6667
D05	17600001	18600000	30.4348,69.5652
D05	18400001	19400000	0,100
D05	19200001	20200000	16,84
D05	20000001	21000000	10.5263,89.4737
D05	20800001	21800000	27.2727,72.7273
D05	21600001	22600000	37.5,62.5
D05	22400001	23400000	23.8095,76.1905
D05	23200001	24200000	11.1111,88.8889
D05	24000001	25000000	13.3333,86.6667
D05	24800001	25800000	11.5385,88.4615
D05	25600001	26600000	23.3333,76.6667
D05	26400001	27400000	15.1515,84.8485
D05	27200001	28200000	6.66667,93.3333
D05	28000001	29000000	28,72
D05	28800001	29800000	19.3548,80.6452
D05	29600001	30600000	15.3846,84.6154
D05	30400001	31400000	9.09091,90.9091
D05	31200001	32200000	16.6667,83.3333
D05	32000001	33000000	55,45
D05	32800001	33800000	38.4615,61.5385
D05	33600001	34600000	12.9032,87.0968
D05	34400001	35400000	17.0732,82.9268
D05	35200001	36200000	31.0345,68.9655
D05	36000001	37000000	30.4348,69.5652
D05	36800001	37800000	20.6897,79.3103
D05	37600001	38600000	20.8333,79.1667
D05	38400001	39400000	5.55556,94.4444
D05	39200001	40200000	18.1818,81.8182
D05	40000001	41000000	28.5714,71.4286
D05	40800001	41800000	31.8182,68.1818
D05	41600001	42600000	20.6897,79.3103
D05	42400001	43400000	18.1818,81.8182
D05	43200001	44200000	40,60
D05	44000001	45000000	24,76
D05	44800001	45800000	31.8182,68.1818
D05	45600001	46600000	25.7143,74.2857
D05	46400001	47400000	24.3243,75.6757
D05	47200001	48200000	11.7647,88.2353
D05	48000001	49000000	26.3158,73.6842
D05	48800001	49800000	17.2414,82.7586
D05	49600001	50600000	15.2174,84.7826
D05	50400001	51400000	32.1429,67.8571
D05	51200001	52200000	29.6296,70.3704
D05	52000001	53000000	11.5385,88.4615
D05	52800001	53800000	21.4286,78.5714
D05	53600001	54600000	11.6279,88.3721
D05	54400001	55400000	34.7826,65.2174
D05	55200001	56200000	17.3913,82.6087
D05	56000001	57000000	16.6667,83.3333
D05	56800001	57800000	15.9091,84.0909
D05	57600001	58600000	19.5122,80.4878
D05	58400001	59400000	20,80
D05	59200001	60200000	23.0769,76.9231
D05	60000001	61000000	35.2941,64.7059
D05	60800001	61800000	40,60
D05	61600001	61933047	71.4286,28.5714
D06	1	1000000	22.5,77.5
D06	800001	1800000	31.5789,68.4211
D06	1600001	2600000	40,60
D06	2400001	3400000	0,100
D06	3200001	4200000	13.1579,86.8421
D06	4000001	5000000	28.8462,71.1538
D06	4800001	5800000	21.6216,78.3784
D06	5600001	6600000	2.77778,97.2222
D06	6400001	7400000	9.25926,90.7407
D06	7200001	8200000	9.21053,90.7895
D06	8000001	9000000	22.2222,77.7778
D06	8800001	9800000	26.4706,73.5294
D06	9600001	10600000	26.9231,73.0769
D06	10400001	11400000	11.5385,88.4615
D06	11200001	12200000	11.1111,88.8889
D06	12000001	13000000	17.7778,82.2222
D06	12800001	13800000	2.5641,97.4359
D06	13600001	14600000	11.3208,88.6792
D06	14400001	15400000	23.6842,76.3158
D06	15200001	16200000	14.6341,85.3659
D06	16000001	17000000	11.4286,88.5714
D06	16800001	17800000	16.6667,83.3333
D06	17600001	18600000	13.6364,86.3636
D06	18400001	19400000	18.75,81.25
D06	19200001	20200000	21.2121,78.7879
D06	20000001	21000000	19.5652,80.4348
D06	20800001	21800000	13.8889,86.1111
D06	21600001	22600000	14.6341,85.3659
D06	22400001	23400000	15.1515,84.8485
D06	23200001	24200000	13.7931,86.2069
D06	24000001	25000000	12.9032,87.0968
D06	24800001	25800000	4.16667,95.8333
D06	25600001	26600000	17.2414,82.7586
D06	26400001	27400000	35.2941,64.7059
D06	27200001	28200000	28.5714,71.4286
D06	28000001	29000000	19.0476,80.9524
D06	28800001	29800000	15.3846,84.6154
D06	29600001	30600000	15.7895,84.2105
D06	30400001	31400000	15,85
D06	31200001	32200000	33.3333,66.6667
D06	32000001	33000000	14.2857,85.7143
D06	32800001	33800000	13.3333,86.6667
D06	33600001	34600000	17.3913,82.6087
D06	34400001	35400000	44.4444,55.5556
D06	35200001	36200000	25,75
D06	36000001	37000000	20,80
D06	36800001	37800000	21.0526,78.9474
D06	37600001	38600000	21.4286,78.5714
D06	38400001	39400000	23.5294,76.4706
D06	39200001	40200000	25.9259,74.0741
D06	40000001	41000000	22.2222,77.7778
D06	40800001	41800000	29.4118,70.5882
D06	41600001	42600000	21.2121,78.7879
D06	42400001	43400000	17.3913,82.6087
D06	43200001	44200000	14.2857,85.7143
D06	44000001	45000000	15.3846,84.6154
D06	44800001	45800000	25,75
D06	45600001	46600000	24,76
D06	46400001	47400000	3.22581,96.7742
D06	47200001	48200000	17.3913,82.6087
D06	48000001	49000000	16.6667,83.3333
D06	48800001	49800000	23.0769,76.9231
D06	49600001	50600000	3.0303,96.9697
D06	50400001	51400000	12.5,87.5
D06	51200001	52200000	16,84
D06	52000001	53000000	25,75
D06	52800001	53800000	10.3448,89.6552
D06	53600001	54600000	13.5135,86.4865
D06	54400001	55400000	15.7895,84.2105
D06	55200001	56200000	14.6341,85.3659
D06	56000001	57000000	8.82353,91.1765
D06	56800001	57800000	20.8333,79.1667
D06	57600001	58600000	16.129,83.871
D06	58400001	59400000	7.01754,92.9825
D06	59200001	60200000	12.5,87.5
D06	60000001	61000000	17.5,82.5
D06	60800001	61800000	17.0732,82.9268
D06	61600001	62600000	5.55556,94.4444
D06	62400001	63400000	26.9231,73.0769
D06	63200001	64200000	20,80
D06	64000001	64294643	14.2857,85.7143
D07	1	1000000	16.6667,83.3333
D07	800001	1800000	33.3333,66.6667
D07	1600001	2600000	28.5714,71.4286
D07	2400001	3400000	36.8421,63.1579
D07	3200001	4200000	31.25,68.75
D07	4000001	5000000	37.5,62.5
D07	4800001	5800000	41.1765,58.8235
D07	5600001	6600000	41.1765,58.8235
D07	6400001	7400000	30,70
D07	7200001	8200000	33.3333,66.6667
D07	8000001	9000000	23.3333,76.6667
D07	8800001	9800000	22.7273,77.2727
D07	9600001	10600000	13.3333,86.6667
D07	10400001	11400000	0,100
D07	11200001	12200000	11.7647,88.2353
D07	12000001	13000000	26.4706,73.5294
D07	12800001	13800000	18.75,81.25
D07	13600001	14600000	12,88
D07	14400001	15400000	17.6471,82.3529
D07	15200001	16200000	35,65
D07	16000001	17000000	18.75,81.25
D07	16800001	17800000	17.6471,82.3529
D07	17600001	18600000	23.0769,76.9231
D07	18400001	19400000	20,80
D07	19200001	20200000	10.5263,89.4737
D07	20000001	21000000	29.1667,70.8333
D07	20800001	21800000	15.7895,84.2105
D07	21600001	22600000	36.8421,63.1579
D07	22400001	23400000	19.2308,80.7692
D07	23200001	24200000	20,80
D07	24000001	25000000	22.7273,77.2727
D07	24800001	25800000	16.6667,83.3333
D07	25600001	26600000	17.6471,82.3529
D07	26400001	27400000	31.5789,68.4211
D07	27200001	28200000	46.4286,53.5714
D07	28000001	29000000	22.2222,77.7778
D07	28800001	29800000	42.8571,57.1429
D07	29600001	30600000	38.4615,61.5385
D07	30400001	31400000	63.6364,36.3636
D07	31200001	32200000	14.2857,85.7143
D07	32000001	33000000	20,80
D07	32800001	33800000	42.8571,57.1429
D07	33600001	34600000	26.6667,73.3333
D07	34400001	35400000	25,75
D07	35200001	36200000	20,80
D07	36000001	37000000	41.6667,58.3333
D07	36800001	37800000	12.5,87.5
D07	37600001	38600000	18.1818,81.8182
D07	38400001	39400000	12.5,87.5
D07	39200001	40200000	37.5,62.5
D07	40000001	41000000	18.1818,81.8182
D07	40800001	41800000	30.7692,69.2308
D07	41600001	42600000	44.4444,55.5556
D07	42400001	43400000	11.1111,88.8889
D07	43200001	44200000	23.8095,76.1905
D07	44000001	45000000	31.25,68.75
D07	44800001	45800000	27.2727,72.7273
D07	45600001	46600000	20,80
D07	46400001	47400000	6.25,93.75
D07	47200001	48200000	39.1304,60.8696
D07	48000001	49000000	21.4286,78.5714
D07	48800001	49800000	41.6667,58.3333
D07	49600001	50600000	29.4118,70.5882
D07	50400001	51400000	25.9259,74.0741
D07	51200001	52200000	46.1538,53.8462
D07	52000001	53000000	25,75
D07	52800001	53800000	35.2941,64.7059
D07	53600001	54600000	12.5,87.5
D07	54400001	55400000	8.33333,91.6667
D07	55200001	55312611	50,50
D08	1	1000000	8.33333,91.6667
D08	800001	1800000	7.69231,92.3077
D08	1600001	2600000	0,100
D08	2400001	3400000	25,75
D08	3200001	4200000	16.6667,83.3333
D08	4000001	5000000	17.6471,82.3529
D08	4800001	5800000	7.14286,92.8571
D08	5600001	6600000	11.7647,88.2353
D08	6400001	7400000	16.2791,83.7209
D08	7200001	8200000	22.7273,77.2727
D08	8000001	9000000	25,75
D08	8800001	9800000	12,88
D08	9600001	10600000	39.2857,60.7143
D08	10400001	11400000	15.625,84.375
D08	11200001	12200000	8.33333,91.6667
D08	12000001	13000000	8.33333,91.6667
D08	12800001	13800000	9.7561,90.2439
D08	13600001	14600000	12.1212,87.8788
D08	14400001	15400000	0,100
D08	15200001	16200000	28.5714,71.4286
D08	16000001	17000000	21.2121,78.7879
D08	16800001	17800000	35.2941,64.7059
D08	17600001	18600000	16.6667,83.3333
D08	18400001	19400000	13.3333,86.6667
D08	19200001	20200000	29.0323,70.9677
D08	20000001	21000000	22.2222,77.7778
D08	20800001	21800000	28.5714,71.4286
D08	21600001	22600000	41.1765,58.8235
D08	22400001	23400000	14.2857,85.7143
D08	23200001	24200000	6.66667,93.3333
D08	24000001	25000000	4.34783,95.6522
D08	24800001	25800000	23.0769,76.9231
D08	25600001	26600000	33.3333,66.6667
D08	26400001	27400000	10,90
D08	27200001	28200000	14.2857,85.7143
D08	28000001	29000000	0,100
D08	28800001	29800000	4.7619,95.2381
D08	29600001	30600000	12.5,87.5
D08	30400001	31400000	27.2727,72.7273
D08	31200001	32200000	21.7391,78.2609
D08	32000001	33000000	15.3846,84.6154
D08	32800001	33800000	30.7692,69.2308
D08	33600001	34600000	29.4118,70.5882
D08	34400001	35400000	12.5,87.5
D08	35200001	36200000	18.1818,81.8182
D08	36000001	37000000	38.0952,61.9048
D08	36800001	37800000	17.2414,82.7586
D08	37600001	38600000	22.2222,77.7778
D08	38400001	39400000	29.6296,70.3704
D08	39200001	40200000	26.3158,73.6842
D08	40000001	41000000	18.1818,81.8182
D08	40800001	41800000	18.1818,81.8182
D08	41600001	42600000	11.3636,88.6364
D08	42400001	43400000	15.3846,84.6154
D08	43200001	44200000	19.4444,80.5556
D08	44000001	45000000	24.3243,75.6757
D08	44800001	45800000	11.1111,88.8889
D08	45600001	46600000	13.3333,86.6667
D08	46400001	47400000	18.5185,81.4815
D08	47200001	48200000	8.19672,91.8033
D08	48000001	49000000	9.09091,90.9091
D08	48800001	49800000	6.81818,93.1818
D08	49600001	50600000	17.8571,82.1429
D08	50400001	51400000	21.7391,78.2609
D08	51200001	52200000	20,80
D08	52000001	53000000	15.3846,84.6154
D08	52800001	53800000	5.71429,94.2857
D08	53600001	54600000	5.12821,94.8718
D08	54400001	55400000	10.5263,89.4737
D08	55200001	56200000	21.4286,78.5714
D08	56000001	57000000	21.2121,78.7879
D08	56800001	57800000	15.5556,84.4444
D08	57600001	58600000	8.57143,91.4286
D08	58400001	59400000	12.9032,87.0968
D08	59200001	60200000	7.69231,92.3077
D08	60000001	61000000	26.3158,73.6842
D08	60800001	61800000	19.0476,80.9524
D08	61600001	62600000	9.52381,90.4762
D08	62400001	63400000	6.89655,93.1034
D08	63200001	64200000	20.6897,79.3103
D08	64000001	65000000	20,80
D08	64800001	65800000	7.14286,92.8571
D08	65600001	65894135	0,100
D09	1	1000000	21.4286,78.5714
D09	800001	1800000	11.7647,88.2353
D09	1600001	2600000	11.7647,88.2353
D09	2400001	3400000	25.5319,74.4681
D09	3200001	4200000	15.5556,84.4444
D09	4000001	5000000	7.14286,92.8571
D09	4800001	5800000	15.3846,84.6154
D09	5600001	6600000	16.2162,83.7838
D09	6400001	7400000	15.3846,84.6154
D09	7200001	8200000	9.52381,90.4762
D09	8000001	9000000	25,75
D09	8800001	9800000	3.57143,96.4286
D09	9600001	10600000	0,100
D09	10400001	11400000	10.5263,89.4737
D09	11200001	12200000	12.5,87.5
D09	12000001	13000000	3.57143,96.4286
D09	12800001	13800000	10.5263,89.4737
D09	13600001	14600000	12.5,87.5
D09	14400001	15400000	18.5185,81.4815
D09	15200001	16200000	16.6667,83.3333
D09	16000001	17000000	26.6667,73.3333
D09	16800001	17800000	21.7391,78.2609
D09	17600001	18600000	22.2222,77.7778
D09	18400001	19400000	20,80
D09	19200001	20200000	50,50
D09	20000001	21000000	63.6364,36.3636
D09	20800001	21800000	40,60
D09	21600001	22600000	15.3846,84.6154
D09	22400001	23400000	9.09091,90.9091
D09	23200001	24200000	22.2222,77.7778
D09	24000001	25000000	22.5,77.5
D09	24800001	25800000	8.33333,91.6667
D09	25600001	26600000	10.3448,89.6552
D09	26400001	27400000	15,85
D09	27200001	28200000	12.5,87.5
D09	28000001	29000000	11.3636,88.6364
D09	28800001	29800000	13.1579,86.8421
D09	29600001	30600000	15.1515,84.8485
D09	30400001	31400000	17.3913,82.6087
D09	31200001	32200000	21.6216,78.3784
D09	32000001	33000000	17.3913,82.6087
D09	32800001	33800000	8.82353,91.1765
D09	33600001	34600000	12.5,87.5
D09	34400001	35400000	32.3529,67.6471
D09	35200001	36200000	21.4286,78.5714
D09	36000001	37000000	30.7692,69.2308
D09	36800001	37800000	42.1053,57.8947
D09	37600001	38600000	23.0769,76.9231
D09	38400001	39400000	15.3846,84.6154
D09	39200001	40200000	9.52381,90.4762
D09	40000001	41000000	4.34783,95.6522
D09	40800001	41800000	9.375,90.625
D09	41600001	42600000	37.5,62.5
D09	42400001	43400000	8.82353,91.1765
D09	43200001	44200000	20,80
D09	44000001	45000000	4.54545,95.4545
D09	44800001	45800000	12.9032,87.0968
D09	45600001	46600000	26.087,73.913
D09	46400001	47400000	4.7619,95.2381
D09	47200001	48200000	0,100
D09	48000001	49000000	29.4118,70.5882
D09	48800001	49800000	31.8182,68.1818
D09	49600001	50600000	15.7895,84.2105
D09	50400001	50995436	50,50
D10	1	1000000	46.1538,53.8462
D10	800001	1800000	58.3333,41.6667
D10	1600001	2600000	15,85
D10	2400001	3400000	23.0769,76.9231
D10	3200001	4200000	6.89655,93.1034
D10	4000001	5000000	20.8333,79.1667
D10	4800001	5800000	14.8148,85.1852
D10	5600001	6600000	5.55556,94.4444
D10	6400001	7400000	17.6471,82.3529
D10	7200001	8200000	26.6667,73.3333
D10	8000001	9000000	9.67742,90.3226
D10	8800001	9800000	18.4211,81.5789
D10	9600001	10600000	18.1818,81.8182
D10	10400001	11400000	25,75
D10	11200001	12200000	18.5185,81.4815
D10	12000001	13000000	18.75,81.25
D10	12800001	13800000	9.61538,90.3846
D10	13600001	14600000	16.129,83.871
D10	14400001	15400000	11.9048,88.0952
D10	15200001	16200000	17.1429,82.8571
D10	16000001	17000000	30.4348,69.5652
D10	16800001	17800000	11.4286,88.5714
D10	17600001	18600000	21.0526,78.9474
D10	18400001	19400000	18.1818,81.8182
D10	19200001	20200000	24.1379,75.8621
D10	20000001	21000000	18.6047,81.3953
D10	20800001	21800000	19.4444,80.5556
D10	21600001	22600000	20,80
D10	22400001	23400000	11.7647,88.2353
D10	23200001	24200000	12.1951,87.8049
D10	24000001	25000000	18.5185,81.4815
D10	24800001	25800000	12,88
D10	25600001	26600000	13.6364,86.3636
D10	26400001	27400000	20,80
D10	27200001	28200000	17.8571,82.1429
D10	28000001	29000000	25.7143,74.2857
D10	28800001	29800000	28.9474,71.0526
D10	29600001	30600000	14.8148,85.1852
D10	30400001	31400000	16.129,83.871
D10	31200001	32200000	22.2222,77.7778
D10	32000001	33000000	14.2857,85.7143
D10	32800001	33800000	26.3158,73.6842
D10	33600001	34600000	32.2581,67.7419
D10	34400001	35400000	36.8421,63.1579
D10	35200001	36200000	20,80
D10	36000001	37000000	12,88
D10	36800001	37800000	7.14286,92.8571
D10	37600001	38600000	20,80
D10	38400001	39400000	21.4286,78.5714
D10	39200001	40200000	21.7391,78.2609
D10	40000001	41000000	13.3333,86.6667
D10	40800001	41800000	23.8095,76.1905
D10	41600001	42600000	11.7647,88.2353
D10	42400001	43400000	8.33333,91.6667
D10	43200001	44200000	5.88235,94.1176
D10	44000001	45000000	10.2564,89.7436
D10	44800001	45800000	12.9032,87.0968
D10	45600001	46600000	8.10811,91.8919
D10	46400001	47400000	17.1429,82.8571
D10	47200001	48200000	5.26316,94.7368
D10	48000001	49000000	19.4444,80.5556
D10	48800001	49800000	23.3333,76.6667
D10	49600001	50600000	17.9487,82.0513
D10	50400001	51400000	7.5,92.5
D10	51200001	52200000	10.5263,89.4737
D10	52000001	53000000	15,85
D10	52800001	53800000	12.8205,87.1795
D10	53600001	54600000	11.7647,88.2353
D10	54400001	55400000	17.3913,82.6087
D10	55200001	56200000	8.69565,91.3043
D10	56000001	57000000	9.67742,90.3226
D10	56800001	57800000	8.69565,91.3043
D10	57600001	58600000	23.0769,76.9231
D10	58400001	59400000	20,80
D10	59200001	60200000	20,80
D10	60000001	61000000	21.4286,78.5714
D10	60800001	61800000	5,95
D10	61600001	62600000	11.7647,88.2353
D10	62400001	63400000	8.33333,91.6667
D10	63200001	63374666	0,100
D11	1	1000000	11.1111,88.8889
D11	800001	1800000	30.7692,69.2308
D11	1600001	2600000	30,70
D11	2400001	3400000	25,75
D11	3200001	4200000	7.69231,92.3077
D11	4000001	5000000	9.09091,90.9091
D11	4800001	5800000	0,100
D11	5600001	6600000	8,92
D11	6400001	7400000	9.67742,90.3226
D11	7200001	8200000	2.38095,97.619
D11	8000001	9000000	10.2564,89.7436
D11	8800001	9800000	11.7647,88.2353
D11	9600001	10600000	15.625,84.375
D11	10400001	11400000	12.1212,87.8788
D11	11200001	12200000	14.2857,85.7143
D11	12000001	13000000	15.625,84.375
D11	12800001	13800000	25.9259,74.0741
D11	13600001	14600000	14.2857,85.7143
D11	14400001	15400000	11.7647,88.2353
D11	15200001	16200000	8.82353,91.1765
D11	16000001	17000000	11.3636,88.6364
D11	16800001	17800000	12.069,87.931
D11	17600001	18600000	11.3636,88.6364
D11	18400001	19400000	20,80
D11	19200001	20200000	15.6863,84.3137
D11	20000001	21000000	11.7647,88.2353
D11	20800001	21800000	12.9032,87.0968
D11	21600001	22600000	9.09091,90.9091
D11	22400001	23400000	12.1212,87.8788
D11	23200001	24200000	12.5,87.5
D11	24000001	25000000	17.7778,82.2222
D11	24800001	25800000	27.907,72.093
D11	25600001	26600000	17.7778,82.2222
D11	26400001	27400000	11.6279,88.3721
D11	27200001	28200000	22.2222,77.7778
D11	28000001	29000000	14.0351,85.9649
D11	28800001	29800000	14.2857,85.7143
D11	29600001	30600000	5.55556,94.4444
D11	30400001	31400000	12.9032,87.0968
D11	31200001	32200000	23.0769,76.9231
D11	32000001	33000000	16.129,83.871
D11	32800001	33800000	25,75
D11	33600001	34600000	16.2162,83.7838
D11	34400001	35400000	26.3158,73.6842
D11	35200001	36200000	8.33333,91.6667
D11	36000001	37000000	14.2857,85.7143
D11	36800001	37800000	15.625,84.375
D11	37600001	38600000	17.1429,82.8571
D11	38400001	39400000	20,80
D11	39200001	40200000	23.5294,76.4706
D11	40000001	41000000	16.6667,83.3333
D11	40800001	41800000	0,100
D11	41600001	42600000	18.1818,81.8182
D11	42400001	43400000	7.5,92.5
D11	43200001	44200000	16.2791,83.7209
D11	44000001	45000000	26.8293,73.1707
D11	44800001	45800000	16.129,83.871
D11	45600001	46600000	0,100
D11	46400001	47400000	21.6216,78.3784
D11	47200001	48200000	38.0952,61.9048
D11	48000001	49000000	22.2222,77.7778
D11	48800001	49800000	27.2727,72.7273
D11	49600001	50600000	20,80
D11	50400001	51400000	38.0952,61.9048
D11	51200001	52200000	23.3333,76.6667
D11	52000001	53000000	13.7255,86.2745
D11	52800001	53800000	28.125,71.875
D11	53600001	54600000	13.7931,86.2069
D11	54400001	55400000	13.7931,86.2069
D11	55200001	56200000	16.2791,83.7209
D11	56000001	57000000	6.66667,93.3333
D11	56800001	57800000	11.1111,88.8889
D11	57600001	58600000	15,85
D11	58400001	59400000	20,80
D11	59200001	60200000	34.7826,65.2174
D11	60000001	61000000	47.3684,52.6316
D11	60800001	61800000	18.75,81.25
D11	61600001	62600000	22.2222,77.7778
D11	62400001	63400000	41.6667,58.3333
D11	63200001	64200000	29.4118,70.5882
D11	64000001	65000000	15.7895,84.2105
D11	64800001	65800000	30,70
D11	65600001	66087774	16.6667,83.3333
D12	1	1000000	28,72
D12	800001	1800000	14.8148,85.1852
D12	1600001	2600000	25.9259,74.0741
D12	2400001	3400000	12.5,87.5
D12	3200001	4200000	7.69231,92.3077
D12	4000001	5000000	16,84
D12	4800001	5800000	17.1429,82.8571
D12	5600001	6600000	16,84
D12	6400001	7400000	18.75,81.25
D12	7200001	8200000	15.6863,84.3137
D12	8000001	9000000	4.44444,95.5556
D12	8800001	9800000	15.3846,84.6154
D12	9600001	10600000	28.8889,71.1111
D12	10400001	11400000	16.6667,83.3333
D12	11200001	12200000	11.1111,88.8889
D12	12000001	13000000	3.57143,96.4286
D12	12800001	13800000	23.3333,76.6667
D12	13600001	14600000	19.5122,80.4878
D12	14400001	15400000	16.6667,83.3333
D12	15200001	16200000	20,80
D12	16000001	17000000	14.8148,85.1852
D12	16800001	17800000	18.75,81.25
D12	17600001	18600000	13.1579,86.8421
D12	18400001	19400000	14.6341,85.3659
D12	19200001	20200000	15.625,84.375
D12	20000001	21000000	30.7692,69.2308
D12	20800001	21800000	16.6667,83.3333
D12	21600001	22600000	15,85
D12	22400001	23400000	23.0769,76.9231
D12	23200001	24200000	18.1818,81.8182
D12	24000001	25000000	25,75
D12	24800001	25800000	19.3548,80.6452
D12	25600001	26600000	19.4444,80.5556
D12	26400001	27400000	13.3333,86.6667
D12	27200001	28200000	17.8571,82.1429
D12	28000001	29000000	20.8333,79.1667
D12	28800001	29800000	15.3846,84.6154
D12	29600001	30600000	15,85
D12	30400001	31400000	6.25,93.75
D12	31200001	32200000	22.2222,77.7778
D12	32000001	33000000	33.3333,66.6667
D12	32800001	33800000	18.75,81.25
D12	33600001	34600000	8.69565,91.3043
D12	34400001	35400000	12.5,87.5
D12	35200001	36200000	13.3333,86.6667
D12	36000001	37000000	25.8065,74.1935
D12	36800001	37800000	19.0476,80.9524
D12	37600001	38600000	9.83607,90.1639
D12	38400001	39400000	2.63158,97.3684
D12	39200001	40200000	23.0769,76.9231
D12	40000001	41000000	11.5385,88.4615
D12	40800001	41800000	20.8333,79.1667
D12	41600001	42600000	14.2857,85.7143
D12	42400001	43400000	19.3548,80.6452
D12	43200001	44200000	5.26316,94.7368
D12	44000001	45000000	25.8065,74.1935
D12	44800001	45800000	23.0769,76.9231
D12	45600001	46600000	13.5593,86.4407
D12	46400001	47400000	9.67742,90.3226
D12	47200001	48200000	18.1818,81.8182
D12	48000001	49000000	21.1538,78.8462
D12	48800001	49800000	11.5385,88.4615
D12	49600001	50600000	12.5,87.5
D12	50400001	51400000	33.3333,66.6667
D12	51200001	52200000	18.8679,81.1321
D12	52000001	53000000	13.0435,86.9565
D12	52800001	53800000	11.1111,88.8889
D12	53600001	54600000	9.09091,90.9091
D12	54400001	55400000	5.76923,94.2308
D12	55200001	56200000	5.71429,94.2857
D12	56000001	57000000	25,75
D12	56800001	57800000	45.4545,54.5455
D12	57600001	58600000	19.3548,80.6452
D12	58400001	59109837	11.1111,88.8889
D13	1	1000000	9.09091,90.9091
D13	800001	1800000	23.0769,76.9231
D13	1600001	2600000	25,75
D13	2400001	3400000	40,60
D13	3200001	4200000	36.3636,63.6364
D13	4000001	5000000	20,80
D13	4800001	5800000	8,92
D13	5600001	6600000	11.6279,88.3721
D13	6400001	7400000	11.3636,88.6364
D13	7200001	8200000	9.25926,90.7407
D13	8000001	9000000	7.14286,92.8571
D13	8800001	9800000	11.3636,88.6364
D13	9600001	10600000	10,90
D13	10400001	11400000	15,85
D13	11200001	12200000	12.9032,87.0968
D13	12000001	13000000	10.7143,89.2857
D13	12800001	13800000	12.5,87.5
D13	13600001	14600000	13.5135,86.4865
D13	14400001	15400000	25,75
D13	15200001	16200000	9.52381,90.4762
D13	16000001	17000000	25,75
D13	16800001	17800000	16.6667,83.3333
D13	17600001	18600000	18.75,81.25
D13	18400001	19400000	34.6154,65.3846
D13	19200001	20200000	23.0769,76.9231
D13	20000001	21000000	10,90
D13	20800001	21800000	22.2222,77.7778
D13	21600001	22600000	40,60
D13	22400001	23400000	66.6667,33.3333
D13	23200001	24200000	50,50
D13	24000001	25000000	28.5714,71.4286
D13	24800001	25800000	21.4286,78.5714
D13	25600001	26600000	42.8571,57.1429
D13	26400001	27400000	33.3333,66.6667
D13	27200001	28200000	31.8182,68.1818
D13	28000001	29000000	0,100
D13	28800001	29800000	14.6341,85.3659
D13	29600001	30600000	16.129,83.871
D13	30400001	31400000	29.4118,70.5882
D13	31200001	32200000	20.8333,79.1667
D13	32000001	33000000	16,84
D13	32800001	33800000	8,92
D13	33600001	34600000	10.5263,89.4737
D13	34400001	35400000	31.4286,68.5714
D13	35200001	36200000	17.8571,82.1429
D13	36000001	37000000	33.3333,66.6667
D13	36800001	37800000	27.2727,72.7273
D13	37600001	38600000	20,80
D13	38400001	39400000	7.69231,92.3077
D13	39200001	40200000	11.7647,88.2353
D13	40000001	41000000	35.2941,64.7059
D13	40800001	41800000	27.7778,72.2222
D13	41600001	42600000	7.14286,92.8571
D13	42400001	43400000	9.09091,90.9091
D13	43200001	44200000	20,80
D13	44000001	45000000	18.4211,81.5789
D13	44800001	45800000	19.4444,80.5556
D13	45600001	46600000	21.9512,78.0488
D13	46400001	47400000	11.1111,88.8889
D13	47200001	48200000	11.7647,88.2353
D13	48000001	49000000	8.10811,91.8919
D13	48800001	49800000	9.7561,90.2439
D13	49600001	50600000	10.8696,89.1304
D13	50400001	51400000	15.3846,84.6154
D13	51200001	52200000	15.3846,84.6154
D13	52000001	53000000	21.0526,78.9474
D13	52800001	53800000	21.6216,78.3784
D13	53600001	54600000	25,75
D13	54400001	55400000	10.8108,89.1892
D13	55200001	56200000	5.55556,94.4444
D13	56000001	57000000	13.3333,86.6667
D13	56800001	57800000	5,95
D13	57600001	58600000	34.7826,65.2174
D13	58400001	59400000	12.5,87.5
D13	59200001	60200000	9.52381,90.4762
D13	60000001	60534298	33.3333,66.6667
