D01	1	1000001	99
D01	200001	1200001	118
D01	400001	1400001	134
D01	600001	1600001	57
D01	800001	1800001	79
D01	1000001	2000001	96
D01	1200001	2200001	89
D01	1400001	2400001	73
D01	1600001	2600001	67
D01	1800001	2800001	95
D01	2000001	3000001	81
D01	2200001	3200001	73
D01	2400001	3400001	69
D01	2600001	3600001	90
D01	2800001	3800001	72
D01	3000001	4000001	67
D01	3200001	4200001	63
D01	3400001	4400001	66
D01	3600001	4600001	53
D01	3800001	4800001	22
D01	4000001	5000001	27
D01	4200001	5200001	144
D01	4400001	5400001	142
D01	4600001	5600001	149
D01	4800001	5800001	151
D01	5000001	6000001	155
D01	5200001	6200001	68
D01	5400001	6400001	73
D01	5600001	6600001	92
D01	5800001	6800001	125
D01	6000001	7000001	143
D01	6200001	7200001	114
D01	6400001	7400001	145
D01	6600001	7600001	110
D01	6800001	7800001	75
D01	7000001	8000001	48
D01	7200001	8200001	71
D01	7400001	8400001	36
D01	7600001	8600001	56
D01	7800001	8800001	58
D01	8000001	9000001	63
D01	8200001	9200001	61
D01	8400001	9400001	62
D01	8600001	9600001	51
D01	8800001	9800001	66
D01	9000001	10000001	70
D01	9200001	10200001	83
D01	9400001	10400001	84
D01	9600001	10600001	93
D01	9800001	10800001	103
D01	10000001	11000001	99
D01	10200001	11200001	69
D01	10400001	11400001	67
D01	10600001	11600001	55
D01	10800001	11800001	32
D01	11000001	12000001	25
D01	11200001	12200001	18
D01	11400001	12400001	24
D01	11600001	12600001	21
D01	11800001	12800001	15
D01	12000001	13000001	62
D01	12200001	13200001	70
D01	12400001	13400001	72
D01	12600001	13600001	72
D01	12800001	13800001	81
D01	13000001	14000001	36
D01	13200001	14200001	35
D01	13400001	14400001	50
D01	13600001	14600001	51
D01	13800001	14800001	53
D01	14000001	15000001	75
D01	14200001	15200001	191
D01	14400001	15400001	166
D01	14600001	15600001	204
D01	14800001	15800001	213
D01	15000001	16000001	398
D01	15200001	16200001	282
D01	15400001	16400001	285
D01	15600001	16600001	255
D01	15800001	16800001	248
D01	16000001	17000001	43
D01	16200001	17200001	36
D01	16400001	17400001	35
D01	16600001	17600001	23
D01	16800001	17800001	17
D01	17000001	18000001	16
D01	17200001	18200001	54
D01	17400001	18400001	66
D01	17600001	18600001	73
D01	17800001	18800001	71
D01	18000001	19000001	72
D01	18200001	19200001	33
D01	18400001	19400001	29
D01	18600001	19600001	29
D01	18800001	19800001	23
D01	19000001	20000001	24
D01	19200001	20200001	23
D01	19400001	20400001	17
D01	19600001	20600001	14
D01	19800001	20800001	14
D01	20000001	21000001	40
D01	20200001	21200001	46
D01	20400001	21400001	163
D01	20600001	21600001	164
D01	20800001	21800001	176
D01	21000001	22000001	146
D01	21200001	22200001	143
D01	21400001	22400001	124
D01	21600001	22600001	120
D01	21800001	22800001	115
D01	22000001	23000001	121
D01	22200001	23200001	122
D01	22400001	23400001	20
D01	22600001	23600001	210
D01	22800001	23800001	215
D01	23000001	24000001	210
D01	23200001	24200001	212
D01	23400001	24400001	211
D01	23600001	24600001	32
D01	23800001	24800001	59
D01	24000001	25000001	63
D01	24200001	25200001	60
D01	24400001	25400001	61
D01	24600001	25600001	60
D01	24800001	25800001	103
D01	25000001	26000001	118
D01	25200001	26200001	115
D01	25400001	26400001	115
D01	25600001	26600001	104
D01	25800001	26800001	23
D01	26000001	27000001	18
D01	26200001	27200001	18
D01	26400001	27400001	32
D01	26600001	27600001	32
D01	26800001	27800001	87
D01	27000001	28000001	76
D01	27200001	28200001	84
D01	27400001	28400001	73
D01	27600001	28600001	88
D01	27800001	28800001	34
D01	28000001	29000001	30
D01	28200001	29200001	28
D01	28400001	29400001	27
D01	28600001	29600001	40
D01	28800001	29800001	41
D01	29000001	30000001	40
D01	29200001	30200001	44
D01	29400001	30400001	44
D01	29600001	30600001	27
D01	29800001	30800001	26
D01	30000001	31000001	32
D01	30200001	31200001	26
D01	30400001	31400001	26
D01	30600001	31600001	48
D01	30800001	31800001	83
D01	31000001	32000001	116
D01	31200001	32200001	112
D01	31400001	32400001	111
D01	31600001	32600001	78
D01	31800001	32800001	72
D01	32000001	33000001	33
D01	32200001	33200001	35
D01	32400001	33400001	33
D01	32600001	33600001	33
D01	32800001	33800001	3
D01	33000001	34000001	38
D01	33200001	34200001	38
D01	33400001	34400001	38
D01	33600001	34600001	98
D01	33800001	34800001	98
D01	34000001	35000001	63
D01	34200001	35200001	62
D01	34400001	35400001	66
D01	34600001	35600001	11
D01	34800001	35800001	11
D01	35000001	36000001	85
D01	35200001	36200001	88
D01	35400001	36400001	91
D01	35600001	36600001	97
D01	35800001	36800001	96
D01	36000001	37000001	24
D01	36200001	37200001	21
D01	36400001	37400001	15
D01	36600001	37600001	4
D01	36800001	37800001	7
D01	37000001	38000001	7
D01	37200001	38200001	7
D01	37400001	38400001	7
D01	37600001	38600001	9
D01	37800001	38800001	7
D01	38000001	39000001	28
D01	38200001	39200001	34
D01	38400001	39400001	39
D01	38600001	39600001	39
D01	38800001	39800001	91
D01	39000001	40000001	83
D01	39200001	40200001	76
D01	39400001	40400001	74
D01	39600001	40600001	93
D01	39800001	40800001	43
D01	40000001	41000001	43
D01	40200001	41200001	45
D01	40400001	41400001	46
D01	40600001	41600001	35
D01	40800001	41800001	41
D01	41000001	42000001	82
D01	41200001	42200001	110
D01	41400001	42400001	105
D01	41600001	42600001	104
D01	41800001	42800001	97
D01	42000001	43000001	43
D01	42200001	43200001	24
D01	42400001	43400001	29
D01	42600001	43600001	20
D01	42800001	43800001	22
D01	43000001	44000001	23
D01	43200001	44200001	12
D01	43400001	44400001	14
D01	43600001	44600001	15
D01	43800001	44800001	15
D01	44000001	45000001	17
D01	44200001	45200001	21
D01	44400001	45400001	22
D01	44600001	45600001	22
D01	44800001	45800001	40
D01	45000001	46000001	37
D01	45200001	46200001	35
D01	45400001	46400001	55
D01	45600001	46600001	57
D01	45800001	46800001	38
D01	46000001	47000001	365
D01	46200001	47200001	363
D01	46400001	47400001	397
D01	46600001	47600001	406
D01	46800001	47800001	435
D01	47000001	48000001	110
D01	47200001	48200001	110
D01	47400001	48400001	50
D01	47600001	48600001	43
D01	47800001	48800001	12
D01	48000001	49000001	28
D01	48200001	49200001	35
D01	48400001	49400001	40
D01	48600001	49600001	44
D01	48800001	49800001	47
D01	49000001	50000001	30
D01	49200001	50200001	36
D01	49400001	50400001	49
D01	49600001	50600001	44
D01	49800001	50800001	40
D01	50000001	51000001	44
D01	50200001	51200001	36
D01	50400001	51400001	18
D01	50600001	51600001	19
D01	50800001	51800001	28
D01	51000001	52000001	28
D01	51200001	52200001	34
D01	51400001	52400001	44
D01	51600001	52600001	58
D01	51800001	52800001	53
D01	52000001	53000001	58
D01	52200001	53200001	49
D01	52400001	53400001	50
D01	52600001	53600001	36
D01	52800001	53800001	39
D01	53000001	54000001	41
D01	53200001	54200001	98
D01	53400001	54400001	90
D01	53600001	54600001	85
D01	53800001	54800001	144
D01	54000001	55000001	132
D01	54200001	55200001	82
D01	54400001	55400001	80
D01	54600001	55600001	91
D01	54800001	55800001	28
D01	55000001	56000001	40
D01	55200001	56200001	75
D01	55400001	56400001	96
D01	55600001	56600001	116
D01	55800001	56800001	171
D01	56000001	57000001	158
D01	56200001	57200001	303
D01	56400001	57400001	282
D01	56600001	57600001	262
D01	56800001	57800001	230
D01	57000001	58000001	236
D01	57200001	58200001	56
D01	57400001	58400001	59
D01	57600001	58600001	50
D01	57800001	58800001	137
D01	58000001	59000001	155
D01	58200001	59200001	154
D01	58400001	59400001	154
D01	58600001	59600001	185
D01	58800001	59800001	86
D01	59000001	60000001	110
D01	59200001	60200001	119
D01	59400001	60400001	122
D01	59600001	60600001	114
D01	59800001	60800001	133
D01	60000001	61000001	89
D01	60200001	61200001	82
D01	60400001	61400001	84
D01	60600001	61600001	68
D01	60800001	61800001	35
D01	61000001	62000001	30
D01	61200001	62200001	20
D02	1	1000001	45
D02	200001	1200001	52
D02	400001	1400001	57
D02	600001	1600001	48
D02	800001	1800001	45
D02	1000001	2000001	53
D02	1200001	2200001	48
D02	1400001	2400001	41
D02	1600001	2600001	33
D02	1800001	2800001	31
D02	2000001	3000001	28
D02	2200001	3200001	30
D02	2400001	3400001	27
D02	2600001	3600001	32
D02	2800001	3800001	35
D02	3000001	4000001	29
D02	3200001	4200001	82
D02	3400001	4400001	83
D02	3600001	4600001	97
D02	3800001	4800001	96
D02	4000001	5000001	108
D02	4200001	5200001	61
D02	4400001	5400001	62
D02	4600001	5600001	48
D02	4800001	5800001	59
D02	5000001	6000001	81
D02	5200001	6200001	104
D02	5400001	6400001	108
D02	5600001	6600001	110
D02	5800001	6800001	94
D02	6000001	7000001	62
D02	6200001	7200001	50
D02	6400001	7400001	52
D02	6600001	7600001	52
D02	6800001	7800001	67
D02	7000001	8000001	90
D02	7200001	8200001	158
D02	7400001	8400001	159
D02	7600001	8600001	160
D02	7800001	8800001	159
D02	8000001	9000001	136
D02	8200001	9200001	45
D02	8400001	9400001	34
D02	8600001	9600001	32
D02	8800001	9800001	22
D02	9000001	10000001	44
D02	9200001	10200001	50
D02	9400001	10400001	54
D02	9600001	10600001	60
D02	9800001	10800001	79
D02	10000001	11000001	56
D02	10200001	11200001	88
D02	10400001	11400001	91
D02	10600001	11600001	89
D02	10800001	11800001	83
D02	11000001	12000001	82
D02	11200001	12200001	50
D02	11400001	12400001	80
D02	11600001	12600001	115
D02	11800001	12800001	109
D02	12000001	13000001	116
D02	12200001	13200001	115
D02	12400001	13400001	85
D02	12600001	13600001	54
D02	12800001	13800001	40
D02	13000001	14000001	44
D02	13200001	14200001	43
D02	13400001	14400001	40
D02	13600001	14600001	27
D02	13800001	14800001	29
D02	14000001	15000001	81
D02	14200001	15200001	75
D02	14400001	15400001	70
D02	14600001	15600001	76
D02	14800001	15800001	112
D02	15000001	16000001	55
D02	15200001	16200001	59
D02	15400001	16400001	63
D02	15600001	16600001	62
D02	15800001	16800001	23
D02	16000001	17000001	24
D02	16200001	17200001	30
D02	16400001	17400001	25
D02	16600001	17600001	31
D02	16800001	17800001	49
D02	17000001	18000001	47
D02	17200001	18200001	37
D02	17400001	18400001	43
D02	17600001	18600001	37
D02	17800001	18800001	22
D02	18000001	19000001	17
D02	18200001	19200001	17
D02	18400001	19400001	14
D02	18600001	19600001	16
D02	18800001	19800001	16
D02	19000001	20000001	20
D02	19200001	20200001	22
D02	19400001	20400001	23
D02	19600001	20600001	18
D02	19800001	20800001	18
D02	20000001	21000001	19
D02	20200001	21200001	29
D02	20400001	21400001	29
D02	20600001	21600001	27
D02	20800001	21800001	26
D02	21000001	22000001	28
D02	21200001	22200001	20
D02	21400001	22400001	20
D02	21600001	22600001	20
D02	21800001	22800001	40
D02	22000001	23000001	33
D02	22200001	23200001	33
D02	22400001	23400001	34
D02	22600001	23600001	68
D02	22800001	23800001	48
D02	23000001	24000001	49
D02	23200001	24200001	54
D02	23400001	24400001	55
D02	23600001	24600001	21
D02	23800001	24800001	29
D02	24000001	25000001	31
D02	24200001	25200001	24
D02	24400001	25400001	49
D02	24600001	25600001	48
D02	24800001	25800001	51
D02	25000001	26000001	53
D02	25200001	26200001	62
D02	25400001	26400001	31
D02	25600001	26600001	30
D02	25800001	26800001	39
D02	26000001	27000001	38
D02	26200001	27200001	28
D02	26400001	27400001	42
D02	26600001	27600001	45
D02	26800001	27800001	23
D02	27000001	28000001	19
D02	27200001	28200001	18
D02	27400001	28400001	13
D02	27600001	28600001	12
D02	27800001	28800001	24
D02	28000001	29000001	24
D02	28200001	29200001	25
D02	28400001	29400001	16
D02	28600001	29600001	16
D02	28800001	29800001	17
D02	29000001	30000001	19
D02	29200001	30200001	21
D02	29400001	30400001	24
D02	29600001	30600001	22
D02	29800001	30800001	14
D02	30000001	31000001	14
D02	30200001	31200001	15
D02	30400001	31400001	14
D02	30600001	31600001	16
D02	30800001	31800001	29
D02	31000001	32000001	32
D02	31200001	32200001	28
D02	31400001	32400001	26
D02	31600001	32600001	27
D02	31800001	32800001	12
D02	32000001	33000001	6
D02	32200001	33200001	13
D02	32400001	33400001	16
D02	32600001	33600001	13
D02	32800001	33800001	10
D02	33000001	34000001	19
D02	33200001	34200001	16
D02	33400001	34400001	132
D02	33600001	34600001	136
D02	33800001	34800001	139
D02	34000001	35000001	134
D02	34200001	35200001	136
D02	34400001	35400001	22
D02	34600001	35600001	21
D02	34800001	35800001	194
D02	35000001	36000001	191
D02	35200001	36200001	186
D02	35400001	36400001	181
D02	35600001	36600001	178
D02	35800001	36800001	3
D02	36000001	37000001	12
D02	36200001	37200001	14
D02	36400001	37400001	15
D02	36600001	37600001	37
D02	36800001	37800001	36
D02	37000001	38000001	91
D02	37200001	38200001	89
D02	37400001	38400001	90
D02	37600001	38600001	73
D02	37800001	38800001	77
D02	38000001	39000001	18
D02	38200001	39200001	20
D02	38400001	39400001	21
D02	38600001	39600001	28
D02	38800001	39800001	29
D02	39000001	40000001	48
D02	39200001	40200001	47
D02	39400001	40400001	49
D02	39600001	40600001	39
D02	39800001	40800001	45
D02	40000001	41000001	20
D02	40200001	41200001	61
D02	40400001	41400001	57
D02	40600001	41600001	62
D02	40800001	41800001	58
D02	41000001	42000001	60
D02	41200001	42200001	36
D02	41400001	42400001	79
D02	41600001	42600001	85
D02	41800001	42800001	81
D02	42000001	43000001	80
D02	42200001	43200001	77
D02	42400001	43400001	61
D02	42600001	43600001	52
D02	42800001	43800001	50
D02	43000001	44000001	64
D02	43200001	44200001	50
D02	43400001	44400001	28
D02	43600001	44600001	28
D02	43800001	44800001	32
D02	44000001	45000001	20
D02	44200001	45200001	32
D02	44400001	45400001	48
D02	44600001	45600001	58
D02	44800001	45800001	58
D02	45000001	46000001	65
D02	45200001	46200001	60
D02	45400001	46400001	40
D02	45600001	46600001	33
D02	45800001	46800001	73
D02	46000001	47000001	69
D02	46200001	47200001	62
D02	46400001	47400001	66
D02	46600001	47600001	62
D02	46800001	47800001	17
D02	47000001	48000001	15
D02	47200001	48200001	20
D02	47400001	48400001	15
D02	47600001	48600001	33
D02	47800001	48800001	33
D02	48000001	49000001	97
D02	48200001	49200001	96
D02	48400001	49400001	163
D02	48600001	49600001	146
D02	48800001	49800001	148
D02	49000001	50000001	80
D02	49200001	50200001	96
D02	49400001	50400001	30
D02	49600001	50600001	43
D02	49800001	50800001	56
D02	50000001	51000001	170
D02	50200001	51200001	161
D02	50400001	51400001	160
D02	50600001	51600001	144
D02	50800001	51800001	129
D02	51000001	52000001	18
D02	51200001	52200001	11
D02	51400001	52400001	14
D02	51600001	52600001	15
D02	51800001	52800001	15
D02	52000001	53000001	41
D02	52200001	53200001	38
D02	52400001	53400001	53
D02	52600001	53600001	54
D02	52800001	53800001	74
D02	53000001	54000001	55
D02	53200001	54200001	115
D02	53400001	54400001	112
D02	53600001	54600001	111
D02	53800001	54800001	99
D02	54000001	55000001	96
D02	54200001	55200001	56
D02	54400001	55400001	45
D02	54600001	55600001	50
D02	54800001	55800001	54
D02	55000001	56000001	54
D02	55200001	56200001	57
D02	55400001	56400001	54
D02	55600001	56600001	70
D02	55800001	56800001	75
D02	56000001	57000001	101
D02	56200001	57200001	85
D02	56400001	57400001	92
D02	56600001	57600001	73
D02	56800001	57800001	100
D02	57000001	58000001	73
D02	57200001	58200001	66
D02	57400001	58400001	63
D02	57600001	58600001	88
D02	57800001	58800001	58
D02	58000001	59000001	69
D02	58200001	59200001	75
D02	58400001	59400001	85
D02	58600001	59600001	69
D02	58800001	59800001	77
D02	59000001	60000001	71
D02	59200001	60200001	75
D02	59400001	60400001	68
D02	59600001	60600001	68
D02	59800001	60800001	61
D02	60000001	61000001	83
D02	60200001	61200001	75
D02	60400001	61400001	71
D02	60600001	61600001	81
D02	60800001	61800001	86
D02	61000001	62000001	61
D02	61200001	62200001	85
D02	61400001	62400001	84
D02	61600001	62600001	82
D02	61800001	62800001	65
D02	62000001	63000001	73
D02	62200001	63200001	50
D02	62400001	63400001	55
D02	62600001	63600001	42
D02	62800001	63800001	46
D02	63000001	64000001	36
D02	63200001	64200001	36
D02	63400001	64400001	36
D02	63600001	64600001	102
D02	63800001	64800001	100
D02	64000001	65000001	134
D02	64200001	65200001	145
D02	64400001	65400001	175
D02	64600001	65600001	110
D02	64800001	65800001	156
D02	65000001	66000001	123
D02	65200001	66200001	109
D02	65400001	66400001	229
D02	65600001	66600001	223
D02	65800001	66800001	176
D02	66000001	67000001	224
D02	66200001	67200001	228
D02	66400001	67400001	73
D02	66600001	67600001	70
D02	66800001	67800001	66
D02	67000001	68000001	11
D03	1	1000001	130
D03	200001	1200001	112
D03	400001	1400001	121
D03	600001	1600001	120
D03	800001	1800001	118
D03	1000001	2000001	41
D03	1200001	2200001	35
D03	1400001	2400001	25
D03	1600001	2600001	92
D03	1800001	2800001	91
D03	2000001	3000001	107
D03	2200001	3200001	118
D03	2400001	3400001	123
D03	2600001	3600001	68
D03	2800001	3800001	67
D03	3000001	4000001	56
D03	3200001	4200001	47
D03	3400001	4400001	43
D03	3600001	4600001	49
D03	3800001	4800001	50
D03	4000001	5000001	49
D03	4200001	5200001	74
D03	4400001	5400001	86
D03	4600001	5600001	65
D03	4800001	5800001	67
D03	5000001	6000001	84
D03	5200001	6200001	75
D03	5400001	6400001	83
D03	5600001	6600001	123
D03	5800001	6800001	118
D03	6000001	7000001	119
D03	6200001	7200001	109
D03	6400001	7400001	87
D03	6600001	7600001	62
D03	6800001	7800001	69
D03	7000001	8000001	50
D03	7200001	8200001	69
D03	7400001	8400001	69
D03	7600001	8600001	50
D03	7800001	8800001	43
D03	8000001	9000001	49
D03	8200001	9200001	21
D03	8400001	9400001	21
D03	8600001	9600001	31
D03	8800001	9800001	32
D03	9000001	10000001	22
D03	9200001	10200001	49
D03	9400001	10400001	60
D03	9600001	10600001	54
D03	9800001	10800001	54
D03	10000001	11000001	77
D03	10200001	11200001	72
D03	10400001	11400001	58
D03	10600001	11600001	53
D03	10800001	11800001	86
D03	11000001	12000001	68
D03	11200001	12200001	52
D03	11400001	12400001	56
D03	11600001	12600001	57
D03	11800001	12800001	29
D03	12000001	13000001	94
D03	12200001	13200001	86
D03	12400001	13400001	81
D03	12600001	13600001	79
D03	12800001	13800001	70
D03	13000001	14000001	0
D03	13200001	14200001	7
D03	13400001	14400001	25
D03	13600001	14600001	29
D03	13800001	14800001	31
D03	14000001	15000001	36
D03	14200001	15200001	30
D03	14400001	15400001	12
D03	14600001	15600001	18
D03	14800001	15800001	18
D03	15000001	16000001	22
D03	15200001	16200001	21
D03	15400001	16400001	21
D03	15600001	16600001	14
D03	15800001	16800001	18
D03	16000001	17000001	31
D03	16200001	17200001	33
D03	16400001	17400001	33
D03	16600001	17600001	30
D03	16800001	17800001	29
D03	17000001	18000001	10
D03	17200001	18200001	8
D03	17400001	18400001	10
D03	17600001	18600001	27
D03	17800001	18800001	24
D03	18000001	19000001	22
D03	18200001	19200001	22
D03	18400001	19400001	20
D03	18600001	19600001	12
D03	18800001	19800001	18
D03	19000001	20000001	17
D03	19200001	20200001	17
D03	19400001	20400001	20
D03	19600001	20600001	13
D03	19800001	20800001	21
D03	20000001	21000001	22
D03	20200001	21200001	22
D03	20400001	21400001	21
D03	20600001	21600001	19
D03	20800001	21800001	3
D03	21000001	22000001	3
D03	21200001	22200001	22
D03	21400001	22400001	24
D03	21600001	22600001	25
D03	21800001	22800001	26
D03	22000001	23000001	29
D03	22200001	23200001	10
D03	22400001	23400001	6
D03	22600001	23600001	47
D03	22800001	23800001	46
D03	23000001	24000001	42
D03	23200001	24200001	56
D03	23400001	24400001	153
D03	23600001	24600001	115
D03	23800001	24800001	123
D03	24000001	25000001	124
D03	24200001	25200001	112
D03	24400001	25400001	26
D03	24600001	25600001	28
D03	24800001	25800001	21
D03	25000001	26000001	107
D03	25200001	26200001	113
D03	25400001	26400001	105
D03	25600001	26600001	106
D03	25800001	26800001	111
D03	26000001	27000001	29
D03	26200001	27200001	22
D03	26400001	27400001	21
D03	26600001	27600001	15
D03	26800001	27800001	17
D03	27000001	28000001	15
D03	27200001	28200001	16
D03	27400001	28400001	16
D03	27600001	28600001	20
D03	27800001	28800001	14
D03	28000001	29000001	18
D03	28200001	29200001	51
D03	28400001	29400001	54
D03	28600001	29600001	58
D03	28800001	29800001	65
D03	29000001	30000001	64
D03	29200001	30200001	42
D03	29400001	30400001	52
D03	29600001	30600001	49
D03	29800001	30800001	247
D03	30000001	31000001	252
D03	30200001	31200001	251
D03	30400001	31400001	241
D03	30600001	31600001	238
D03	30800001	31800001	39
D03	31000001	32000001	30
D03	31200001	32200001	54
D03	31400001	32400001	53
D03	31600001	32600001	61
D03	31800001	32800001	94
D03	32000001	33000001	95
D03	32200001	33200001	71
D03	32400001	33400001	185
D03	32600001	33600001	178
D03	32800001	33800001	138
D03	33000001	34000001	147
D03	33200001	34200001	144
D03	33400001	34400001	32
D03	33600001	34600001	47
D03	33800001	34800001	72
D03	34000001	35000001	64
D03	34200001	35200001	67
D03	34400001	35400001	64
D03	34600001	35600001	99
D03	34800001	35800001	82
D03	35000001	36000001	148
D03	35200001	36200001	143
D03	35400001	36400001	146
D03	35600001	36600001	114
D03	35800001	36800001	114
D03	36000001	37000001	92
D03	36200001	37200001	107
D03	36400001	37400001	105
D03	36600001	37600001	91
D03	36800001	37800001	117
D03	37000001	38000001	78
D03	37200001	38200001	65
D03	37400001	38400001	93
D03	37600001	38600001	89
D03	37800001	38800001	83
D03	38000001	39000001	90
D03	38200001	39200001	160
D03	38400001	39400001	164
D03	38600001	39600001	178
D03	38800001	39800001	153
D03	39000001	40000001	205
D03	39200001	40200001	136
D03	39400001	40400001	116
D03	39600001	40600001	98
D03	39800001	40800001	101
D03	40000001	41000001	48
D03	40200001	41200001	78
D03	40400001	41400001	74
D03	40600001	41600001	103
D03	40800001	41800001	140
D03	41000001	42000001	136
D03	41200001	42200001	113
D03	41400001	42400001	127
D03	41600001	42600001	111
D03	41800001	42800001	76
D03	42000001	43000001	83
D03	42200001	43200001	76
D03	42400001	43400001	61
D03	42600001	43600001	118
D03	42800001	43800001	115
D03	43000001	44000001	103
D03	43200001	44200001	94
D03	43400001	44400001	88
D03	43600001	44600001	150
D03	43800001	44800001	197
D03	44000001	45000001	196
D03	44200001	45200001	195
D03	44400001	45400001	192
D03	44600001	45600001	61
D03	44800001	45800001	21
D03	45000001	46000001	19
D03	45200001	46200001	22
D03	45400001	46400001	45
D03	45600001	46600001	44
D03	45800001	46800001	31
D03	46000001	47000001	28
D03	46200001	47200001	25
D03	46400001	47400001	0
D04	1	1000001	66
D04	200001	1200001	73
D04	400001	1400001	78
D04	600001	1600001	73
D04	800001	1800001	65
D04	1000001	2000001	56
D04	1200001	2200001	44
D04	1400001	2400001	54
D04	1600001	2600001	71
D04	1800001	2800001	87
D04	2000001	3000001	103
D04	2200001	3200001	115
D04	2400001	3400001	107
D04	2600001	3600001	103
D04	2800001	3800001	95
D04	3000001	4000001	92
D04	3200001	4200001	117
D04	3400001	4400001	114
D04	3600001	4600001	96
D04	3800001	4800001	94
D04	4000001	5000001	84
D04	4200001	5200001	62
D04	4400001	5400001	63
D04	4600001	5600001	56
D04	4800001	5800001	54
D04	5000001	6000001	121
D04	5200001	6200001	139
D04	5400001	6400001	152
D04	5600001	6600001	153
D04	5800001	6800001	150
D04	6000001	7000001	83
D04	6200001	7200001	88
D04	6400001	7400001	84
D04	6600001	7600001	81
D04	6800001	7800001	76
D04	7000001	8000001	76
D04	7200001	8200001	71
D04	7400001	8400001	319
D04	7600001	8600001	329
D04	7800001	8800001	413
D04	8000001	9000001	460
D04	8200001	9200001	430
D04	8400001	9400001	190
D04	8600001	9600001	186
D04	8800001	9800001	103
D04	9000001	10000001	68
D04	9200001	10200001	91
D04	9400001	10400001	93
D04	9600001	10600001	96
D04	9800001	10800001	106
D04	10000001	11000001	94
D04	10200001	11200001	72
D04	10400001	11400001	55
D04	10600001	11600001	45
D04	10800001	11800001	40
D04	11000001	12000001	35
D04	11200001	12200001	32
D04	11400001	12400001	28
D04	11600001	12600001	24
D04	11800001	12800001	30
D04	12000001	13000001	55
D04	12200001	13200001	74
D04	12400001	13400001	79
D04	12600001	13600001	78
D04	12800001	13800001	69
D04	13000001	14000001	52
D04	13200001	14200001	40
D04	13400001	14400001	30
D04	13600001	14600001	33
D04	13800001	14800001	30
D04	14000001	15000001	28
D04	14200001	15200001	38
D04	14400001	15400001	40
D04	14600001	15600001	41
D04	14800001	15800001	52
D04	15000001	16000001	44
D04	15200001	16200001	23
D04	15400001	16400001	25
D04	15600001	16600001	46
D04	15800001	16800001	37
D04	16000001	17000001	35
D04	16200001	17200001	42
D04	16400001	17400001	48
D04	16600001	17600001	48
D04	16800001	17800001	44
D04	17000001	18000001	48
D04	17200001	18200001	42
D04	17400001	18400001	32
D04	17600001	18600001	7
D04	17800001	18800001	7
D04	18000001	19000001	3
D04	18200001	19200001	3
D04	18400001	19400001	2
D04	18600001	19600001	4
D04	18800001	19800001	12
D04	19000001	20000001	11
D04	19200001	20200001	11
D04	19400001	20400001	22
D04	19600001	20600001	20
D04	19800001	20800001	16
D04	20000001	21000001	18
D04	20200001	21200001	17
D04	20400001	21400001	7
D04	20600001	21600001	59
D04	20800001	21800001	97
D04	21000001	22000001	97
D04	21200001	22200001	98
D04	21400001	22400001	108
D04	21600001	22600001	56
D04	21800001	22800001	17
D04	22000001	23000001	22
D04	22200001	23200001	22
D04	22400001	23400001	12
D04	22600001	23600001	12
D04	22800001	23800001	19
D04	23000001	24000001	53
D04	23200001	24200001	93
D04	23400001	24400001	93
D04	23600001	24600001	94
D04	23800001	24800001	90
D04	24000001	25000001	49
D04	24200001	25200001	20
D04	24400001	25400001	21
D04	24600001	25600001	21
D04	24800001	25800001	17
D04	25000001	26000001	25
D04	25200001	26200001	16
D04	25400001	26400001	15
D04	25600001	26600001	16
D04	25800001	26800001	17
D04	26000001	27000001	17
D04	26200001	27200001	15
D04	26400001	27400001	14
D04	26600001	27600001	14
D04	26800001	27800001	45
D04	27000001	28000001	40
D04	27200001	28200001	62
D04	27400001	28400001	64
D04	27600001	28600001	62
D04	27800001	28800001	109
D04	28000001	29000001	120
D04	28200001	29200001	114
D04	28400001	29400001	114
D04	28600001	29600001	115
D04	28800001	29800001	42
D04	29000001	30000001	38
D04	29200001	30200001	34
D04	29400001	30400001	35
D04	29600001	30600001	47
D04	29800001	30800001	44
D04	30000001	31000001	36
D04	30200001	31200001	34
D04	30400001	31400001	33
D04	30600001	31600001	21
D04	30800001	31800001	19
D04	31000001	32000001	239
D04	31200001	32200001	229
D04	31400001	32400001	237
D04	31600001	32600001	258
D04	31800001	32800001	264
D04	32000001	33000001	63
D04	32200001	33200001	67
D04	32400001	33400001	58
D04	32600001	33600001	42
D04	32800001	33800001	34
D04	33000001	34000001	50
D04	33200001	34200001	84
D04	33400001	34400001	93
D04	33600001	34600001	94
D04	33800001	34800001	111
D04	34000001	35000001	75
D04	34200001	35200001	44
D04	34400001	35400001	49
D04	34600001	35600001	51
D04	34800001	35800001	69
D04	35000001	36000001	71
D04	35200001	36200001	74
D04	35400001	36400001	65
D04	35600001	36600001	61
D04	35800001	36800001	26
D04	36000001	37000001	69
D04	36200001	37200001	72
D04	36400001	37400001	123
D04	36600001	37600001	235
D04	36800001	37800001	235
D04	37000001	38000001	189
D04	37200001	38200001	184
D04	37400001	38400001	137
D04	37600001	38600001	26
D04	37800001	38800001	34
D04	38000001	39000001	40
D04	38200001	39200001	57
D04	38400001	39400001	83
D04	38600001	39600001	83
D04	38800001	39800001	85
D04	39000001	40000001	81
D04	39200001	40200001	64
D04	39400001	40400001	32
D04	39600001	40600001	30
D04	39800001	40800001	21
D04	40000001	41000001	31
D04	40200001	41200001	33
D04	40400001	41400001	37
D04	40600001	41600001	37
D04	40800001	41800001	51
D04	41000001	42000001	45
D04	41200001	42200001	36
D04	41400001	42400001	35
D04	41600001	42600001	36
D04	41800001	42800001	29
D04	42000001	43000001	37
D04	42200001	43200001	47
D04	42400001	43400001	44
D04	42600001	43600001	41
D04	42800001	43800001	46
D04	43000001	44000001	35
D04	43200001	44200001	44
D04	43400001	44400001	50
D04	43600001	44600001	58
D04	43800001	44800001	60
D04	44000001	45000001	57
D04	44200001	45200001	50
D04	44400001	45400001	49
D04	44600001	45600001	57
D04	44800001	45800001	48
D04	45000001	46000001	56
D04	45200001	46200001	56
D04	45400001	46400001	48
D04	45600001	46600001	43
D04	45800001	46800001	54
D04	46000001	47000001	52
D04	46200001	47200001	43
D04	46400001	47400001	50
D04	46600001	47600001	48
D04	46800001	47800001	68
D04	47000001	48000001	75
D04	47200001	48200001	80
D04	47400001	48400001	80
D04	47600001	48600001	81
D04	47800001	48800001	47
D04	48000001	49000001	41
D04	48200001	49200001	35
D04	48400001	49400001	32
D04	48600001	49600001	27
D04	48800001	49800001	65
D04	49000001	50000001	66
D04	49200001	50200001	65
D04	49400001	50400001	82
D04	49600001	50600001	84
D04	49800001	50800001	43
D04	50000001	51000001	67
D04	50200001	51200001	75
D04	50400001	51400001	60
D04	50600001	51600001	51
D04	50800001	51800001	50
D04	51000001	52000001	18
D04	51200001	52200001	7
D05	1	1000001	120
D05	200001	1200001	33
D05	400001	1400001	40
D05	600001	1600001	44
D05	800001	1800001	44
D05	1000001	2000001	27
D05	1200001	2200001	31
D05	1400001	2400001	27
D05	1600001	2600001	28
D05	1800001	2800001	28
D05	2000001	3000001	29
D05	2200001	3200001	33
D05	2400001	3400001	26
D05	2600001	3600001	28
D05	2800001	3800001	53
D05	3000001	4000001	59
D05	3200001	4200001	55
D05	3400001	4400001	58
D05	3600001	4600001	50
D05	3800001	4800001	26
D05	4000001	5000001	20
D05	4200001	5200001	18
D05	4400001	5400001	21
D05	4600001	5600001	37
D05	4800001	5800001	45
D05	5000001	6000001	49
D05	5200001	6200001	50
D05	5400001	6400001	46
D05	5600001	6600001	33
D05	5800001	6800001	23
D05	6000001	7000001	21
D05	6200001	7200001	20
D05	6400001	7400001	28
D05	6600001	7600001	29
D05	6800001	7800001	48
D05	7000001	8000001	47
D05	7200001	8200001	44
D05	7400001	8400001	37
D05	7600001	8600001	36
D05	7800001	8800001	60
D05	8000001	9000001	73
D05	8200001	9200001	90
D05	8400001	9400001	87
D05	8600001	9600001	129
D05	8800001	9800001	94
D05	9000001	10000001	80
D05	9200001	10200001	90
D05	9400001	10400001	98
D05	9600001	10600001	57
D05	9800001	10800001	51
D05	10000001	11000001	60
D05	10200001	11200001	33
D05	10400001	11400001	88
D05	10600001	11600001	87
D05	10800001	11800001	87
D05	11000001	12000001	85
D05	11200001	12200001	96
D05	11400001	12400001	31
D05	11600001	12600001	27
D05	11800001	12800001	27
D05	12000001	13000001	30
D05	12200001	13200001	21
D05	12400001	13400001	34
D05	12600001	13600001	46
D05	12800001	13800001	59
D05	13000001	14000001	61
D05	13200001	14200001	119
D05	13400001	14400001	111
D05	13600001	14600001	112
D05	13800001	14800001	102
D05	14000001	15000001	157
D05	14200001	15200001	166
D05	14400001	15400001	163
D05	14600001	15600001	262
D05	14800001	15800001	264
D05	15000001	16000001	199
D05	15200001	16200001	142
D05	15400001	16400001	147
D05	15600001	16600001	35
D05	15800001	16800001	32
D05	16000001	17000001	34
D05	16200001	17200001	25
D05	16400001	17400001	44
D05	16600001	17600001	54
D05	16800001	17800001	55
D05	17000001	18000001	54
D05	17200001	18200001	60
D05	17400001	18400001	66
D05	17600001	18600001	59
D05	17800001	18800001	63
D05	18000001	19000001	153
D05	18200001	19200001	160
D05	18400001	19400001	148
D05	18600001	19600001	146
D05	18800001	19800001	161
D05	19000001	20000001	78
D05	19200001	20200001	68
D05	19400001	20400001	55
D05	19600001	20600001	56
D05	19800001	20800001	43
D05	20000001	21000001	65
D05	20200001	21200001	61
D05	20400001	21400001	55
D05	20600001	21600001	79
D05	20800001	21800001	76
D05	21000001	22000001	50
D05	21200001	22200001	54
D05	21400001	22400001	77
D05	21600001	22600001	59
D05	21800001	22800001	58
D05	22000001	23000001	50
D05	22200001	23200001	45
D05	22400001	23400001	40
D05	22600001	23600001	39
D05	22800001	23800001	34
D05	23000001	24000001	43
D05	23200001	24200001	44
D05	23400001	24400001	30
D05	23600001	24600001	23
D05	23800001	24800001	47
D05	24000001	25000001	48
D05	24200001	25200001	52
D05	24400001	25400001	50
D05	24600001	25600001	124
D05	24800001	25800001	124
D05	25000001	26000001	118
D05	25200001	26200001	115
D05	25400001	26400001	130
D05	25600001	26600001	80
D05	25800001	26800001	205
D05	26000001	27000001	219
D05	26200001	27200001	229
D05	26400001	27400001	226
D05	26600001	27600001	226
D05	26800001	27800001	106
D05	27000001	28000001	115
D05	27200001	28200001	117
D05	27400001	28400001	107
D05	27600001	28600001	101
D05	27800001	28800001	83
D05	28000001	29000001	62
D05	28200001	29200001	53
D05	28400001	29400001	52
D05	28600001	29600001	79
D05	28800001	29800001	73
D05	29000001	30000001	102
D05	29200001	30200001	98
D05	29400001	30400001	106
D05	29600001	30600001	91
D05	29800001	30800001	89
D05	30000001	31000001	70
D05	30200001	31200001	74
D05	30400001	31400001	154
D05	30600001	31600001	195
D05	30800001	31800001	203
D05	31000001	32000001	196
D05	31200001	32200001	193
D05	31400001	32400001	104
D05	31600001	32600001	43
D05	31800001	32800001	29
D05	32000001	33000001	22
D05	32200001	33200001	28
D05	32400001	33400001	50
D05	32600001	33600001	37
D05	32800001	33800001	39
D05	33000001	34000001	43
D05	33200001	34200001	54
D05	33400001	34400001	32
D05	33600001	34600001	40
D05	33800001	34800001	49
D05	34000001	35000001	47
D05	34200001	35200001	32
D05	34400001	35400001	30
D05	34600001	35600001	26
D05	34800001	35800001	20
D05	35000001	36000001	16
D05	35200001	36200001	13
D05	35400001	36400001	13
D05	35600001	36600001	14
D05	35800001	36800001	65
D05	36000001	37000001	69
D05	36200001	37200001	73
D05	36400001	37400001	73
D05	36600001	37600001	87
D05	36800001	37800001	34
D05	37000001	38000001	33
D05	37200001	38200001	26
D05	37400001	38400001	25
D05	37600001	38600001	6
D05	37800001	38800001	15
D05	38000001	39000001	41
D05	38200001	39200001	46
D05	38400001	39400001	48
D05	38600001	39600001	50
D05	38800001	39800001	46
D05	39000001	40000001	17
D05	39200001	40200001	13
D05	39400001	40400001	18
D05	39600001	40600001	19
D05	39800001	40800001	12
D05	40000001	41000001	12
D05	40200001	41200001	11
D05	40400001	41400001	8
D05	40600001	41600001	11
D05	40800001	41800001	14
D05	41000001	42000001	19
D05	41200001	42200001	23
D05	41400001	42400001	27
D05	41600001	42600001	35
D05	41800001	42800001	34
D05	42000001	43000001	43
D05	42200001	43200001	48
D05	42400001	43400001	40
D05	42600001	43600001	26
D05	42800001	43800001	38
D05	43000001	44000001	24
D05	43200001	44200001	19
D05	43400001	44400001	22
D05	43600001	44600001	26
D05	43800001	44800001	14
D05	44000001	45000001	16
D05	44200001	45200001	16
D05	44400001	45400001	18
D05	44600001	45600001	14
D05	44800001	45800001	14
D05	45000001	46000001	15
D05	45200001	46200001	13
D05	45400001	46400001	27
D05	45600001	46600001	267
D05	45800001	46800001	265
D05	46000001	47000001	263
D05	46200001	47200001	261
D05	46400001	47400001	242
D05	46600001	47600001	26
D05	46800001	47800001	25
D05	47000001	48000001	25
D05	47200001	48200001	27
D05	47400001	48400001	32
D05	47600001	48600001	8
D05	47800001	48800001	55
D05	48000001	49000001	69
D05	48200001	49200001	78
D05	48400001	49400001	78
D05	48600001	49600001	172
D05	48800001	49800001	134
D05	49000001	50000001	121
D05	49200001	50200001	113
D05	49400001	50400001	123
D05	49600001	50600001	30
D05	49800001	50800001	42
D05	50000001	51000001	46
D05	50200001	51200001	62
D05	50400001	51400001	52
D05	50600001	51600001	64
D05	50800001	51800001	81
D05	51000001	52000001	100
D05	51200001	52200001	88
D05	51400001	52400001	91
D05	51600001	52600001	103
D05	51800001	52800001	89
D05	52000001	53000001	83
D05	52200001	53200001	89
D05	52400001	53400001	96
D05	52600001	53600001	85
D05	52800001	53800001	61
D05	53000001	54000001	42
D05	53200001	54200001	37
D05	53400001	54400001	26
D05	53600001	54600001	56
D05	53800001	54800001	56
D05	54000001	55000001	60
D05	54200001	55200001	91
D05	54400001	55400001	98
D05	54600001	55600001	54
D05	54800001	55800001	60
D05	55000001	56000001	60
D05	55200001	56200001	34
D05	55400001	56400001	26
D05	55600001	56600001	58
D05	55800001	56800001	60
D05	56000001	57000001	105
D05	56200001	57200001	131
D05	56400001	57400001	141
D05	56600001	57600001	113
D05	56800001	57800001	172
D05	57000001	58000001	143
D05	57200001	58200001	155
D05	57400001	58400001	146
D05	57600001	58600001	156
D05	57800001	58800001	118
D05	58000001	59000001	112
D05	58200001	59200001	64
D05	58400001	59400001	60
D05	58600001	59600001	54
D05	58800001	59800001	45
D05	59000001	60000001	36
D05	59200001	60200001	38
D05	59400001	60400001	44
D05	59600001	60600001	81
D05	59800001	60800001	62
D05	60000001	61000001	69
D05	60200001	61200001	64
D05	60400001	61400001	93
D05	60600001	61600001	62
D05	60800001	61800001	93
D05	61000001	62000001	84
D05	61200001	62200001	84
D05	61400001	62400001	49
D05	61600001	62600001	35
D06	1	1000001	58
D06	200001	1200001	85
D06	400001	1400001	79
D06	600001	1600001	118
D06	800001	1800001	124
D06	1000001	2000001	136
D06	1200001	2200001	146
D06	1400001	2400001	149
D06	1600001	2600001	109
D06	1800001	2800001	87
D06	2000001	3000001	62
D06	2200001	3200001	24
D06	2400001	3400001	36
D06	2600001	3600001	36
D06	2800001	3800001	53
D06	3000001	4000001	48
D06	3200001	4200001	51
D06	3400001	4400001	37
D06	3600001	4600001	45
D06	3800001	4800001	32
D06	4000001	5000001	75
D06	4200001	5200001	129
D06	4400001	5400001	156
D06	4600001	5600001	154
D06	4800001	5800001	168
D06	5000001	6000001	128
D06	5200001	6200001	78
D06	5400001	6400001	79
D06	5600001	6600001	69
D06	5800001	6800001	60
D06	6000001	7000001	78
D06	6200001	7200001	94
D06	6400001	7400001	68
D06	6600001	7600001	82
D06	6800001	7800001	93
D06	7000001	8000001	81
D06	7200001	8200001	69
D06	7400001	8400001	75
D06	7600001	8600001	63
D06	7800001	8800001	116
D06	8000001	9000001	150
D06	8200001	9200001	138
D06	8400001	9400001	132
D06	8600001	9600001	130
D06	8800001	9800001	80
D06	9000001	10000001	37
D06	9200001	10200001	36
D06	9400001	10400001	34
D06	9600001	10600001	37
D06	9800001	10800001	46
D06	10000001	11000001	61
D06	10200001	11200001	68
D06	10400001	11400001	74
D06	10600001	11600001	80
D06	10800001	11800001	69
D06	11000001	12000001	63
D06	11200001	12200001	61
D06	11400001	12400001	51
D06	11600001	12600001	69
D06	11800001	12800001	59
D06	12000001	13000001	86
D06	12200001	13200001	80
D06	12400001	13400001	89
D06	12600001	13600001	71
D06	12800001	13800001	120
D06	13000001	14000001	93
D06	13200001	14200001	181
D06	13400001	14400001	193
D06	13600001	14600001	194
D06	13800001	14800001	136
D06	14000001	15000001	149
D06	14200001	15200001	131
D06	14400001	15400001	127
D06	14600001	15600001	145
D06	14800001	15800001	159
D06	15000001	16000001	161
D06	15200001	16200001	101
D06	15400001	16400001	115
D06	15600001	16600001	87
D06	15800001	16800001	75
D06	16000001	17000001	54
D06	16200001	17200001	45
D06	16400001	17400001	17
D06	16600001	17600001	17
D06	16800001	17800001	18
D06	17000001	18000001	75
D06	17200001	18200001	72
D06	17400001	18400001	84
D06	17600001	18600001	92
D06	17800001	18800001	92
D06	18000001	19000001	45
D06	18200001	19200001	51
D06	18400001	19400001	41
D06	18600001	19600001	34
D06	18800001	19800001	170
D06	19000001	20000001	161
D06	19200001	20200001	157
D06	19400001	20400001	158
D06	19600001	20600001	159
D06	19800001	20800001	20
D06	20000001	21000001	24
D06	20200001	21200001	26
D06	20400001	21400001	23
D06	20600001	21600001	21
D06	20800001	21800001	29
D06	21000001	22000001	30
D06	21200001	22200001	43
D06	21400001	22400001	42
D06	21600001	22600001	66
D06	21800001	22800001	58
D06	22000001	23000001	54
D06	22200001	23200001	58
D06	22400001	23400001	68
D06	22600001	23600001	48
D06	22800001	23800001	53
D06	23000001	24000001	89
D06	23200001	24200001	68
D06	23400001	24400001	60
D06	23600001	24600001	65
D06	23800001	24800001	61
D06	24000001	25000001	16
D06	24200001	25200001	18
D06	24400001	25400001	20
D06	24600001	25600001	12
D06	24800001	25800001	15
D06	25000001	26000001	20
D06	25200001	26200001	29
D06	25400001	26400001	58
D06	25600001	26600001	102
D06	25800001	26800001	97
D06	26000001	27000001	93
D06	26200001	27200001	84
D06	26400001	27400001	49
D06	26600001	27600001	14
D06	26800001	27800001	13
D06	27000001	28000001	19
D06	27200001	28200001	18
D06	27400001	28400001	22
D06	27600001	28600001	16
D06	27800001	28800001	16
D06	28000001	29000001	20
D06	28200001	29200001	19
D06	28400001	29400001	16
D06	28600001	29600001	13
D06	28800001	29800001	14
D06	29000001	30000001	13
D06	29200001	30200001	14
D06	29400001	30400001	14
D06	29600001	30600001	14
D06	29800001	30800001	13
D06	30000001	31000001	8
D06	30200001	31200001	23
D06	30400001	31400001	24
D06	30600001	31600001	23
D06	30800001	31800001	23
D06	31000001	32000001	39
D06	31200001	32200001	27
D06	31400001	32400001	58
D06	31600001	32600001	64
D06	31800001	32800001	66
D06	32000001	33000001	48
D06	32200001	33200001	48
D06	32400001	33400001	19
D06	32600001	33600001	40
D06	32800001	33800001	41
D06	33000001	34000001	39
D06	33200001	34200001	59
D06	33400001	34400001	64
D06	33600001	34600001	37
D06	33800001	34800001	34
D06	34000001	35000001	35
D06	34200001	35200001	16
D06	34400001	35400001	7
D06	34600001	35600001	10
D06	34800001	35800001	11
D06	35000001	36000001	25
D06	35200001	36200001	22
D06	35400001	36400001	58
D06	35600001	36600001	56
D06	35800001	36800001	59
D06	36000001	37000001	44
D06	36200001	37200001	59
D06	36400001	37400001	23
D06	36600001	37600001	25
D06	36800001	37800001	21
D06	37000001	38000001	20
D06	37200001	38200001	6
D06	37400001	38400001	6
D06	37600001	38600001	9
D06	37800001	38800001	12
D06	38000001	39000001	13
D06	38200001	39200001	25
D06	38400001	39400001	29
D06	38600001	39600001	31
D06	38800001	39800001	35
D06	39000001	40000001	76
D06	39200001	40200001	62
D06	39400001	40400001	64
D06	39600001	40600001	60
D06	39800001	40800001	53
D06	40000001	41000001	13
D06	40200001	41200001	16
D06	40400001	41400001	10
D06	40600001	41600001	16
D06	40800001	41800001	17
D06	41000001	42000001	40
D06	41200001	42200001	37
D06	41400001	42400001	49
D06	41600001	42600001	40
D06	41800001	42800001	45
D06	42000001	43000001	25
D06	42200001	43200001	64
D06	42400001	43400001	132
D06	42600001	43600001	148
D06	42800001	43800001	147
D06	43000001	44000001	147
D06	43200001	44200001	110
D06	43400001	44400001	35
D06	43600001	44600001	18
D06	43800001	44800001	15
D06	44000001	45000001	13
D06	44200001	45200001	15
D06	44400001	45400001	12
D06	44600001	45600001	50
D06	44800001	45800001	48
D06	45000001	46000001	51
D06	45200001	46200001	47
D06	45400001	46400001	72
D06	45600001	46600001	37
D06	45800001	46800001	38
D06	46000001	47000001	32
D06	46200001	47200001	45
D06	46400001	47400001	20
D06	46600001	47600001	18
D06	46800001	47800001	26
D06	47000001	48000001	30
D06	47200001	48200001	21
D06	47400001	48400001	19
D06	47600001	48600001	24
D06	47800001	48800001	17
D06	48000001	49000001	20
D06	48200001	49200001	20
D06	48400001	49400001	27
D06	48600001	49600001	39
D06	48800001	49800001	43
D06	49000001	50000001	38
D06	49200001	50200001	46
D06	49400001	50400001	43
D06	49600001	50600001	32
D06	49800001	50800001	110
D06	50000001	51000001	140
D06	50200001	51200001	128
D06	50400001	51400001	149
D06	50600001	51600001	153
D06	50800001	51800001	118
D06	51000001	52000001	122
D06	51200001	52200001	133
D06	51400001	52400001	121
D06	51600001	52600001	112
D06	51800001	52800001	65
D06	52000001	53000001	33
D06	52200001	53200001	26
D06	52400001	53400001	15
D06	52600001	53600001	191
D06	52800001	53800001	204
D06	53000001	54000001	207
D06	53200001	54200001	206
D06	53400001	54400001	205
D06	53600001	54600001	60
D06	53800001	54800001	47
D06	54000001	55000001	44
D06	54200001	55200001	42
D06	54400001	55400001	44
D06	54600001	55600001	29
D06	54800001	55800001	34
D06	55000001	56000001	147
D06	55200001	56200001	154
D06	55400001	56400001	190
D06	55600001	56600001	190
D06	55800001	56800001	184
D06	56000001	57000001	73
D06	56200001	57200001	75
D06	56400001	57400001	37
D06	56600001	57600001	51
D06	56800001	57800001	64
D06	57000001	58000001	79
D06	57200001	58200001	72
D06	57400001	58400001	81
D06	57600001	58600001	51
D06	57800001	58800001	44
D06	58000001	59000001	43
D06	58200001	59200001	49
D06	58400001	59400001	47
D06	58600001	59600001	47
D06	58800001	59800001	40
D06	59000001	60000001	30
D06	59200001	60200001	119
D06	59400001	60400001	150
D06	59600001	60600001	176
D06	59800001	60800001	188
D06	60000001	61000001	224
D06	60200001	61200001	131
D06	60400001	61400001	110
D06	60600001	61600001	92
D06	60800001	61800001	84
D06	61000001	62000001	40
D06	61200001	62200001	42
D06	61400001	62400001	87
D06	61600001	62600001	94
D06	61800001	62800001	128
D06	62000001	63000001	151
D06	62200001	63200001	161
D06	62400001	63400001	116
D06	62600001	63600001	125
D06	62800001	63800001	112
D06	63000001	64000001	94
D06	63200001	64200001	108
D06	63400001	64400001	90
D06	63600001	64600001	64
D06	63800001	64800001	39
D06	64000001	65000001	32
D07	1	1000001	31
D07	200001	1200001	32
D07	400001	1400001	18
D07	600001	1600001	32
D07	800001	1800001	52
D07	1000001	2000001	65
D07	1200001	2200001	88
D07	1400001	2400001	98
D07	1600001	2600001	90
D07	1800001	2800001	70
D07	2000001	3000001	84
D07	2200001	3200001	66
D07	2400001	3400001	77
D07	2600001	3600001	74
D07	2800001	3800001	74
D07	3000001	4000001	59
D07	3200001	4200001	66
D07	3400001	4400001	43
D07	3600001	4600001	83
D07	3800001	4800001	97
D07	4000001	5000001	98
D07	4200001	5200001	81
D07	4400001	5400001	96
D07	4600001	5600001	96
D07	4800001	5800001	106
D07	5000001	6000001	151
D07	5200001	6200001	156
D07	5400001	6400001	150
D07	5600001	6600001	108
D07	5800001	6800001	93
D07	6000001	7000001	55
D07	6200001	7200001	55
D07	6400001	7400001	50
D07	6600001	7600001	52
D07	6800001	7800001	51
D07	7000001	8000001	33
D07	7200001	8200001	41
D07	7400001	8400001	66
D07	7600001	8600001	74
D07	7800001	8800001	64
D07	8000001	9000001	64
D07	8200001	9200001	96
D07	8400001	9400001	74
D07	8600001	9600001	91
D07	8800001	9800001	99
D07	9000001	10000001	135
D07	9200001	10200001	92
D07	9400001	10400001	90
D07	9600001	10600001	65
D07	9800001	10800001	61
D07	10000001	11000001	23
D07	10200001	11200001	30
D07	10400001	11400001	49
D07	10600001	11600001	47
D07	10800001	11800001	51
D07	11000001	12000001	161
D07	11200001	12200001	156
D07	11400001	12400001	133
D07	11600001	12600001	140
D07	11800001	12800001	137
D07	12000001	13000001	46
D07	12200001	13200001	50
D07	12400001	13400001	78
D07	12600001	13600001	68
D07	12800001	13800001	64
D07	13000001	14000001	52
D07	13200001	14200001	127
D07	13400001	14400001	99
D07	13600001	14600001	100
D07	13800001	14800001	104
D07	14000001	15000001	109
D07	14200001	15200001	30
D07	14400001	15400001	38
D07	14600001	15600001	46
D07	14800001	15800001	46
D07	15000001	16000001	49
D07	15200001	16200001	47
D07	15400001	16400001	42
D07	15600001	16600001	40
D07	15800001	16800001	46
D07	16000001	17000001	30
D07	16200001	17200001	49
D07	16400001	17400001	61
D07	16600001	17600001	59
D07	16800001	17800001	53
D07	17000001	18000001	56
D07	17200001	18200001	78
D07	17400001	18400001	127
D07	17600001	18600001	159
D07	17800001	18800001	155
D07	18000001	19000001	494
D07	18200001	19200001	542
D07	18400001	19400001	481
D07	18600001	19600001	449
D07	18800001	19800001	476
D07	19000001	20000001	174
D07	19200001	20200001	105
D07	19400001	20400001	120
D07	19600001	20600001	115
D07	19800001	20800001	96
D07	20000001	21000001	68
D07	20200001	21200001	52
D07	20400001	21400001	202
D07	20600001	21600001	227
D07	20800001	21800001	234
D07	21000001	22000001	223
D07	21200001	22200001	231
D07	21400001	22400001	63
D07	21600001	22600001	45
D07	21800001	22800001	34
D07	22000001	23000001	33
D07	22200001	23200001	198
D07	22400001	23400001	205
D07	22600001	23600001	202
D07	22800001	23800001	197
D07	23000001	24000001	197
D07	23200001	24200001	35
D07	23400001	24400001	66
D07	23600001	24600001	62
D07	23800001	24800001	68
D07	24000001	25000001	72
D07	24200001	25200001	60
D07	24400001	25400001	31
D07	24600001	25600001	32
D07	24800001	25800001	38
D07	25000001	26000001	37
D07	25200001	26200001	33
D07	25400001	26400001	23
D07	25600001	26600001	25
D07	25800001	26800001	13
D07	26000001	27000001	10
D07	26200001	27200001	16
D07	26400001	27400001	28
D07	26600001	27600001	36
D07	26800001	27800001	76
D07	27000001	28000001	85
D07	27200001	28200001	94
D07	27400001	28400001	83
D07	27600001	28600001	82
D07	27800001	28800001	52
D07	28000001	29000001	50
D07	28200001	29200001	49
D07	28400001	29400001	54
D07	28600001	29600001	46
D07	28800001	29800001	66
D07	29000001	30000001	62
D07	29200001	30200001	50
D07	29400001	30400001	47
D07	29600001	30600001	46
D07	29800001	30800001	15
D07	30000001	31000001	14
D07	30200001	31200001	221
D07	30400001	31400001	226
D07	30600001	31600001	227
D07	30800001	31800001	234
D07	31000001	32000001	246
D07	31200001	32200001	42
D07	31400001	32400001	67
D07	31600001	32600001	71
D07	31800001	32800001	64
D07	32000001	33000001	68
D07	32200001	33200001	66
D07	32400001	33400001	33
D07	32600001	33600001	25
D07	32800001	33800001	24
D07	33000001	34000001	6
D07	33200001	34200001	15
D07	33400001	34400001	15
D07	33600001	34600001	18
D07	33800001	34800001	24
D07	34000001	35000001	25
D07	34200001	35200001	24
D07	34400001	35400001	26
D07	34600001	35600001	28
D07	34800001	35800001	25
D07	35000001	36000001	25
D07	35200001	36200001	13
D07	35400001	36400001	13
D07	35600001	36600001	12
D07	35800001	36800001	16
D07	36000001	37000001	17
D07	36200001	37200001	22
D07	36400001	37400001	22
D07	36600001	37600001	42
D07	36800001	37800001	41
D07	37000001	38000001	37
D07	37200001	38200001	34
D07	37400001	38400001	55
D07	37600001	38600001	32
D07	37800001	38800001	31
D07	38000001	39000001	34
D07	38200001	39200001	33
D07	38400001	39400001	10
D07	38600001	39600001	9
D07	38800001	39800001	4
D07	39000001	40000001	1
D07	39200001	40200001	0
D07	39400001	40400001	0
D07	39600001	40600001	3
D07	39800001	40800001	9
D07	40000001	41000001	9
D07	40200001	41200001	10
D07	40400001	41400001	10
D07	40600001	41600001	10
D07	40800001	41800001	16
D07	41000001	42000001	18
D07	41200001	42200001	20
D07	41400001	42400001	34
D07	41600001	42600001	39
D07	41800001	42800001	30
D07	42000001	43000001	32
D07	42200001	43200001	44
D07	42400001	43400001	37
D07	42600001	43600001	40
D07	42800001	43800001	45
D07	43000001	44000001	42
D07	43200001	44200001	38
D07	43400001	44400001	36
D07	43600001	44600001	27
D07	43800001	44800001	22
D07	44000001	45000001	31
D07	44200001	45200001	42
D07	44400001	45400001	69
D07	44600001	45600001	80
D07	44800001	45800001	80
D07	45000001	46000001	71
D07	45200001	46200001	75
D07	45400001	46400001	54
D07	45600001	46600001	52
D07	45800001	46800001	71
D07	46000001	47000001	87
D07	46200001	47200001	63
D07	46400001	47400001	97
D07	46600001	47600001	89
D07	46800001	47800001	86
D07	47000001	48000001	90
D07	47200001	48200001	99
D07	47400001	48400001	87
D07	47600001	48600001	84
D07	47800001	48800001	76
D07	48000001	49000001	62
D07	48200001	49200001	57
D07	48400001	49400001	50
D07	48600001	49600001	66
D07	48800001	49800001	63
D07	49000001	50000001	69
D07	49200001	50200001	100
D07	49400001	50400001	81
D07	49600001	50600001	79
D07	49800001	50800001	109
D07	50000001	51000001	115
D07	50200001	51200001	89
D07	50400001	51400001	93
D07	50600001	51600001	98
D07	50800001	51800001	65
D07	51000001	52000001	54
D07	51200001	52200001	60
D07	51400001	52400001	67
D07	51600001	52600001	49
D07	51800001	52800001	50
D07	52000001	53000001	90
D07	52200001	53200001	93
D07	52400001	53400001	95
D07	52600001	53600001	99
D07	52800001	53800001	125
D07	53000001	54000001	87
D07	53200001	54200001	70
D07	53400001	54400001	87
D07	53600001	54600001	90
D07	53800001	54800001	104
D07	54000001	55000001	104
D07	54200001	55200001	104
D07	54400001	55400001	71
D07	54600001	55600001	63
D07	54800001	55800001	17
D07	55000001	56000001	7
D08	1	1000001	88
D08	200001	1200001	88
D08	400001	1400001	60
D08	600001	1600001	60
D08	800001	1800001	110
D08	1000001	2000001	181
D08	1200001	2200001	195
D08	1400001	2400001	197
D08	1600001	2600001	198
D08	1800001	2800001	157
D08	2000001	3000001	111
D08	2200001	3200001	103
D08	2400001	3400001	99
D08	2600001	3600001	90
D08	2800001	3800001	171
D08	3000001	4000001	140
D08	3200001	4200001	148
D08	3400001	4400001	160
D08	3600001	4600001	185
D08	3800001	4800001	169
D08	4000001	5000001	166
D08	4200001	5200001	160
D08	4400001	5400001	143
D08	4600001	5600001	120
D08	4800001	5800001	41
D08	5000001	6000001	39
D08	5200001	6200001	30
D08	5400001	6400001	49
D08	5600001	6600001	57
D08	5800001	6800001	64
D08	6000001	7000001	78
D08	6200001	7200001	74
D08	6400001	7400001	90
D08	6600001	7600001	90
D08	6800001	7800001	72
D08	7000001	8000001	64
D08	7200001	8200001	76
D08	7400001	8400001	40
D08	7600001	8600001	35
D08	7800001	8800001	44
D08	8000001	9000001	38
D08	8200001	9200001	34
D08	8400001	9400001	47
D08	8600001	9600001	52
D08	8800001	9800001	43
D08	9000001	10000001	72
D08	9200001	10200001	119
D08	9400001	10400001	119
D08	9600001	10600001	119
D08	9800001	10800001	124
D08	10000001	11000001	96
D08	10200001	11200001	47
D08	10400001	11400001	40
D08	10600001	11600001	31
D08	10800001	11800001	25
D08	11000001	12000001	108
D08	11200001	12200001	110
D08	11400001	12400001	111
D08	11600001	12600001	137
D08	11800001	12800001	139
D08	12000001	13000001	56
D08	12200001	13200001	54
D08	12400001	13400001	55
D08	12600001	13600001	43
D08	12800001	13800001	107
D08	13000001	14000001	106
D08	13200001	14200001	100
D08	13400001	14400001	103
D08	13600001	14600001	88
D08	13800001	14800001	24
D08	14000001	15000001	23
D08	14200001	15200001	24
D08	14400001	15400001	18
D08	14600001	15600001	202
D08	14800001	15800001	196
D08	15000001	16000001	197
D08	15200001	16200001	198
D08	15400001	16400001	193
D08	15600001	16600001	17
D08	15800001	16800001	180
D08	16000001	17000001	181
D08	16200001	17200001	182
D08	16400001	17400001	181
D08	16600001	17600001	175
D08	16800001	17800001	13
D08	17000001	18000001	15
D08	17200001	18200001	12
D08	17400001	18400001	13
D08	17600001	18600001	11
D08	17800001	18800001	12
D08	18000001	19000001	114
D08	18200001	19200001	118
D08	18400001	19400001	125
D08	18600001	19600001	128
D08	18800001	19800001	126
D08	19000001	20000001	20
D08	19200001	20200001	15
D08	19400001	20400001	7
D08	19600001	20600001	6
D08	19800001	20800001	6
D08	20000001	21000001	4
D08	20200001	21200001	4
D08	20400001	21400001	4
D08	20600001	21600001	0
D08	20800001	21800001	0
D08	21000001	22000001	0
D08	21200001	22200001	2
D08	21400001	22400001	8
D08	21600001	22600001	12
D08	21800001	22800001	14
D08	22000001	23000001	16
D08	22200001	23200001	17
D08	22400001	23400001	40
D08	22600001	23600001	38
D08	22800001	23800001	36
D08	23000001	24000001	40
D08	23200001	24200001	40
D08	23400001	24400001	13
D08	23600001	24600001	15
D08	23800001	24800001	17
D08	24000001	25000001	12
D08	24200001	25200001	11
D08	24400001	25400001	9
D08	24600001	25600001	8
D08	24800001	25800001	9
D08	25000001	26000001	48
D08	25200001	26200001	46
D08	25400001	26400001	62
D08	25600001	26600001	59
D08	25800001	26800001	57
D08	26000001	27000001	20
D08	26200001	27200001	31
D08	26400001	27400001	23
D08	26600001	27600001	26
D08	26800001	27800001	25
D08	27000001	28000001	22
D08	27200001	28200001	11
D08	27400001	28400001	3
D08	27600001	28600001	60
D08	27800001	28800001	62
D08	28000001	29000001	64
D08	28200001	29200001	69
D08	28400001	29400001	69
D08	28600001	29600001	18
D08	28800001	29800001	19
D08	29000001	30000001	19
D08	29200001	30200001	29
D08	29400001	30400001	35
D08	29600001	30600001	35
D08	29800001	30800001	68
D08	30000001	31000001	70
D08	30200001	31200001	60
D08	30400001	31400001	72
D08	30600001	31600001	63
D08	30800001	31800001	27
D08	31000001	32000001	23
D08	31200001	32200001	18
D08	31400001	32400001	5
D08	31600001	32600001	6
D08	31800001	32800001	11
D08	32000001	33000001	22
D08	32200001	33200001	22
D08	32400001	33400001	22
D08	32600001	33600001	29
D08	32800001	33800001	25
D08	33000001	34000001	23
D08	33200001	34200001	25
D08	33400001	34400001	24
D08	33600001	34600001	26
D08	33800001	34800001	33
D08	34000001	35000001	28
D08	34200001	35200001	42
D08	34400001	35400001	39
D08	34600001	35600001	33
D08	34800001	35800001	30
D08	35000001	36000001	26
D08	35200001	36200001	26
D08	35400001	36400001	39
D08	35600001	36600001	37
D08	35800001	36800001	34
D08	36000001	37000001	40
D08	36200001	37200001	27
D08	36400001	37400001	18
D08	36600001	37600001	26
D08	36800001	37800001	28
D08	37000001	38000001	25
D08	37200001	38200001	68
D08	37400001	38400001	67
D08	37600001	38600001	90
D08	37800001	38800001	93
D08	38000001	39000001	91
D08	38200001	39200001	46
D08	38400001	39400001	62
D08	38600001	39600001	45
D08	38800001	39800001	40
D08	39000001	40000001	45
D08	39200001	40200001	45
D08	39400001	40400001	31
D08	39600001	40600001	17
D08	39800001	40800001	124
D08	40000001	41000001	126
D08	40200001	41200001	131
D08	40400001	41400001	133
D08	40600001	41600001	131
D08	40800001	41800001	32
D08	41000001	42000001	33
D08	41200001	42200001	30
D08	41400001	42400001	38
D08	41600001	42600001	54
D08	41800001	42800001	46
D08	42000001	43000001	40
D08	42200001	43200001	44
D08	42400001	43400001	34
D08	42600001	43600001	43
D08	42800001	43800001	74
D08	43000001	44000001	87
D08	43200001	44200001	81
D08	43400001	44400001	91
D08	43600001	44600001	67
D08	43800001	44800001	43
D08	44000001	45000001	30
D08	44200001	45200001	31
D08	44400001	45400001	31
D08	44600001	45600001	38
D08	44800001	45800001	42
D08	45000001	46000001	105
D08	45200001	46200001	136
D08	45400001	46400001	135
D08	45600001	46600001	136
D08	45800001	46800001	217
D08	46000001	47000001	158
D08	46200001	47200001	144
D08	46400001	47400001	131
D08	46600001	47600001	134
D08	46800001	47800001	55
D08	47000001	48000001	61
D08	47200001	48200001	57
D08	47400001	48400001	57
D08	47600001	48600001	51
D08	47800001	48800001	43
D08	48000001	49000001	65
D08	48200001	49200001	57
D08	48400001	49400001	65
D08	48600001	49600001	79
D08	48800001	49800001	83
D08	49000001	50000001	50
D08	49200001	50200001	53
D08	49400001	50400001	58
D08	49600001	50600001	58
D08	49800001	50800001	65
D08	50000001	51000001	73
D08	50200001	51200001	94
D08	50400001	51400001	122
D08	50600001	51600001	106
D08	50800001	51800001	89
D08	51000001	52000001	81
D08	51200001	52200001	55
D08	51400001	52400001	16
D08	51600001	52600001	27
D08	51800001	52800001	40
D08	52000001	53000001	38
D08	52200001	53200001	62
D08	52400001	53400001	68
D08	52600001	53600001	104
D08	52800001	53800001	116
D08	53000001	54000001	130
D08	53200001	54200001	113
D08	53400001	54400001	115
D08	53600001	54600001	156
D08	53800001	54800001	156
D08	54000001	55000001	146
D08	54200001	55200001	192
D08	54400001	55400001	207
D08	54600001	55600001	118
D08	54800001	55800001	99
D08	55000001	56000001	148
D08	55200001	56200001	96
D08	55400001	56400001	95
D08	55600001	56600001	94
D08	55800001	56800001	92
D08	56000001	57000001	41
D08	56200001	57200001	46
D08	56400001	57400001	44
D08	56600001	57600001	63
D08	56800001	57800001	100
D08	57000001	58000001	104
D08	57200001	58200001	93
D08	57400001	58400001	81
D08	57600001	58600001	69
D08	57800001	58800001	41
D08	58000001	59000001	40
D08	58200001	59200001	62
D08	58400001	59400001	55
D08	58600001	59600001	109
D08	58800001	59800001	101
D08	59000001	60000001	101
D08	59200001	60200001	85
D08	59400001	60400001	96
D08	59600001	60600001	41
D08	59800001	60800001	46
D08	60000001	61000001	49
D08	60200001	61200001	63
D08	60400001	61400001	199
D08	60600001	61600001	208
D08	60800001	61800001	208
D08	61000001	62000001	225
D08	61200001	62200001	229
D08	61400001	62400001	103
D08	61600001	62600001	94
D08	61800001	62800001	85
D08	62000001	63000001	124
D08	62200001	63200001	108
D08	62400001	63400001	85
D08	62600001	63600001	85
D08	62800001	63800001	91
D08	63000001	64000001	32
D08	63200001	64200001	34
D08	63400001	64400001	32
D08	63600001	64600001	46
D08	63800001	64800001	45
D08	64000001	65000001	114
D08	64200001	65200001	120
D08	64400001	65400001	540
D08	64600001	65600001	519
D08	64800001	65800001	515
D08	65000001	66000001	444
D08	65200001	66200001	428
D08	65400001	66400001	7
D08	65600001	66600001	6
D09	1	1000001	158
D09	200001	1200001	160
D09	400001	1400001	170
D09	600001	1600001	179
D09	800001	1800001	187
D09	1000001	2000001	58
D09	1200001	2200001	74
D09	1400001	2400001	83
D09	1600001	2600001	100
D09	1800001	2800001	118
D09	2000001	3000001	137
D09	2200001	3200001	132
D09	2400001	3400001	116
D09	2600001	3600001	93
D09	2800001	3800001	66
D09	3000001	4000001	70
D09	3200001	4200001	57
D09	3400001	4400001	110
D09	3600001	4600001	119
D09	3800001	4800001	120
D09	4000001	5000001	86
D09	4200001	5200001	84
D09	4400001	5400001	24
D09	4600001	5600001	10
D09	4800001	5800001	44
D09	5000001	6000001	44
D09	5200001	6200001	47
D09	5400001	6400001	50
D09	5600001	6600001	55
D09	5800001	6800001	21
D09	6000001	7000001	21
D09	6200001	7200001	26
D09	6400001	7400001	26
D09	6600001	7600001	24
D09	6800001	7800001	27
D09	7000001	8000001	36
D09	7200001	8200001	29
D09	7400001	8400001	33
D09	7600001	8600001	31
D09	7800001	8800001	42
D09	8000001	9000001	38
D09	8200001	9200001	95
D09	8400001	9400001	115
D09	8600001	9600001	134
D09	8800001	9800001	122
D09	9000001	10000001	117
D09	9200001	10200001	66
D09	9400001	10400001	63
D09	9600001	10600001	57
D09	9800001	10800001	57
D09	10000001	11000001	56
D09	10200001	11200001	52
D09	10400001	11400001	39
D09	10600001	11600001	51
D09	10800001	11800001	52
D09	11000001	12000001	61
D09	11200001	12200001	79
D09	11400001	12400001	67
D09	11600001	12600001	41
D09	11800001	12800001	39
D09	12000001	13000001	37
D09	12200001	13200001	67
D09	12400001	13400001	88
D09	12600001	13600001	167
D09	12800001	13800001	164
D09	13000001	14000001	163
D09	13200001	14200001	111
D09	13400001	14400001	91
D09	13600001	14600001	11
D09	13800001	14800001	22
D09	14000001	15000001	21
D09	14200001	15200001	21
D09	14400001	15400001	34
D09	14600001	15600001	37
D09	14800001	15800001	26
D09	15000001	16000001	20
D09	15200001	16200001	19
D09	15400001	16400001	7
D09	15600001	16600001	3
D09	15800001	16800001	6
D09	16000001	17000001	8
D09	16200001	17200001	15
D09	16400001	17400001	18
D09	16600001	17600001	24
D09	16800001	17800001	129
D09	17000001	18000001	127
D09	17200001	18200001	124
D09	17400001	18400001	132
D09	17600001	18600001	128
D09	17800001	18800001	20
D09	18000001	19000001	20
D09	18200001	19200001	19
D09	18400001	19400001	5
D09	18600001	19600001	3
D09	18800001	19800001	3
D09	19000001	20000001	3
D09	19200001	20200001	1
D09	19400001	20400001	3
D09	19600001	20600001	16
D09	19800001	20800001	19
D09	20000001	21000001	19
D09	20200001	21200001	26
D09	20400001	21400001	36
D09	20600001	21600001	26
D09	20800001	21800001	24
D09	21000001	22000001	42
D09	21200001	22200001	38
D09	21400001	22400001	27
D09	21600001	22600001	27
D09	21800001	22800001	28
D09	22000001	23000001	70
D09	22200001	23200001	68
D09	22400001	23400001	81
D09	22600001	23600001	82
D09	22800001	23800001	88
D09	23000001	24000001	30
D09	23200001	24200001	39
D09	23400001	24400001	29
D09	23600001	24600001	27
D09	23800001	24800001	39
D09	24000001	25000001	40
D09	24200001	25200001	35
D09	24400001	25400001	36
D09	24600001	25600001	36
D09	24800001	25800001	19
D09	25000001	26000001	27
D09	25200001	26200001	23
D09	25400001	26400001	24
D09	25600001	26600001	27
D09	25800001	26800001	24
D09	26000001	27000001	17
D09	26200001	27200001	21
D09	26400001	27400001	28
D09	26600001	27600001	29
D09	26800001	27800001	35
D09	27000001	28000001	38
D09	27200001	28200001	37
D09	27400001	28400001	29
D09	27600001	28600001	50
D09	27800001	28800001	45
D09	28000001	29000001	55
D09	28200001	29200001	57
D09	28400001	29400001	66
D09	28600001	29600001	41
D09	28800001	29800001	56
D09	29000001	30000001	41
D09	29200001	30200001	39
D09	29400001	30400001	33
D09	29600001	30600001	79
D09	29800001	30800001	82
D09	30000001	31000001	88
D09	30200001	31200001	92
D09	30400001	31400001	89
D09	30600001	31600001	57
D09	30800001	31800001	57
D09	31000001	32000001	53
D09	31200001	32200001	61
D09	31400001	32400001	67
D09	31600001	32600001	58
D09	31800001	32800001	39
D09	32000001	33000001	58
D09	32200001	33200001	41
D09	32400001	33400001	60
D09	32600001	33600001	80
D09	32800001	33800001	108
D09	33000001	34000001	102
D09	33200001	34200001	107
D09	33400001	34400001	160
D09	33600001	34600001	163
D09	33800001	34800001	140
D09	34000001	35000001	128
D09	34200001	35200001	137
D09	34400001	35400001	74
D09	34600001	35600001	47
D09	34800001	35800001	49
D09	35000001	36000001	49
D09	35200001	36200001	46
D09	35400001	36400001	33
D09	35600001	36600001	36
D09	35800001	36800001	38
D09	36000001	37000001	52
D09	36200001	37200001	46
D09	36400001	37400001	42
D09	36600001	37600001	43
D09	36800001	37800001	45
D09	37000001	38000001	39
D09	37200001	38200001	37
D09	37400001	38400001	39
D09	37600001	38600001	34
D09	37800001	38800001	32
D09	38000001	39000001	38
D09	38200001	39200001	38
D09	38400001	39400001	50
D09	38600001	39600001	54
D09	38800001	39800001	72
D09	39000001	40000001	66
D09	39200001	40200001	64
D09	39400001	40400001	54
D09	39600001	40600001	53
D09	39800001	40800001	31
D09	40000001	41000001	29
D09	40200001	41200001	42
D09	40400001	41400001	39
D09	40600001	41600001	97
D09	40800001	41800001	99
D09	41000001	42000001	93
D09	41200001	42200001	82
D09	41400001	42400001	81
D09	41600001	42600001	27
D09	41800001	42800001	286
D09	42000001	43000001	290
D09	42200001	43200001	301
D09	42400001	43400001	302
D09	42600001	43600001	305
D09	42800001	43800001	69
D09	43000001	44000001	64
D09	43200001	44200001	97
D09	43400001	44400001	99
D09	43600001	44600001	99
D09	43800001	44800001	72
D09	44000001	45000001	197
D09	44200001	45200001	156
D09	44400001	45400001	158
D09	44600001	45600001	159
D09	44800001	45800001	167
D09	45000001	46000001	40
D09	45200001	46200001	108
D09	45400001	46400001	214
D09	45600001	46600001	207
D09	45800001	46800001	204
D09	46000001	47000001	214
D09	46200001	47200001	146
D09	46400001	47400001	37
D09	46600001	47600001	36
D09	46800001	47800001	32
D09	47000001	48000001	24
D09	47200001	48200001	34
D09	47400001	48400001	38
D09	47600001	48600001	46
D09	47800001	48800001	46
D09	48000001	49000001	60
D09	48200001	49200001	46
D09	48400001	49400001	42
D09	48600001	49600001	39
D09	48800001	49800001	102
D09	49000001	50000001	89
D09	49200001	50200001	92
D09	49400001	50400001	91
D09	49600001	50600001	93
D09	49800001	50800001	99
D09	50000001	51000001	97
D09	50200001	51200001	92
D09	50400001	51400001	88
D09	50600001	51600001	76
D10	1	1000001	99
D10	200001	1200001	39
D10	400001	1400001	26
D10	600001	1600001	17
D10	800001	1800001	22
D10	1000001	2000001	25
D10	1200001	2200001	44
D10	1400001	2400001	53
D10	1600001	2600001	60
D10	1800001	2800001	60
D10	2000001	3000001	64
D10	2200001	3200001	47
D10	2400001	3400001	40
D10	2600001	3600001	36
D10	2800001	3800001	36
D10	3000001	4000001	31
D10	3200001	4200001	95
D10	3400001	4400001	95
D10	3600001	4600001	95
D10	3800001	4800001	101
D10	4000001	5000001	95
D10	4200001	5200001	55
D10	4400001	5400001	105
D10	4600001	5600001	180
D10	4800001	5800001	177
D10	5000001	6000001	197
D10	5200001	6200001	181
D10	5400001	6400001	132
D10	5600001	6600001	74
D10	5800001	6800001	87
D10	6000001	7000001	94
D10	6200001	7200001	83
D10	6400001	7400001	81
D10	6600001	7600001	62
D10	6800001	7800001	49
D10	7000001	8000001	22
D10	7200001	8200001	21
D10	7400001	8400001	94
D10	7600001	8600001	94
D10	7800001	8800001	302
D10	8000001	9000001	301
D10	8200001	9200001	342
D10	8400001	9400001	277
D10	8600001	9600001	276
D10	8800001	9800001	70
D10	9000001	10000001	69
D10	9200001	10200001	25
D10	9400001	10400001	34
D10	9600001	10600001	34
D10	9800001	10800001	116
D10	10000001	11000001	176
D10	10200001	11200001	180
D10	10400001	11400001	166
D10	10600001	11600001	164
D10	10800001	11800001	74
D10	11000001	12000001	25
D10	11200001	12200001	28
D10	11400001	12400001	31
D10	11600001	12600001	35
D10	11800001	12800001	42
D10	12000001	13000001	30
D10	12200001	13200001	34
D10	12400001	13400001	88
D10	12600001	13600001	89
D10	12800001	13800001	81
D10	13000001	14000001	84
D10	13200001	14200001	73
D10	13400001	14400001	22
D10	13600001	14600001	71
D10	13800001	14800001	75
D10	14000001	15000001	76
D10	14200001	15200001	86
D10	14400001	15400001	83
D10	14600001	15600001	34
D10	14800001	15800001	28
D10	15000001	16000001	36
D10	15200001	16200001	30
D10	15400001	16400001	25
D10	15600001	16600001	25
D10	15800001	16800001	28
D10	16000001	17000001	23
D10	16200001	17200001	22
D10	16400001	17400001	31
D10	16600001	17600001	30
D10	16800001	17800001	83
D10	17000001	18000001	82
D10	17200001	18200001	85
D10	17400001	18400001	115
D10	17600001	18600001	122
D10	17800001	18800001	65
D10	18000001	19000001	61
D10	18200001	19200001	57
D10	18400001	19400001	22
D10	18600001	19600001	10
D10	18800001	19800001	12
D10	19000001	20000001	19
D10	19200001	20200001	26
D10	19400001	20400001	21
D10	19600001	20600001	52
D10	19800001	20800001	56
D10	20000001	21000001	57
D10	20200001	21200001	52
D10	20400001	21400001	59
D10	20600001	21600001	28
D10	20800001	21800001	182
D10	21000001	22000001	173
D10	21200001	22200001	169
D10	21400001	22400001	165
D10	21600001	22600001	235
D10	21800001	22800001	100
D10	22000001	23000001	103
D10	22200001	23200001	107
D10	22400001	23400001	106
D10	22600001	23600001	38
D10	22800001	23800001	22
D10	23000001	24000001	21
D10	23200001	24200001	28
D10	23400001	24400001	52
D10	23600001	24600001	57
D10	23800001	24800001	52
D10	24000001	25000001	49
D10	24200001	25200001	48
D10	24400001	25400001	26
D10	24600001	25600001	46
D10	24800001	25800001	58
D10	25000001	26000001	77
D10	25200001	26200001	106
D10	25400001	26400001	101
D10	25600001	26600001	77
D10	25800001	26800001	78
D10	26000001	27000001	71
D10	26200001	27200001	42
D10	26400001	27400001	95
D10	26600001	27600001	101
D10	26800001	27800001	85
D10	27000001	28000001	75
D10	27200001	28200001	74
D10	27400001	28400001	120
D10	27600001	28600001	116
D10	27800001	28800001	119
D10	28000001	29000001	122
D10	28200001	29200001	115
D10	28400001	29400001	25
D10	28600001	29600001	22
D10	28800001	29800001	18
D10	29000001	30000001	15
D10	29200001	30200001	31
D10	29400001	30400001	23
D10	29600001	30600001	72
D10	29800001	30800001	73
D10	30000001	31000001	127
D10	30200001	31200001	112
D10	30400001	31400001	116
D10	30600001	31600001	68
D10	30800001	31800001	69
D10	31000001	32000001	14
D10	31200001	32200001	11
D10	31400001	32400001	7
D10	31600001	32600001	7
D10	31800001	32800001	5
D10	32000001	33000001	11
D10	32200001	33200001	16
D10	32400001	33400001	23
D10	32600001	33600001	23
D10	32800001	33800001	33
D10	33000001	34000001	29
D10	33200001	34200001	31
D10	33400001	34400001	23
D10	33600001	34600001	26
D10	33800001	34800001	17
D10	34000001	35000001	17
D10	34200001	35200001	10
D10	34400001	35400001	13
D10	34600001	35600001	7
D10	34800001	35800001	6
D10	35000001	36000001	8
D10	35200001	36200001	8
D10	35400001	36400001	5
D10	35600001	36600001	9
D10	35800001	36800001	9
D10	36000001	37000001	5
D10	36200001	37200001	5
D10	36400001	37400001	6
D10	36600001	37600001	5
D10	36800001	37800001	7
D10	37000001	38000001	6
D10	37200001	38200001	6
D10	37400001	38400001	5
D10	37600001	38600001	3
D10	37800001	38800001	9
D10	38000001	39000001	9
D10	38200001	39200001	10
D10	38400001	39400001	14
D10	38600001	39600001	14
D10	38800001	39800001	11
D10	39000001	40000001	11
D10	39200001	40200001	12
D10	39400001	40400001	15
D10	39600001	40600001	26
D10	39800001	40800001	28
D10	40000001	41000001	29
D10	40200001	41200001	29
D10	40400001	41400001	60
D10	40600001	41600001	48
D10	40800001	41800001	44
D10	41000001	42000001	45
D10	41200001	42200001	49
D10	41400001	42400001	18
D10	41600001	42600001	22
D10	41800001	42800001	22
D10	42000001	43000001	23
D10	42200001	43200001	19
D10	42400001	43400001	30
D10	42600001	43600001	31
D10	42800001	43800001	29
D10	43000001	44000001	28
D10	43200001	44200001	26
D10	43400001	44400001	11
D10	43600001	44600001	7
D10	43800001	44800001	12
D10	44000001	45000001	11
D10	44200001	45200001	26
D10	44400001	45400001	23
D10	44600001	45600001	28
D10	44800001	45800001	33
D10	45000001	46000001	64
D10	45200001	46200001	49
D10	45400001	46400001	76
D10	45600001	46600001	80
D10	45800001	46800001	111
D10	46000001	47000001	101
D10	46200001	47200001	109
D10	46400001	47400001	87
D10	46600001	47600001	79
D10	46800001	47800001	48
D10	47000001	48000001	34
D10	47200001	48200001	35
D10	47400001	48400001	33
D10	47600001	48600001	68
D10	47800001	48800001	59
D10	48000001	49000001	55
D10	48200001	49200001	64
D10	48400001	49400001	61
D10	48600001	49600001	28
D10	48800001	49800001	44
D10	49000001	50000001	47
D10	49200001	50200001	41
D10	49400001	50400001	48
D10	49600001	50600001	49
D10	49800001	50800001	36
D10	50000001	51000001	33
D10	50200001	51200001	71
D10	50400001	51400001	70
D10	50600001	51600001	68
D10	50800001	51800001	93
D10	51000001	52000001	96
D10	51200001	52200001	70
D10	51400001	52400001	66
D10	51600001	52600001	68
D10	51800001	52800001	41
D10	52000001	53000001	51
D10	52200001	53200001	45
D10	52400001	53400001	52
D10	52600001	53600001	49
D10	52800001	53800001	48
D10	53000001	54000001	47
D10	53200001	54200001	39
D10	53400001	54400001	34
D10	53600001	54600001	34
D10	53800001	54800001	33
D10	54000001	55000001	26
D10	54200001	55200001	22
D10	54400001	55400001	28
D10	54600001	55600001	29
D10	54800001	55800001	32
D10	55000001	56000001	27
D10	55200001	56200001	43
D10	55400001	56400001	42
D10	55600001	56600001	56
D10	55800001	56800001	57
D10	56000001	57000001	79
D10	56200001	57200001	86
D10	56400001	57400001	96
D10	56600001	57600001	133
D10	56800001	57800001	183
D10	57000001	58000001	158
D10	57200001	58200001	134
D10	57400001	58400001	126
D10	57600001	58600001	94
D10	57800001	58800001	50
D10	58000001	59000001	55
D10	58200001	59200001	66
D10	58400001	59400001	64
D10	58600001	59600001	42
D10	58800001	59800001	47
D10	59000001	60000001	41
D10	59200001	60200001	45
D10	59400001	60400001	69
D10	59600001	60600001	71
D10	59800001	60800001	234
D10	60000001	61000001	234
D10	60200001	61200001	225
D10	60400001	61400001	207
D10	60600001	61600001	214
D10	60800001	61800001	45
D10	61000001	62000001	53
D10	61200001	62200001	44
D10	61400001	62400001	35
D10	61600001	62600001	35
D10	61800001	62800001	25
D10	62000001	63000001	30
D10	62200001	63200001	40
D10	62400001	63400001	37
D10	62600001	63600001	28
D10	62800001	63800001	28
D10	63000001	64000001	15
D11	1	1000001	34
D11	200001	1200001	27
D11	400001	1400001	40
D11	600001	1600001	61
D11	800001	1800001	63
D11	1000001	2000001	64
D11	1200001	2200001	66
D11	1400001	2400001	64
D11	1600001	2600001	28
D11	1800001	2800001	28
D11	2000001	3000001	31
D11	2200001	3200001	27
D11	2400001	3400001	31
D11	2600001	3600001	38
D11	2800001	3800001	34
D11	3000001	4000001	42
D11	3200001	4200001	64
D11	3400001	4400001	50
D11	3600001	4600001	46
D11	3800001	4800001	48
D11	4000001	5000001	67
D11	4200001	5200001	48
D11	4400001	5400001	121
D11	4600001	5600001	121
D11	4800001	5800001	130
D11	5000001	6000001	100
D11	5200001	6200001	111
D11	5400001	6400001	43
D11	5600001	6600001	69
D11	5800001	6800001	68
D11	6000001	7000001	84
D11	6200001	7200001	74
D11	6400001	7400001	72
D11	6600001	7600001	64
D11	6800001	7800001	109
D11	7000001	8000001	103
D11	7200001	8200001	123
D11	7400001	8400001	120
D11	7600001	8600001	114
D11	7800001	8800001	107
D11	8000001	9000001	173
D11	8200001	9200001	157
D11	8400001	9400001	158
D11	8600001	9600001	158
D11	8800001	9800001	124
D11	9000001	10000001	55
D11	9200001	10200001	60
D11	9400001	10400001	66
D11	9600001	10600001	53
D11	9800001	10800001	60
D11	10000001	11000001	56
D11	10200001	11200001	48
D11	10400001	11400001	44
D11	10600001	11600001	44
D11	10800001	11800001	24
D11	11000001	12000001	24
D11	11200001	12200001	150
D11	11400001	12400001	150
D11	11600001	12600001	156
D11	11800001	12800001	156
D11	12000001	13000001	177
D11	12200001	13200001	62
D11	12400001	13400001	61
D11	12600001	13600001	56
D11	12800001	13800001	64
D11	13000001	14000001	40
D11	13200001	14200001	29
D11	13400001	14400001	26
D11	13600001	14600001	29
D11	13800001	14800001	31
D11	14000001	15000001	55
D11	14200001	15200001	143
D11	14400001	15400001	151
D11	14600001	15600001	180
D11	14800001	15800001	171
D11	15000001	16000001	149
D11	15200001	16200001	109
D11	15400001	16400001	227
D11	15600001	16600001	259
D11	15800001	16800001	265
D11	16000001	17000001	263
D11	16200001	17200001	216
D11	16400001	17400001	93
D11	16600001	17600001	25
D11	16800001	17800001	23
D11	17000001	18000001	24
D11	17200001	18200001	24
D11	17400001	18400001	24
D11	17600001	18600001	44
D11	17800001	18800001	42
D11	18000001	19000001	50
D11	18200001	19200001	47
D11	18400001	19400001	60
D11	18600001	19600001	58
D11	18800001	19800001	88
D11	19000001	20000001	81
D11	19200001	20200001	87
D11	19400001	20400001	72
D11	19600001	20600001	54
D11	19800001	20800001	20
D11	20000001	21000001	24
D11	20200001	21200001	48
D11	20400001	21400001	106
D11	20600001	21600001	119
D11	20800001	21800001	122
D11	21000001	22000001	117
D11	21200001	22200001	85
D11	21400001	22400001	30
D11	21600001	22600001	25
D11	21800001	22800001	24
D11	22000001	23000001	22
D11	22200001	23200001	28
D11	22400001	23400001	38
D11	22600001	23600001	29
D11	22800001	23800001	34
D11	23000001	24000001	58
D11	23200001	24200001	55
D11	23400001	24400001	40
D11	23600001	24600001	42
D11	23800001	24800001	35
D11	24000001	25000001	13
D11	24200001	25200001	11
D11	24400001	25400001	30
D11	24600001	25600001	29
D11	24800001	25800001	30
D11	25000001	26000001	34
D11	25200001	26200001	32
D11	25400001	26400001	20
D11	25600001	26600001	45
D11	25800001	26800001	44
D11	26000001	27000001	41
D11	26200001	27200001	44
D11	26400001	27400001	42
D11	26600001	27600001	16
D11	26800001	27800001	24
D11	27000001	28000001	33
D11	27200001	28200001	32
D11	27400001	28400001	44
D11	27600001	28600001	55
D11	27800001	28800001	49
D11	28000001	29000001	52
D11	28200001	29200001	50
D11	28400001	29400001	39
D11	28600001	29600001	30
D11	28800001	29800001	28
D11	29000001	30000001	14
D11	29200001	30200001	15
D11	29400001	30400001	50
D11	29600001	30600001	47
D11	29800001	30800001	55
D11	30000001	31000001	65
D11	30200001	31200001	62
D11	30400001	31400001	25
D11	30600001	31600001	25
D11	30800001	31800001	24
D11	31000001	32000001	17
D11	31200001	32200001	22
D11	31400001	32400001	23
D11	31600001	32600001	26
D11	31800001	32800001	17
D11	32000001	33000001	15
D11	32200001	33200001	25
D11	32400001	33400001	24
D11	32600001	33600001	22
D11	32800001	33800001	28
D11	33000001	34000001	34
D11	33200001	34200001	22
D11	33400001	34400001	36
D11	33600001	34600001	36
D11	33800001	34800001	49
D11	34000001	35000001	41
D11	34200001	35200001	41
D11	34400001	35400001	26
D11	34600001	35600001	25
D11	34800001	35800001	91
D11	35000001	36000001	92
D11	35200001	36200001	89
D11	35400001	36400001	96
D11	35600001	36600001	96
D11	35800001	36800001	18
D11	36000001	37000001	18
D11	36200001	37200001	21
D11	36400001	37400001	29
D11	36600001	37600001	31
D11	36800001	37800001	27
D11	37000001	38000001	26
D11	37200001	38200001	34
D11	37400001	38400001	69
D11	37600001	38600001	80
D11	37800001	38800001	81
D11	38000001	39000001	111
D11	38200001	39200001	101
D11	38400001	39400001	50
D11	38600001	39600001	73
D11	38800001	39800001	69
D11	39000001	40000001	74
D11	39200001	40200001	76
D11	39400001	40400001	94
D11	39600001	40600001	58
D11	39800001	40800001	58
D11	40000001	41000001	23
D11	40200001	41200001	27
D11	40400001	41400001	7
D11	40600001	41600001	8
D11	40800001	41800001	9
D11	41000001	42000001	13
D11	41200001	42200001	17
D11	41400001	42400001	18
D11	41600001	42600001	17
D11	41800001	42800001	16
D11	42000001	43000001	13
D11	42200001	43200001	5
D11	42400001	43400001	6
D11	42600001	43600001	7
D11	42800001	43800001	7
D11	43000001	44000001	9
D11	43200001	44200001	6
D11	43400001	44400001	9
D11	43600001	44600001	9
D11	43800001	44800001	11
D11	44000001	45000001	15
D11	44200001	45200001	16
D11	44400001	45400001	13
D11	44600001	45600001	72
D11	44800001	45800001	124
D11	45000001	46000001	199
D11	45200001	46200001	201
D11	45400001	46400001	203
D11	45600001	46600001	144
D11	45800001	46800001	98
D11	46000001	47000001	17
D11	46200001	47200001	45
D11	46400001	47400001	41
D11	46600001	47600001	48
D11	46800001	47800001	41
D11	47000001	48000001	44
D11	47200001	48200001	24
D11	47400001	48400001	47
D11	47600001	48600001	41
D11	47800001	48800001	42
D11	48000001	49000001	65
D11	48200001	49200001	56
D11	48400001	49400001	44
D11	48600001	49600001	44
D11	48800001	49800001	48
D11	49000001	50000001	61
D11	49200001	50200001	162
D11	49400001	50400001	162
D11	49600001	50600001	164
D11	49800001	50800001	165
D11	50000001	51000001	132
D11	50200001	51200001	35
D11	50400001	51400001	36
D11	50600001	51600001	32
D11	50800001	51800001	26
D11	51000001	52000001	21
D11	51200001	52200001	39
D11	51400001	52400001	56
D11	51600001	52600001	60
D11	51800001	52800001	75
D11	52000001	53000001	75
D11	52200001	53200001	58
D11	52400001	53400001	90
D11	52600001	53600001	87
D11	52800001	53800001	83
D11	53000001	54000001	83
D11	53200001	54200001	86
D11	53400001	54400001	30
D11	53600001	54600001	45
D11	53800001	54800001	39
D11	54000001	55000001	44
D11	54200001	55200001	36
D11	54400001	55400001	36
D11	54600001	55600001	34
D11	54800001	55800001	50
D11	55000001	56000001	46
D11	55200001	56200001	125
D11	55400001	56400001	134
D11	55600001	56600001	128
D11	55800001	56800001	112
D11	56000001	57000001	124
D11	56200001	57200001	56
D11	56400001	57400001	51
D11	56600001	57600001	70
D11	56800001	57800001	89
D11	57000001	58000001	82
D11	57200001	58200001	72
D11	57400001	58400001	81
D11	57600001	58600001	82
D11	57800001	58800001	59
D11	58000001	59000001	52
D11	58200001	59200001	85
D11	58400001	59400001	69
D11	58600001	59600001	48
D11	58800001	59800001	52
D11	59000001	60000001	51
D11	59200001	60200001	24
D11	59400001	60400001	24
D11	59600001	60600001	25
D11	59800001	60800001	20
D11	60000001	61000001	27
D11	60200001	61200001	30
D11	60400001	61400001	44
D11	60600001	61600001	38
D11	60800001	61800001	39
D11	61000001	62000001	34
D11	61200001	62200001	27
D11	61400001	62400001	24
D11	61600001	62600001	46
D11	61800001	62800001	55
D11	62000001	63000001	55
D11	62200001	63200001	67
D11	62400001	63400001	56
D11	62600001	63600001	33
D11	62800001	63800001	28
D11	63000001	64000001	34
D11	63200001	64200001	22
D11	63400001	64400001	22
D11	63600001	64600001	22
D11	63800001	64800001	19
D11	64000001	65000001	12
D11	64200001	65200001	28
D11	64400001	65400001	42
D11	64600001	65600001	58
D11	64800001	65800001	68
D11	65000001	66000001	82
D11	65200001	66200001	64
D11	65400001	66400001	48
D11	65600001	66600001	31
D11	65800001	66800001	18
D12	1	1000001	83
D12	200001	1200001	88
D12	400001	1400001	80
D12	600001	1600001	42
D12	800001	1800001	37
D12	1000001	2000001	35
D12	1200001	2200001	41
D12	1400001	2400001	40
D12	1600001	2600001	46
D12	1800001	2800001	49
D12	2000001	3000001	56
D12	2200001	3200001	125
D12	2400001	3400001	155
D12	2600001	3600001	147
D12	2800001	3800001	146
D12	3000001	4000001	151
D12	3200001	4200001	76
D12	3400001	4400001	46
D12	3600001	4600001	47
D12	3800001	4800001	38
D12	4000001	5000001	23
D12	4200001	5200001	14
D12	4400001	5400001	11
D12	4600001	5600001	21
D12	4800001	5800001	26
D12	5000001	6000001	32
D12	5200001	6200001	33
D12	5400001	6400001	37
D12	5600001	6600001	39
D12	5800001	6800001	35
D12	6000001	7000001	90
D12	6200001	7200001	101
D12	6400001	7400001	113
D12	6600001	7600001	103
D12	6800001	7800001	131
D12	7000001	8000001	72
D12	7200001	8200001	103
D12	7400001	8400001	97
D12	7600001	8600001	93
D12	7800001	8800001	65
D12	8000001	9000001	74
D12	8200001	9200001	32
D12	8400001	9400001	36
D12	8600001	9600001	50
D12	8800001	9800001	51
D12	9000001	10000001	45
D12	9200001	10200001	65
D12	9400001	10400001	93
D12	9600001	10600001	76
D12	9800001	10800001	83
D12	10000001	11000001	80
D12	10200001	11200001	67
D12	10400001	11400001	34
D12	10600001	11600001	50
D12	10800001	11800001	66
D12	11000001	12000001	88
D12	11200001	12200001	93
D12	11400001	12400001	102
D12	11600001	12600001	93
D12	11800001	12800001	71
D12	12000001	13000001	53
D12	12200001	13200001	38
D12	12400001	13400001	31
D12	12600001	13600001	24
D12	12800001	13800001	20
D12	13000001	14000001	16
D12	13200001	14200001	31
D12	13400001	14400001	54
D12	13600001	14600001	56
D12	13800001	14800001	57
D12	14000001	15000001	57
D12	14200001	15200001	155
D12	14400001	15400001	125
D12	14600001	15600001	122
D12	14800001	15800001	124
D12	15000001	16000001	166
D12	15200001	16200001	55
D12	15400001	16400001	59
D12	15600001	16600001	65
D12	15800001	16800001	77
D12	16000001	17000001	37
D12	16200001	17200001	64
D12	16400001	17400001	58
D12	16600001	17600001	54
D12	16800001	17800001	41
D12	17000001	18000001	45
D12	17200001	18200001	17
D12	17400001	18400001	18
D12	17600001	18600001	18
D12	17800001	18800001	19
D12	18000001	19000001	11
D12	18200001	19200001	18
D12	18400001	19400001	18
D12	18600001	19600001	18
D12	18800001	19800001	27
D12	19000001	20000001	31
D12	19200001	20200001	24
D12	19400001	20400001	21
D12	19600001	20600001	18
D12	19800001	20800001	5
D12	20000001	21000001	6
D12	20200001	21200001	6
D12	20400001	21400001	6
D12	20600001	21600001	6
D12	20800001	21800001	7
D12	21000001	22000001	5
D12	21200001	22200001	4
D12	21400001	22400001	5
D12	21600001	22600001	7
D12	21800001	22800001	12
D12	22000001	23000001	33
D12	22200001	23200001	88
D12	22400001	23400001	87
D12	22600001	23600001	87
D12	22800001	23800001	82
D12	23000001	24000001	58
D12	23200001	24200001	6
D12	23400001	24400001	6
D12	23600001	24600001	4
D12	23800001	24800001	8
D12	24000001	25000001	15
D12	24200001	25200001	12
D12	24400001	25400001	24
D12	24600001	25600001	24
D12	24800001	25800001	27
D12	25000001	26000001	20
D12	25200001	26200001	23
D12	25400001	26400001	13
D12	25600001	26600001	14
D12	25800001	26800001	6
D12	26000001	27000001	6
D12	26200001	27200001	3
D12	26400001	27400001	7
D12	26600001	27600001	9
D12	26800001	27800001	14
D12	27000001	28000001	17
D12	27200001	28200001	19
D12	27400001	28400001	17
D12	27600001	28600001	16
D12	27800001	28800001	14
D12	28000001	29000001	18
D12	28200001	29200001	20
D12	28400001	29400001	17
D12	28600001	29600001	21
D12	28800001	29800001	19
D12	29000001	30000001	13
D12	29200001	30200001	10
D12	29400001	30400001	9
D12	29600001	30600001	5
D12	29800001	30800001	6
D12	30000001	31000001	6
D12	30200001	31200001	5
D12	30400001	31400001	7
D12	30600001	31600001	7
D12	30800001	31800001	7
D12	31000001	32000001	15
D12	31200001	32200001	15
D12	31400001	32400001	32
D12	31600001	32600001	30
D12	31800001	32800001	28
D12	32000001	33000001	19
D12	32200001	33200001	19
D12	32400001	33400001	0
D12	32600001	33600001	2
D12	32800001	33800001	6
D12	33000001	34000001	6
D12	33200001	34200001	12
D12	33400001	34400001	20
D12	33600001	34600001	22
D12	33800001	34800001	25
D12	34000001	35000001	35
D12	34200001	35200001	41
D12	34400001	35400001	66
D12	34600001	35600001	64
D12	34800001	35800001	105
D12	35000001	36000001	106
D12	35200001	36200001	99
D12	35400001	36400001	70
D12	35600001	36600001	70
D12	35800001	36800001	27
D12	36000001	37000001	25
D12	36200001	37200001	29
D12	36400001	37400001	70
D12	36600001	37600001	100
D12	36800001	37800001	210
D12	37000001	38000001	234
D12	37200001	38200001	231
D12	37400001	38400001	188
D12	37600001	38600001	188
D12	37800001	38800001	76
D12	38000001	39000001	58
D12	38200001	39200001	60
D12	38400001	39400001	60
D12	38600001	39600001	34
D12	38800001	39800001	35
D12	39000001	40000001	26
D12	39200001	40200001	24
D12	39400001	40400001	30
D12	39600001	40600001	32
D12	39800001	40800001	49
D12	40000001	41000001	79
D12	40200001	41200001	81
D12	40400001	41400001	76
D12	40600001	41600001	72
D12	40800001	41800001	53
D12	41000001	42000001	66
D12	41200001	42200001	64
D12	41400001	42400001	68
D12	41600001	42600001	69
D12	41800001	42800001	76
D12	42000001	43000001	45
D12	42200001	43200001	72
D12	42400001	43400001	85
D12	42600001	43600001	84
D12	42800001	43800001	77
D12	43000001	44000001	84
D12	43200001	44200001	63
D12	43400001	44400001	48
D12	43600001	44600001	51
D12	43800001	44800001	100
D12	44000001	45000001	99
D12	44200001	45200001	89
D12	44400001	45400001	254
D12	44600001	45600001	257
D12	44800001	45800001	231
D12	45000001	46000001	227
D12	45200001	46200001	259
D12	45400001	46400001	100
D12	45600001	46600001	99
D12	45800001	46800001	80
D12	46000001	47000001	62
D12	46200001	47200001	35
D12	46400001	47400001	33
D12	46600001	47600001	31
D12	46800001	47800001	28
D12	47000001	48000001	65
D12	47200001	48200001	100
D12	47400001	48400001	99
D12	47600001	48600001	94
D12	47800001	48800001	95
D12	48000001	49000001	78
D12	48200001	49200001	75
D12	48400001	49400001	212
D12	48600001	49600001	234
D12	48800001	49800001	255
D12	49000001	50000001	239
D12	49200001	50200001	209
D12	49400001	50400001	71
D12	49600001	50600001	49
D12	49800001	50800001	31
D12	50000001	51000001	27
D12	50200001	51200001	38
D12	50400001	51400001	39
D12	50600001	51600001	111
D12	50800001	51800001	118
D12	51000001	52000001	122
D12	51200001	52200001	176
D12	51400001	52400001	169
D12	51600001	52600001	113
D12	51800001	52800001	101
D12	52000001	53000001	98
D12	52200001	53200001	29
D12	52400001	53400001	42
D12	52600001	53600001	35
D12	52800001	53800001	39
D12	53000001	54000001	46
D12	53200001	54200001	61
D12	53400001	54400001	62
D12	53600001	54600001	60
D12	53800001	54800001	69
D12	54000001	55000001	66
D12	54200001	55200001	63
D12	54400001	55400001	53
D12	54600001	55600001	47
D12	54800001	55800001	45
D12	55000001	56000001	44
D12	55200001	56200001	45
D12	55400001	56400001	62
D12	55600001	56600001	81
D12	55800001	56800001	70
D12	56000001	57000001	66
D12	56200001	57200001	55
D12	56400001	57400001	40
D12	56600001	57600001	24
D12	56800001	57800001	25
D12	57000001	58000001	26
D12	57200001	58200001	109
D12	57400001	58400001	120
D12	57600001	58600001	116
D12	57800001	58800001	120
D12	58000001	59000001	129
D12	58200001	59200001	45
D12	58400001	59400001	27
D12	58600001	59600001	25
D12	58800001	59800001	18
D13	1	1000001	146
D13	200001	1200001	121
D13	400001	1400001	92
D13	600001	1600001	189
D13	800001	1800001	194
D13	1000001	2000001	191
D13	1200001	2200001	203
D13	1400001	2400001	178
D13	1600001	2600001	70
D13	1800001	2800001	74
D13	2000001	3000001	58
D13	2200001	3200001	43
D13	2400001	3400001	147
D13	2600001	3600001	149
D13	2800001	3800001	142
D13	3000001	4000001	154
D13	3200001	4200001	162
D13	3400001	4400001	66
D13	3600001	4600001	64
D13	3800001	4800001	104
D13	4000001	5000001	94
D13	4200001	5200001	78
D13	4400001	5400001	74
D13	4600001	5600001	73
D13	4800001	5800001	22
D13	5000001	6000001	21
D13	5200001	6200001	39
D13	5400001	6400001	30
D13	5600001	6600001	47
D13	5800001	6800001	50
D13	6000001	7000001	68
D13	6200001	7200001	91
D13	6400001	7400001	92
D13	6600001	7600001	88
D13	6800001	7800001	178
D13	7000001	8000001	164
D13	7200001	8200001	144
D13	7400001	8400001	149
D13	7600001	8600001	171
D13	7800001	8800001	96
D13	8000001	9000001	90
D13	8200001	9200001	72
D13	8400001	9400001	69
D13	8600001	9600001	80
D13	8800001	9800001	137
D13	9000001	10000001	141
D13	9200001	10200001	140
D13	9400001	10400001	137
D13	9600001	10600001	86
D13	9800001	10800001	9
D13	10000001	11000001	7
D13	10200001	11200001	6
D13	10400001	11400001	9
D13	10600001	11600001	75
D13	10800001	11800001	79
D13	11000001	12000001	75
D13	11200001	12200001	84
D13	11400001	12400001	83
D13	11600001	12600001	20
D13	11800001	12800001	17
D13	12000001	13000001	40
D13	12200001	13200001	92
D13	12400001	13400001	91
D13	12600001	13600001	88
D13	12800001	13800001	93
D13	13000001	14000001	72
D13	13200001	14200001	10
D13	13400001	14400001	16
D13	13600001	14600001	32
D13	13800001	14800001	26
D13	14000001	15000001	33
D13	14200001	15200001	36
D13	14400001	15400001	31
D13	14600001	15600001	41
D13	14800001	15800001	43
D13	15000001	16000001	36
D13	15200001	16200001	39
D13	15400001	16400001	63
D13	15600001	16600001	47
D13	15800001	16800001	68
D13	16000001	17000001	66
D13	16200001	17200001	62
D13	16400001	17400001	166
D13	16600001	17600001	156
D13	16800001	17800001	134
D13	17000001	18000001	167
D13	17200001	18200001	169
D13	17400001	18400001	47
D13	17600001	18600001	48
D13	17800001	18800001	52
D13	18000001	19000001	21
D13	18200001	19200001	23
D13	18400001	19400001	20
D13	18600001	19600001	62
D13	18800001	19800001	65
D13	19000001	20000001	63
D13	19200001	20200001	59
D13	19400001	20400001	57
D13	19600001	20600001	14
D13	19800001	20800001	12
D13	20000001	21000001	19
D13	20200001	21200001	27
D13	20400001	21400001	29
D13	20600001	21600001	32
D13	20800001	21800001	30
D13	21000001	22000001	44
D13	21200001	22200001	35
D13	21400001	22400001	32
D13	21600001	22600001	30
D13	21800001	22800001	60
D13	22000001	23000001	39
D13	22200001	23200001	38
D13	22400001	23400001	36
D13	22600001	23600001	35
D13	22800001	23800001	1
D13	23000001	24000001	1
D13	23200001	24200001	2
D13	23400001	24400001	1
D13	23600001	24600001	7
D13	23800001	24800001	8
D13	24000001	25000001	8
D13	24200001	25200001	7
D13	24400001	25400001	7
D13	24600001	25600001	1
D13	24800001	25800001	0
D13	25000001	26000001	0
D13	25200001	26200001	0
D13	25400001	26400001	3
D13	25600001	26600001	5
D13	25800001	26800001	6
D13	26000001	27000001	6
D13	26200001	27200001	6
D13	26400001	27400001	8
D13	26600001	27600001	7
D13	26800001	27800001	7
D13	27000001	28000001	9
D13	27200001	28200001	12
D13	27400001	28400001	10
D13	27600001	28600001	10
D13	27800001	28800001	10
D13	28000001	29000001	11
D13	28200001	29200001	9
D13	28400001	29400001	6
D13	28600001	29600001	25
D13	28800001	29800001	54
D13	29000001	30000001	51
D13	29200001	30200001	50
D13	29400001	30400001	53
D13	29600001	30600001	43
D13	29800001	30800001	15
D13	30000001	31000001	47
D13	30200001	31200001	47
D13	30400001	31400001	45
D13	30600001	31600001	40
D13	30800001	31800001	57
D13	31000001	32000001	26
D13	31200001	32200001	26
D13	31400001	32400001	26
D13	31600001	32600001	26
D13	31800001	32800001	7
D13	32000001	33000001	8
D13	32200001	33200001	9
D13	32400001	33400001	11
D13	32600001	33600001	9
D13	32800001	33800001	13
D13	33000001	34000001	14
D13	33200001	34200001	13
D13	33400001	34400001	11
D13	33600001	34600001	19
D13	33800001	34800001	16
D13	34000001	35000001	14
D13	34200001	35200001	17
D13	34400001	35400001	21
D13	34600001	35600001	12
D13	34800001	35800001	12
D13	35000001	36000001	27
D13	35200001	36200001	25
D13	35400001	36400001	23
D13	35600001	36600001	21
D13	35800001	36800001	20
D13	36000001	37000001	16
D13	36200001	37200001	17
D13	36400001	37400001	18
D13	36600001	37600001	20
D13	36800001	37800001	22
D13	37000001	38000001	10
D13	37200001	38200001	11
D13	37400001	38400001	8
D13	37600001	38600001	8
D13	37800001	38800001	9
D13	38000001	39000001	10
D13	38200001	39200001	8
D13	38400001	39400001	9
D13	38600001	39600001	21
D13	38800001	39800001	23
D13	39000001	40000001	23
D13	39200001	40200001	37
D13	39400001	40400001	47
D13	39600001	40600001	40
D13	39800001	40800001	37
D13	40000001	41000001	41
D13	40200001	41200001	36
D13	40400001	41400001	27
D13	40600001	41600001	21
D13	40800001	41800001	29
D13	41000001	42000001	55
D13	41200001	42200001	52
D13	41400001	42400001	59
D13	41600001	42600001	65
D13	41800001	42800001	88
D13	42000001	43000001	57
D13	42200001	43200001	52
D13	42400001	43400001	42
D13	42600001	43600001	39
D13	42800001	43800001	12
D13	43000001	44000001	13
D13	43200001	44200001	23
D13	43400001	44400001	25
D13	43600001	44600001	23
D13	43800001	44800001	21
D13	44000001	45000001	23
D13	44200001	45200001	148
D13	44400001	45400001	185
D13	44600001	45600001	228
D13	44800001	45800001	228
D13	45000001	46000001	229
D13	45200001	46200001	94
D13	45400001	46400001	63
D13	45600001	46600001	23
D13	45800001	46800001	27
D13	46000001	47000001	30
D13	46200001	47200001	33
D13	46400001	47400001	29
D13	46600001	47600001	36
D13	46800001	47800001	34
D13	47000001	48000001	73
D13	47200001	48200001	78
D13	47400001	48400001	99
D13	47600001	48600001	94
D13	47800001	48800001	91
D13	48000001	49000001	46
D13	48200001	49200001	54
D13	48400001	49400001	40
D13	48600001	49600001	47
D13	48800001	49800001	71
D13	49000001	50000001	83
D13	49200001	50200001	67
D13	49400001	50400001	58
D13	49600001	50600001	172
D13	49800001	50800001	148
D13	50000001	51000001	136
D13	50200001	51200001	138
D13	50400001	51400001	152
D13	50600001	51600001	81
D13	50800001	51800001	110
D13	51000001	52000001	138
D13	51200001	52200001	148
D13	51400001	52400001	141
D13	51600001	52600001	89
D13	51800001	52800001	68
D13	52000001	53000001	54
D13	52200001	53200001	94
D13	52400001	53400001	93
D13	52600001	53600001	122
D13	52800001	53800001	117
D13	53000001	54000001	111
D13	53200001	54200001	99
D13	53400001	54400001	94
D13	53600001	54600001	65
D13	53800001	54800001	78
D13	54000001	55000001	74
D13	54200001	55200001	126
D13	54400001	55400001	132
D13	54600001	55600001	138
D13	54800001	55800001	130
D13	55000001	56000001	135
D13	55200001	56200001	190
D13	55400001	56400001	250
D13	55600001	56600001	246
D13	55800001	56800001	242
D13	56000001	57000001	322
D13	56200001	57200001	176
D13	56400001	57400001	129
D13	56600001	57600001	124
D13	56800001	57800001	121
D13	57000001	58000001	49
D13	57200001	58200001	60
D13	57400001	58400001	43
D13	57600001	58600001	45
D13	57800001	58800001	57
D13	58000001	59000001	75
D13	58200001	59200001	64
D13	58400001	59400001	62
D13	58600001	59600001	76
D13	58800001	59800001	71
D13	59000001	60000001	61
D13	59200001	60200001	62
D13	59400001	60400001	65
D13	59600001	60600001	96
D13	59800001	60800001	85
D13	60000001	61000001	59
D13	60200001	61200001	55
