A01	1	1000000	4891
A01	800001	1800000	4992
A01	1600001	2600000	6851
A01	2400001	3400000	8634
A01	3200001	4200000	6576
A01	4000001	5000000	9350
A01	4800001	5800000	10571
A01	5600001	6600000	10581
A01	6400001	7400000	11123
A01	7200001	8200000	9553
A01	8000001	9000000	16104
A01	8800001	9800000	16222
A01	9600001	10600000	15898
A01	10400001	11400000	13464
A01	11200001	12200000	11493
A01	12000001	13000000	12813
A01	12800001	13800000	11386
A01	13600001	14600000	11305
A01	14400001	15400000	18677
A01	15200001	16200000	18816
A01	16000001	17000000	16014
A01	16800001	17800000	15918
A01	17600001	18600000	13827
A01	18400001	19400000	12627
A01	19200001	20200000	12718
A01	20000001	21000000	16630
A01	20800001	21800000	15143
A01	21600001	22600000	17714
A01	22400001	23400000	14536
A01	23200001	24200000	14951
A01	24000001	25000000	16458
A01	24800001	25800000	18400
A01	25600001	26600000	17109
A01	26400001	27400000	15746
A01	27200001	28200000	13803
A01	28000001	29000000	14074
A01	28800001	29800000	20417
A01	29600001	30600000	15988
A01	30400001	31400000	14658
A01	31200001	32200000	18623
A01	32000001	33000000	16933
A01	32800001	33800000	15107
A01	33600001	34600000	15629
A01	34400001	35400000	11907
A01	35200001	36200000	12112
A01	36000001	37000000	12909
A01	36800001	37800000	13295
A01	37600001	38600000	14324
A01	38400001	39400000	12996
A01	39200001	40200000	14542
A01	40000001	41000000	17238
A01	40800001	41800000	16406
A01	41600001	42600000	13192
A01	42400001	43400000	12100
A01	43200001	44200000	15537
A01	44000001	45000000	16624
A01	44800001	45800000	15555
A01	45600001	46600000	15380
A01	46400001	47400000	12878
A01	47200001	48200000	16758
A01	48000001	49000000	15567
A01	48800001	49800000	14034
A01	49600001	50600000	15523
A01	50400001	51400000	15242
A01	51200001	52200000	13325
A01	52000001	53000000	13818
A01	52800001	53800000	18279
A01	53600001	54600000	18672
A01	54400001	55400000	17499
A01	55200001	56200000	16752
A01	56000001	57000000	14193
A01	56800001	57800000	12732
A01	57600001	58600000	15699
A01	58400001	59400000	15378
A01	59200001	60200000	15835
A01	60000001	61000000	15687
A01	60800001	61800000	16488
A01	61600001	62600000	15760
A01	62400001	63400000	12549
A01	63200001	64200000	14639
A01	64000001	65000000	15563
A01	64800001	65800000	11829
A01	65600001	66600000	13938
A01	66400001	67400000	11819
A01	67200001	68200000	11174
A01	68000001	69000000	15783
A01	68800001	69800000	18677
A01	69600001	70600000	12665
A01	70400001	71400000	17704
A01	71200001	72200000	16436
A01	72000001	73000000	15859
A01	72800001	73800000	15536
A01	73600001	74600000	13191
A01	74400001	75400000	17695
A01	75200001	76200000	13120
A01	76000001	77000000	16434
A01	76800001	77800000	16900
A01	77600001	78600000	14917
A01	78400001	79400000	16526
A01	79200001	80200000	13947
A01	80000001	81000000	14509
A01	80800001	81800000	14450
A01	81600001	82600000	14525
A01	82400001	83400000	13879
A01	83200001	84200000	11922
A01	84000001	85000000	14420
A01	84800001	85800000	16492
A01	85600001	86600000	17082
A01	86400001	87400000	15970
A01	87200001	88200000	15217
A01	88000001	89000000	16191
A01	88800001	89800000	18004
A01	89600001	90600000	13657
A01	90400001	91400000	11884
A01	91200001	92200000	14807
A01	92000001	93000000	14731
A01	92800001	93800000	13760
A01	93600001	94600000	12643
A01	94400001	95400000	12390
A01	95200001	96200000	10311
A01	96000001	97000000	14411
A01	96800001	97800000	12862
A01	97600001	98600000	7736
A01	98400001	99400000	4997
A01	99200001	99884700	3235
A02	1	1000000	5011
A02	800001	1800000	4522
A02	1600001	2600000	6883
A02	2400001	3400000	7868
A02	3200001	4200000	8329
A02	4000001	5000000	13261
A02	4800001	5800000	13758
A02	5600001	6600000	13864
A02	6400001	7400000	11346
A02	7200001	8200000	11610
A02	8000001	9000000	15167
A02	8800001	9800000	17360
A02	9600001	10600000	16998
A02	10400001	11400000	14242
A02	11200001	12200000	14458
A02	12000001	13000000	18123
A02	12800001	13800000	16751
A02	13600001	14600000	15970
A02	14400001	15400000	15009
A02	15200001	16200000	14631
A02	16000001	17000000	17512
A02	16800001	17800000	15808
A02	17600001	18600000	16671
A02	18400001	19400000	14553
A02	19200001	20200000	19432
A02	20000001	21000000	15793
A02	20800001	21800000	17734
A02	21600001	22600000	16030
A02	22400001	23400000	12854
A02	23200001	24200000	17134
A02	24000001	25000000	14734
A02	24800001	25800000	15906
A02	25600001	26600000	15238
A02	26400001	27400000	14857
A02	27200001	28200000	15079
A02	28000001	29000000	12862
A02	28800001	29800000	17343
A02	29600001	30600000	15042
A02	30400001	31400000	15622
A02	31200001	32200000	16642
A02	32000001	33000000	17133
A02	32800001	33800000	13386
A02	33600001	34600000	15148
A02	34400001	35400000	14960
A02	35200001	36200000	13328
A02	36000001	37000000	16086
A02	36800001	37800000	16574
A02	37600001	38600000	17965
A02	38400001	39400000	17108
A02	39200001	40200000	15516
A02	40000001	41000000	13330
A02	40800001	41800000	12832
A02	41600001	42600000	16660
A02	42400001	43400000	18331
A02	43200001	44200000	16228
A02	44000001	45000000	14438
A02	44800001	45800000	16634
A02	45600001	46600000	16556
A02	46400001	47400000	14960
A02	47200001	48200000	14332
A02	48000001	49000000	14103
A02	48800001	49800000	14512
A02	49600001	50600000	17858
A02	50400001	51400000	15541
A02	51200001	52200000	16142
A02	52000001	53000000	14490
A02	52800001	53800000	16998
A02	53600001	54600000	15491
A02	54400001	55400000	16614
A02	55200001	56200000	14069
A02	56000001	57000000	13894
A02	56800001	57800000	14246
A02	57600001	58600000	16729
A02	58400001	59400000	14566
A02	59200001	60200000	17835
A02	60000001	61000000	13578
A02	60800001	61800000	13901
A02	61600001	62600000	15556
A02	62400001	63400000	16146
A02	63200001	64200000	13641
A02	64000001	65000000	12474
A02	64800001	65800000	13944
A02	65600001	66600000	15483
A02	66400001	67400000	15268
A02	67200001	68200000	13962
A02	68000001	69000000	13827
A02	68800001	69800000	17919
A02	69600001	70600000	12723
A02	70400001	71400000	15179
A02	71200001	72200000	17195
A02	72000001	73000000	20289
A02	72800001	73800000	17484
A02	73600001	74600000	17001
A02	74400001	75400000	15398
A02	75200001	76200000	14570
A02	76000001	77000000	17391
A02	76800001	77800000	18666
A02	77600001	78600000	14693
A02	78400001	79400000	10283
A02	79200001	80200000	10798
A02	80000001	81000000	12427
A02	80800001	81800000	9735
A02	81600001	82600000	7951
A02	82400001	83400000	4184
A02	83200001	83447906	478
A03	1	1000000	9742
A03	800001	1800000	7249
A03	1600001	2600000	6215
A03	2400001	3400000	6296
A03	3200001	4200000	8189
A03	4000001	5000000	10931
A03	4800001	5800000	14738
A03	5600001	6600000	13314
A03	6400001	7400000	11183
A03	7200001	8200000	14435
A03	8000001	9000000	14343
A03	8800001	9800000	15052
A03	9600001	10600000	13421
A03	10400001	11400000	15228
A03	11200001	12200000	13381
A03	12000001	13000000	14151
A03	12800001	13800000	17328
A03	13600001	14600000	16648
A03	14400001	15400000	17139
A03	15200001	16200000	17010
A03	16000001	17000000	14275
A03	16800001	17800000	15181
A03	17600001	18600000	17623
A03	18400001	19400000	16027
A03	19200001	20200000	12965
A03	20000001	21000000	16787
A03	20800001	21800000	16327
A03	21600001	22600000	11936
A03	22400001	23400000	16272
A03	23200001	24200000	14550
A03	24000001	25000000	16174
A03	24800001	25800000	14239
A03	25600001	26600000	12678
A03	26400001	27400000	12534
A03	27200001	28200000	15731
A03	28000001	29000000	13023
A03	28800001	29800000	14066
A03	29600001	30600000	13779
A03	30400001	31400000	14966
A03	31200001	32200000	12329
A03	32000001	33000000	16036
A03	32800001	33800000	18615
A03	33600001	34600000	12715
A03	34400001	35400000	15407
A03	35200001	36200000	7422
A03	36000001	37000000	12432
A03	36800001	37800000	11705
A03	37600001	38600000	12419
A03	38400001	39400000	15989
A03	39200001	40200000	16568
A03	40000001	41000000	14538
A03	40800001	41800000	11991
A03	41600001	42600000	13399
A03	42400001	43400000	11887
A03	43200001	44200000	15760
A03	44000001	45000000	16993
A03	44800001	45800000	17594
A03	45600001	46600000	14698
A03	46400001	47400000	12057
A03	47200001	48200000	13756
A03	48000001	49000000	17358
A03	48800001	49800000	15481
A03	49600001	50600000	10784
A03	50400001	51400000	10733
A03	51200001	52200000	12422
A03	52000001	53000000	12425
A03	52800001	53800000	12211
A03	53600001	54600000	12338
A03	54400001	55400000	11714
A03	55200001	56200000	13976
A03	56000001	57000000	13125
A03	56800001	57800000	13444
A03	57600001	58600000	14685
A03	58400001	59400000	17900
A03	59200001	60200000	16606
A03	60000001	61000000	14123
A03	60800001	61800000	14519
A03	61600001	62600000	13746
A03	62400001	63400000	16038
A03	63200001	64200000	16017
A03	64000001	65000000	17640
A03	64800001	65800000	17313
A03	65600001	66600000	18617
A03	66400001	67400000	15385
A03	67200001	68200000	16214
A03	68000001	69000000	15785
A03	68800001	69800000	14092
A03	69600001	70600000	13057
A03	70400001	71400000	14746
A03	71200001	72200000	14496
A03	72000001	73000000	16838
A03	72800001	73800000	13256
A03	73600001	74600000	15571
A03	74400001	75400000	13676
A03	75200001	76200000	13900
A03	76000001	77000000	14855
A03	76800001	77800000	16481
A03	77600001	78600000	16465
A03	78400001	79400000	17132
A03	79200001	80200000	17353
A03	80000001	81000000	12582
A03	80800001	81800000	14273
A03	81600001	82600000	17996
A03	82400001	83400000	16873
A03	83200001	84200000	13980
A03	84000001	85000000	14594
A03	84800001	85800000	13407
A03	85600001	86600000	14639
A03	86400001	87400000	13686
A03	87200001	88200000	17791
A03	88000001	89000000	15648
A03	88800001	89800000	16300
A03	89600001	90600000	16587
A03	90400001	91400000	12297
A03	91200001	92200000	14071
A03	92000001	93000000	14285
A03	92800001	93800000	14794
A03	93600001	94600000	11723
A03	94400001	95400000	10603
A03	95200001	96200000	10259
A03	96000001	97000000	12290
A03	96800001	97800000	6174
A03	97600001	98600000	8478
A03	98400001	99400000	4540
A03	99200001	100200000	4337
A03	100000001	100263045	1283
A04	1	1000000	9162
A04	800001	1800000	8298
A04	1600001	2600000	9874
A04	2400001	3400000	11757
A04	3200001	4200000	8586
A04	4000001	5000000	8532
A04	4800001	5800000	13115
A04	5600001	6600000	11215
A04	6400001	7400000	12567
A04	7200001	8200000	13556
A04	8000001	9000000	13914
A04	8800001	9800000	14360
A04	9600001	10600000	16189
A04	10400001	11400000	13753
A04	11200001	12200000	12802
A04	12000001	13000000	14804
A04	12800001	13800000	14038
A04	13600001	14600000	15344
A04	14400001	15400000	18696
A04	15200001	16200000	15727
A04	16000001	17000000	15964
A04	16800001	17800000	14520
A04	17600001	18600000	13884
A04	18400001	19400000	14536
A04	19200001	20200000	13838
A04	20000001	21000000	16480
A04	20800001	21800000	12400
A04	21600001	22600000	14776
A04	22400001	23400000	11309
A04	23200001	24200000	15095
A04	24000001	25000000	14514
A04	24800001	25800000	15084
A04	25600001	26600000	15647
A04	26400001	27400000	15180
A04	27200001	28200000	18761
A04	28000001	29000000	13008
A04	28800001	29800000	12004
A04	29600001	30600000	15126
A04	30400001	31400000	15349
A04	31200001	32200000	14183
A04	32000001	33000000	14619
A04	32800001	33800000	11007
A04	33600001	34600000	11619
A04	34400001	35400000	14958
A04	35200001	36200000	16592
A04	36000001	37000000	15405
A04	36800001	37800000	16667
A04	37600001	38600000	14802
A04	38400001	39400000	17257
A04	39200001	40200000	15593
A04	40000001	41000000	18585
A04	40800001	41800000	15532
A04	41600001	42600000	11957
A04	42400001	43400000	13423
A04	43200001	44200000	16526
A04	44000001	45000000	18240
A04	44800001	45800000	15376
A04	45600001	46600000	17281
A04	46400001	47400000	14767
A04	47200001	48200000	18504
A04	48000001	49000000	17701
A04	48800001	49800000	17073
A04	49600001	50600000	15201
A04	50400001	51400000	18879
A04	51200001	52200000	17333
A04	52000001	53000000	14742
A04	52800001	53800000	14893
A04	53600001	54600000	12166
A04	54400001	55400000	15699
A04	55200001	56200000	13642
A04	56000001	57000000	15782
A04	56800001	57800000	14337
A04	57600001	58600000	15918
A04	58400001	59400000	10813
A04	59200001	60200000	12232
A04	60000001	61000000	8980
A04	60800001	61800000	9336
A04	61600001	62600000	6805
A04	62400001	62913772	2484
A05	1	1000000	5301
A05	800001	1800000	3676
A05	1600001	2600000	3520
A05	2400001	3400000	3955
A05	3200001	4200000	3313
A05	4000001	5000000	4458
A05	4800001	5800000	3069
A05	5600001	6600000	3699
A05	6400001	7400000	4690
A05	7200001	8200000	3735
A05	8000001	9000000	3222
A05	8800001	9800000	3979
A05	9600001	10600000	4706
A05	10400001	11400000	4067
A05	11200001	12200000	3562
A05	12000001	13000000	4792
A05	12800001	13800000	6302
A05	13600001	14600000	5544
A05	14400001	15400000	4947
A05	15200001	16200000	5552
A05	16000001	17000000	6907
A05	16800001	17800000	5893
A05	17600001	18600000	7060
A05	18400001	19400000	4673
A05	19200001	20200000	6819
A05	20000001	21000000	10191
A05	20800001	21800000	8815
A05	21600001	22600000	10122
A05	22400001	23400000	13101
A05	23200001	24200000	9091
A05	24000001	25000000	9067
A05	24800001	25800000	11979
A05	25600001	26600000	14236
A05	26400001	27400000	10023
A05	27200001	28200000	10742
A05	28000001	29000000	14873
A05	28800001	29800000	13772
A05	29600001	30600000	14129
A05	30400001	31400000	17016
A05	31200001	32200000	15506
A05	32000001	33000000	15398
A05	32800001	33800000	17874
A05	33600001	34600000	15743
A05	34400001	35400000	17369
A05	35200001	36200000	15961
A05	36000001	37000000	14609
A05	36800001	37800000	17418
A05	37600001	38600000	17491
A05	38400001	39400000	15771
A05	39200001	40200000	16014
A05	40000001	41000000	11972
A05	40800001	41800000	14090
A05	41600001	42600000	14766
A05	42400001	43400000	17403
A05	43200001	44200000	13244
A05	44000001	45000000	16681
A05	44800001	45800000	13342
A05	45600001	46600000	13411
A05	46400001	47400000	15620
A05	47200001	48200000	19052
A05	48000001	49000000	13652
A05	48800001	49800000	12209
A05	49600001	50600000	17283
A05	50400001	51400000	18885
A05	51200001	52200000	16530
A05	52000001	53000000	15428
A05	52800001	53800000	11142
A05	53600001	54600000	16186
A05	54400001	55400000	15362
A05	55200001	56200000	18178
A05	56000001	57000000	13299
A05	56800001	57800000	16117
A05	57600001	58600000	15036
A05	58400001	59400000	13055
A05	59200001	60200000	11360
A05	60000001	61000000	13150
A05	60800001	61800000	16735
A05	61600001	62600000	42077
A05	62400001	63400000	14332
A05	63200001	64200000	11142
A05	64000001	65000000	16130
A05	64800001	65800000	16678
A05	65600001	66600000	14880
A05	66400001	67400000	15955
A05	67200001	68200000	11826
A05	68000001	69000000	12853
A05	68800001	69800000	18044
A05	69600001	70600000	17922
A05	70400001	71400000	15561
A05	71200001	72200000	14418
A05	72000001	73000000	15117
A05	72800001	73800000	15770
A05	73600001	74600000	14658
A05	74400001	75400000	16103
A05	75200001	76200000	15075
A05	76000001	77000000	16166
A05	76800001	77800000	16557
A05	77600001	78600000	12743
A05	78400001	79400000	15517
A05	79200001	80200000	16982
A05	80000001	81000000	15900
A05	80800001	81800000	14106
A05	81600001	82600000	16071
A05	82400001	83400000	16392
A05	83200001	84200000	11090
A05	84000001	85000000	13676
A05	84800001	85800000	12619
A05	85600001	86600000	10611
A05	86400001	87400000	11101
A05	87200001	88200000	9420
A05	88000001	89000000	9194
A05	88800001	89800000	8596
A05	89600001	90600000	10235
A05	90400001	91400000	5856
A05	91200001	92200000	4503
A05	92000001	92047023	214
A06	1	1000000	5220
A06	800001	1800000	8385
A06	1600001	2600000	8402
A06	2400001	3400000	8975
A06	3200001	4200000	11374
A06	4000001	5000000	16413
A06	4800001	5800000	13367
A06	5600001	6600000	14441
A06	6400001	7400000	12222
A06	7200001	8200000	16845
A06	8000001	9000000	14449
A06	8800001	9800000	11572
A06	9600001	10600000	14172
A06	10400001	11400000	15513
A06	11200001	12200000	18584
A06	12000001	13000000	19462
A06	12800001	13800000	13978
A06	13600001	14600000	14451
A06	14400001	15400000	11810
A06	15200001	16200000	13712
A06	16000001	17000000	17102
A06	16800001	17800000	15333
A06	17600001	18600000	17138
A06	18400001	19400000	18052
A06	19200001	20200000	17807
A06	20000001	21000000	19859
A06	20800001	21800000	18131
A06	21600001	22600000	15688
A06	22400001	23400000	16747
A06	23200001	24200000	14954
A06	24000001	25000000	15969
A06	24800001	25800000	14801
A06	25600001	26600000	11625
A06	26400001	27400000	14679
A06	27200001	28200000	17125
A06	28000001	29000000	18838
A06	28800001	29800000	15871
A06	29600001	30600000	12920
A06	30400001	31400000	17644
A06	31200001	32200000	16617
A06	32000001	33000000	15156
A06	32800001	33800000	13907
A06	33600001	34600000	17414
A06	34400001	35400000	15108
A06	35200001	36200000	16414
A06	36000001	37000000	17223
A06	36800001	37800000	17417
A06	37600001	38600000	18041
A06	38400001	39400000	14713
A06	39200001	40200000	19350
A06	40000001	41000000	15078
A06	40800001	41800000	14556
A06	41600001	42600000	14436
A06	42400001	43400000	17391
A06	43200001	44200000	13279
A06	44000001	45000000	12675
A06	44800001	45800000	17382
A06	45600001	46600000	11956
A06	46400001	47400000	11653
A06	47200001	48200000	12513
A06	48000001	49000000	14120
A06	48800001	49800000	15566
A06	49600001	50600000	14323
A06	50400001	51400000	13665
A06	51200001	52200000	14346
A06	52000001	53000000	12502
A06	52800001	53800000	10867
A06	53600001	54600000	12110
A06	54400001	55400000	12967
A06	55200001	56200000	12296
A06	56000001	57000000	9932
A06	56800001	57800000	12515
A06	57600001	58600000	12943
A06	58400001	59400000	15152
A06	59200001	60200000	13601
A06	60000001	61000000	13311
A06	60800001	61800000	14528
A06	61600001	62600000	10491
A06	62400001	63400000	12976
A06	63200001	64200000	14880
A06	64000001	65000000	14065
A06	64800001	65800000	14219
A06	65600001	66600000	16169
A06	66400001	67400000	16340
A06	67200001	68200000	14986
A06	68000001	69000000	14932
A06	68800001	69800000	11479
A06	69600001	70600000	15470
A06	70400001	71400000	11466
A06	71200001	72200000	13576
A06	72000001	73000000	13032
A06	72800001	73800000	15285
A06	73600001	74600000	11300
A06	74400001	75400000	14592
A06	75200001	76200000	15986
A06	76000001	77000000	17507
A06	76800001	77800000	17234
A06	77600001	78600000	16685
A06	78400001	79400000	16444
A06	79200001	80200000	16099
A06	80000001	81000000	13783
A06	80800001	81800000	14811
A06	81600001	82600000	13821
A06	82400001	83400000	14418
A06	83200001	84200000	15571
A06	84000001	85000000	12983
A06	84800001	85800000	14733
A06	85600001	86600000	13547
A06	86400001	87400000	14957
A06	87200001	88200000	15375
A06	88000001	89000000	15889
A06	88800001	89800000	16589
A06	89600001	90600000	16166
A06	90400001	91400000	17839
A06	91200001	92200000	16674
A06	92000001	93000000	16283
A06	92800001	93800000	14116
A06	93600001	94600000	16421
A06	94400001	95400000	14858
A06	95200001	96200000	13835
A06	96000001	97000000	14923
A06	96800001	97800000	13466
A06	97600001	98600000	14717
A06	98400001	99400000	16095
A06	99200001	100200000	11731
A06	100000001	101000000	12500
A06	100800001	101800000	9695
A06	101600001	102600000	5036
A06	102400001	103170444	4389
A07	1	1000000	5997
A07	800001	1800000	4321
A07	1600001	2600000	4707
A07	2400001	3400000	7066
A07	3200001	4200000	7191
A07	4000001	5000000	4461
A07	4800001	5800000	8227
A07	5600001	6600000	8489
A07	6400001	7400000	12842
A07	7200001	8200000	10600
A07	8000001	9000000	9086
A07	8800001	9800000	11569
A07	9600001	10600000	16858
A07	10400001	11400000	18594
A07	11200001	12200000	15594
A07	12000001	13000000	15210
A07	12800001	13800000	15225
A07	13600001	14600000	12234
A07	14400001	15400000	18199
A07	15200001	16200000	16594
A07	16000001	17000000	11736
A07	16800001	17800000	15030
A07	17600001	18600000	11711
A07	18400001	19400000	16361
A07	19200001	20200000	16283
A07	20000001	21000000	15517
A07	20800001	21800000	17012
A07	21600001	22600000	17999
A07	22400001	23400000	13525
A07	23200001	24200000	16424
A07	24000001	25000000	18626
A07	24800001	25800000	14896
A07	25600001	26600000	13214
A07	26400001	27400000	15584
A07	27200001	28200000	20627
A07	28000001	29000000	14562
A07	28800001	29800000	13815
A07	29600001	30600000	18931
A07	30400001	31400000	16088
A07	31200001	32200000	14573
A07	32000001	33000000	14190
A07	32800001	33800000	16359
A07	33600001	34600000	12631
A07	34400001	35400000	12744
A07	35200001	36200000	15891
A07	36000001	37000000	12855
A07	36800001	37800000	15202
A07	37600001	38600000	17801
A07	38400001	39400000	18561
A07	39200001	40200000	15323
A07	40000001	41000000	18818
A07	40800001	41800000	16021
A07	41600001	42600000	13956
A07	42400001	43400000	11313
A07	43200001	44200000	12527
A07	44000001	45000000	17024
A07	44800001	45800000	17907
A07	45600001	46600000	15702
A07	46400001	47400000	12096
A07	47200001	48200000	15026
A07	48000001	49000000	13948
A07	48800001	49800000	10836
A07	49600001	50600000	13220
A07	50400001	51400000	14472
A07	51200001	52200000	16772
A07	52000001	53000000	16597
A07	52800001	53800000	14637
A07	53600001	54600000	13675
A07	54400001	55400000	16102
A07	55200001	56200000	16173
A07	56000001	57000000	14507
A07	56800001	57800000	14841
A07	57600001	58600000	15957
A07	58400001	59400000	13739
A07	59200001	60200000	10864
A07	60000001	61000000	16124
A07	60800001	61800000	15994
A07	61600001	62600000	17128
A07	62400001	63400000	15054
A07	63200001	64200000	15498
A07	64000001	65000000	15627
A07	64800001	65800000	15004
A07	65600001	66600000	19800
A07	66400001	67400000	14891
A07	67200001	68200000	15928
A07	68000001	69000000	31747
A07	68800001	69800000	21026
A07	69600001	70600000	13134
A07	70400001	71400000	13889
A07	71200001	72200000	12212
A07	72000001	73000000	12851
A07	72800001	73800000	9107
A07	73600001	74600000	11352
A07	74400001	75400000	9845
A07	75200001	76200000	11562
A07	76000001	77000000	8741
A07	76800001	77800000	8942
A07	77600001	78251018	6831
A08	1	1000000	5771
A08	800001	1800000	7447
A08	1600001	2600000	9513
A08	2400001	3400000	12119
A08	3200001	4200000	8910
A08	4000001	5000000	12744
A08	4800001	5800000	10964
A08	5600001	6600000	10688
A08	6400001	7400000	13687
A08	7200001	8200000	14567
A08	8000001	9000000	12472
A08	8800001	9800000	14589
A08	9600001	10600000	14969
A08	10400001	11400000	14501
A08	11200001	12200000	18305
A08	12000001	13000000	15936
A08	12800001	13800000	20139
A08	13600001	14600000	16211
A08	14400001	15400000	11391
A08	15200001	16200000	14157
A08	16000001	17000000	15700
A08	16800001	17800000	15993
A08	17600001	18600000	15617
A08	18400001	19400000	16982
A08	19200001	20200000	14883
A08	20000001	21000000	14809
A08	20800001	21800000	14808
A08	21600001	22600000	15683
A08	22400001	23400000	14539
A08	23200001	24200000	14456
A08	24000001	25000000	14905
A08	24800001	25800000	14281
A08	25600001	26600000	14370
A08	26400001	27400000	13929
A08	27200001	28200000	12666
A08	28000001	29000000	10705
A08	28800001	29800000	13029
A08	29600001	30600000	14201
A08	30400001	31400000	11134
A08	31200001	32200000	10608
A08	32000001	33000000	11530
A08	32800001	33800000	12832
A08	33600001	34600000	14797
A08	34400001	35400000	14496
A08	35200001	36200000	14917
A08	36000001	37000000	14886
A08	36800001	37800000	12377
A08	37600001	38600000	12403
A08	38400001	39400000	15122
A08	39200001	40200000	13026
A08	40000001	41000000	14919
A08	40800001	41800000	12621
A08	41600001	42600000	12953
A08	42400001	43400000	14236
A08	43200001	44200000	13271
A08	44000001	45000000	14417
A08	44800001	45800000	8364
A08	45600001	46600000	5873
A08	46400001	47400000	11482
A08	47200001	48200000	13766
A08	48000001	49000000	13796
A08	48800001	49800000	13290
A08	49600001	50600000	12775
A08	50400001	51400000	9362
A08	51200001	52200000	15902
A08	52000001	53000000	13875
A08	52800001	53800000	15402
A08	53600001	54600000	13203
A08	54400001	55400000	6237
A08	55200001	56200000	14116
A08	56000001	57000000	12444
A08	56800001	57800000	12010
A08	57600001	58600000	15990
A08	58400001	59400000	12946
A08	59200001	60200000	15404
A08	60000001	61000000	12851
A08	60800001	61800000	14521
A08	61600001	62600000	13087
A08	62400001	63400000	13064
A08	63200001	64200000	13374
A08	64000001	65000000	15474
A08	64800001	65800000	16282
A08	65600001	66600000	17975
A08	66400001	67400000	15601
A08	67200001	68200000	14992
A08	68000001	69000000	14667
A08	68800001	69800000	14541
A08	69600001	70600000	16711
A08	70400001	71400000	16833
A08	71200001	72200000	17561
A08	72000001	73000000	14606
A08	72800001	73800000	14445
A08	73600001	74600000	17637
A08	74400001	75400000	13876
A08	75200001	76200000	16002
A08	76000001	77000000	16865
A08	76800001	77800000	17261
A08	77600001	78600000	16388
A08	78400001	79400000	17572
A08	79200001	80200000	15892
A08	80000001	81000000	17510
A08	80800001	81800000	17611
A08	81600001	82600000	15122
A08	82400001	83400000	15487
A08	83200001	84200000	14646
A08	84000001	85000000	17084
A08	84800001	85800000	12430
A08	85600001	86600000	16120
A08	86400001	87400000	17088
A08	87200001	88200000	15448
A08	88000001	89000000	16406
A08	88800001	89800000	12501
A08	89600001	90600000	7442
A08	90400001	91400000	14143
A08	91200001	92200000	15308
A08	92000001	93000000	14215
A08	92800001	93800000	19052
A08	93600001	94600000	13675
A08	94400001	95400000	15978
A08	95200001	96200000	7827
A08	96000001	97000000	10391
A08	96800001	97800000	9771
A08	97600001	98600000	7754
A08	98400001	99400000	7561
A08	99200001	100200000	9682
A08	100000001	101000000	7218
A08	100800001	101800000	4034
A08	101600001	102600000	4560
A08	102400001	103400000	4904
A08	103200001	103626341	3548
A09	1	1000000	11524
A09	800001	1800000	12255
A09	1600001	2600000	11252
A09	2400001	3400000	9712
A09	3200001	4200000	12476
A09	4000001	5000000	12709
A09	4800001	5800000	14738
A09	5600001	6600000	11404
A09	6400001	7400000	13734
A09	7200001	8200000	13979
A09	8000001	9000000	15357
A09	8800001	9800000	14059
A09	9600001	10600000	14318
A09	10400001	11400000	14533
A09	11200001	12200000	14793
A09	12000001	13000000	13177
A09	12800001	13800000	16247
A09	13600001	14600000	12901
A09	14400001	15400000	13341
A09	15200001	16200000	13978
A09	16000001	17000000	12495
A09	16800001	17800000	15368
A09	17600001	18600000	14191
A09	18400001	19400000	13703
A09	19200001	20200000	16887
A09	20000001	21000000	15845
A09	20800001	21800000	11985
A09	21600001	22600000	12558
A09	22400001	23400000	15329
A09	23200001	24200000	11954
A09	24000001	25000000	15638
A09	24800001	25800000	10114
A09	25600001	26600000	13075
A09	26400001	27400000	13758
A09	27200001	28200000	13370
A09	28000001	29000000	13276
A09	28800001	29800000	12610
A09	29600001	30600000	12978
A09	30400001	31400000	17015
A09	31200001	32200000	14917
A09	32000001	33000000	13592
A09	32800001	33800000	15285
A09	33600001	34600000	16512
A09	34400001	35400000	14818
A09	35200001	36200000	12341
A09	36000001	37000000	13337
A09	36800001	37800000	16605
A09	37600001	38600000	15424
A09	38400001	39400000	15497
A09	39200001	40200000	15895
A09	40000001	41000000	17111
A09	40800001	41800000	16582
A09	41600001	42600000	18378
A09	42400001	43400000	16111
A09	43200001	44200000	19498
A09	44000001	45000000	17161
A09	44800001	45800000	14886
A09	45600001	46600000	14949
A09	46400001	47400000	15974
A09	47200001	48200000	13924
A09	48000001	49000000	12419
A09	48800001	49800000	16546
A09	49600001	50600000	15973
A09	50400001	51400000	18023
A09	51200001	52200000	16403
A09	52000001	53000000	12548
A09	52800001	53800000	12917
A09	53600001	54600000	16135
A09	54400001	55400000	11605
A09	55200001	56200000	9499
A09	56000001	57000000	15500
A09	56800001	57800000	14311
A09	57600001	58600000	12316
A09	58400001	59400000	11159
A09	59200001	60200000	10716
A09	60000001	61000000	9623
A09	60800001	61800000	11830
A09	61600001	62600000	13009
A09	62400001	63400000	10015
A09	63200001	64200000	11629
A09	64000001	65000000	10313
A09	64800001	65800000	7772
A09	65600001	66600000	11401
A09	66400001	67400000	9595
A09	67200001	68200000	5569
A09	68000001	69000000	5956
A09	68800001	69800000	4273
A09	69600001	70600000	4303
A09	70400001	71400000	5039
A09	71200001	72200000	5852
A09	72000001	73000000	4504
A09	72800001	73800000	3699
A09	73600001	74600000	6728
A09	74400001	74999931	2318
A10	1	1000000	5873
A10	800001	1800000	6687
A10	1600001	2600000	4170
A10	2400001	3400000	4036
A10	3200001	4200000	6567
A10	4000001	5000000	7929
A10	4800001	5800000	9345
A10	5600001	6600000	12064
A10	6400001	7400000	12224
A10	7200001	8200000	17020
A10	8000001	9000000	19300
A10	8800001	9800000	18199
A10	9600001	10600000	14457
A10	10400001	11400000	13165
A10	11200001	12200000	11126
A10	12000001	13000000	9317
A10	12800001	13800000	14836
A10	13600001	14600000	16817
A10	14400001	15400000	15838
A10	15200001	16200000	16758
A10	16000001	17000000	15065
A10	16800001	17800000	15405
A10	17600001	18600000	15206
A10	18400001	19400000	14742
A10	19200001	20200000	17456
A10	20000001	21000000	11920
A10	20800001	21800000	14733
A10	21600001	22600000	15404
A10	22400001	23400000	13786
A10	23200001	24200000	11681
A10	24000001	25000000	12373
A10	24800001	25800000	15932
A10	25600001	26600000	14390
A10	26400001	27400000	14265
A10	27200001	28200000	14053
A10	28000001	29000000	16874
A10	28800001	29800000	14057
A10	29600001	30600000	13793
A10	30400001	31400000	11947
A10	31200001	32200000	15267
A10	32000001	33000000	12823
A10	32800001	33800000	11254
A10	33600001	34600000	17866
A10	34400001	35400000	17229
A10	35200001	36200000	13565
A10	36000001	37000000	10632
A10	36800001	37800000	12505
A10	37600001	38600000	13433
A10	38400001	39400000	13719
A10	39200001	40200000	13090
A10	40000001	41000000	13640
A10	40800001	41800000	10547
A10	41600001	42600000	13868
A10	42400001	43400000	16052
A10	43200001	44200000	13030
A10	44000001	45000000	13868
A10	44800001	45800000	13199
A10	45600001	46600000	15433
A10	46400001	47400000	14473
A10	47200001	48200000	16912
A10	48000001	49000000	15583
A10	48800001	49800000	15918
A10	49600001	50600000	17452
A10	50400001	51400000	15439
A10	51200001	52200000	14296
A10	52000001	53000000	15796
A10	52800001	53800000	12316
A10	53600001	54600000	13511
A10	54400001	55400000	15080
A10	55200001	56200000	12125
A10	56000001	57000000	13714
A10	56800001	57800000	14589
A10	57600001	58600000	16427
A10	58400001	59400000	16019
A10	59200001	60200000	16323
A10	60000001	61000000	18208
A10	60800001	61800000	18665
A10	61600001	62600000	16801
A10	62400001	63400000	13091
A10	63200001	64200000	14868
A10	64000001	65000000	14115
A10	64800001	65800000	15013
A10	65600001	66600000	16597
A10	66400001	67400000	16556
A10	67200001	68200000	13025
A10	68000001	69000000	16481
A10	68800001	69800000	15815
A10	69600001	70600000	16087
A10	70400001	71400000	16274
A10	71200001	72200000	15879
A10	72000001	73000000	14560
A10	72800001	73800000	14650
A10	73600001	74600000	15779
A10	74400001	75400000	14483
A10	75200001	76200000	14419
A10	76000001	77000000	15870
A10	76800001	77800000	16567
A10	77600001	78600000	18086
A10	78400001	79400000	16504
A10	79200001	80200000	17752
A10	80000001	81000000	18911
A10	80800001	81800000	15607
A10	81600001	82600000	18399
A10	82400001	83400000	18126
A10	83200001	84200000	15444
A10	84000001	85000000	17093
A10	84800001	85800000	12419
A10	85600001	86600000	14107
A10	86400001	87400000	14170
A10	87200001	88200000	13983
A10	88000001	89000000	16151
A10	88800001	89800000	18267
A10	89600001	90600000	14570
A10	90400001	91400000	12245
A10	91200001	92200000	10899
A10	92000001	93000000	14961
A10	92800001	93800000	12995
A10	93600001	94600000	13275
A10	94400001	95400000	9727
A10	95200001	96200000	7875
A10	96000001	97000000	8046
A10	96800001	97800000	9822
A10	97600001	98600000	9183
A10	98400001	99400000	7616
A10	99200001	100200000	7298
A10	100000001	101000000	5782
A10	100800001	100866604	170
A11	1	1000000	6967
A11	800001	1800000	4886
A11	1600001	2600000	4603
A11	2400001	3400000	4317
A11	3200001	4200000	5413
A11	4000001	5000000	5623
A11	4800001	5800000	6276
A11	5600001	6600000	5396
A11	6400001	7400000	7824
A11	7200001	8200000	5373
A11	8000001	9000000	6690
A11	8800001	9800000	9868
A11	9600001	10600000	10112
A11	10400001	11400000	8703
A11	11200001	12200000	8803
A11	12000001	13000000	10078
A11	12800001	13800000	11971
A11	13600001	14600000	13736
A11	14400001	15400000	10155
A11	15200001	16200000	11366
A11	16000001	17000000	15093
A11	16800001	17800000	10292
A11	17600001	18600000	11508
A11	18400001	19400000	16343
A11	19200001	20200000	13713
A11	20000001	21000000	12163
A11	20800001	21800000	15884
A11	21600001	22600000	11604
A11	22400001	23400000	14592
A11	23200001	24200000	15451
A11	24000001	25000000	16059
A11	24800001	25800000	15837
A11	25600001	26600000	16928
A11	26400001	27400000	18408
A11	27200001	28200000	16244
A11	28000001	29000000	14725
A11	28800001	29800000	14907
A11	29600001	30600000	16313
A11	30400001	31400000	13008
A11	31200001	32200000	14796
A11	32000001	33000000	16545
A11	32800001	33800000	16421
A11	33600001	34600000	15473
A11	34400001	35400000	13581
A11	35200001	36200000	15150
A11	36000001	37000000	17197
A11	36800001	37800000	17360
A11	37600001	38600000	13214
A11	38400001	39400000	12785
A11	39200001	40200000	11635
A11	40000001	41000000	16800
A11	40800001	41800000	12006
A11	41600001	42600000	11242
A11	42400001	43400000	17188
A11	43200001	44200000	16228
A11	44000001	45000000	12663
A11	44800001	45800000	11640
A11	45600001	46600000	16524
A11	46400001	47400000	15501
A11	47200001	48200000	14125
A11	48000001	49000000	10319
A11	48800001	49800000	15240
A11	49600001	50600000	14689
A11	50400001	51400000	14715
A11	51200001	52200000	15469
A11	52000001	53000000	17719
A11	52800001	53800000	16645
A11	53600001	54600000	15032
A11	54400001	55400000	11678
A11	55200001	56200000	13207
A11	56000001	57000000	15792
A11	56800001	57800000	13940
A11	57600001	58600000	14314
A11	58400001	59400000	12820
A11	59200001	60200000	14057
A11	60000001	61000000	17565
A11	60800001	61800000	13588
A11	61600001	62600000	14918
A11	62400001	63400000	17209
A11	63200001	64200000	17280
A11	64000001	65000000	15585
A11	64800001	65800000	16550
A11	65600001	66600000	13391
A11	66400001	67400000	12521
A11	67200001	68200000	15591
A11	68000001	69000000	17476
A11	68800001	69800000	17059
A11	69600001	70600000	13723
A11	70400001	71400000	17830
A11	71200001	72200000	13027
A11	72000001	73000000	15244
A11	72800001	73800000	14869
A11	73600001	74600000	12645
A11	74400001	75400000	13674
A11	75200001	76200000	14057
A11	76000001	77000000	12896
A11	76800001	77800000	14733
A11	77600001	78600000	16300
A11	78400001	79400000	15286
A11	79200001	80200000	17003
A11	80000001	81000000	13822
A11	80800001	81800000	11211
A11	81600001	82600000	13413
A11	82400001	83400000	11086
A11	83200001	84200000	8855
A11	84000001	85000000	11916
A11	84800001	85800000	10825
A11	85600001	86600000	11645
A11	86400001	87400000	11505
A11	87200001	88200000	9316
A11	88000001	89000000	5996
A11	88800001	89800000	9645
A11	89600001	90600000	9725
A11	90400001	91400000	7248
A11	91200001	92200000	8442
A11	92000001	93000000	8547
A11	92800001	93316192	2397
A12	1	1000000	8234
A12	800001	1800000	9171
A12	1600001	2600000	8669
A12	2400001	3400000	10034
A12	3200001	4200000	11215
A12	4000001	5000000	13823
A12	4800001	5800000	13855
A12	5600001	6600000	14526
A12	6400001	7400000	11637
A12	7200001	8200000	15381
A12	8000001	9000000	12505
A12	8800001	9800000	15221
A12	9600001	10600000	10203
A12	10400001	11400000	14865
A12	11200001	12200000	18536
A12	12000001	13000000	16537
A12	12800001	13800000	14082
A12	13600001	14600000	14688
A12	14400001	15400000	15520
A12	15200001	16200000	16969
A12	16000001	17000000	16996
A12	16800001	17800000	15642
A12	17600001	18600000	17919
A12	18400001	19400000	20170
A12	19200001	20200000	15201
A12	20000001	21000000	17733
A12	20800001	21800000	18684
A12	21600001	22600000	15538
A12	22400001	23400000	16598
A12	23200001	24200000	16301
A12	24000001	25000000	12810
A12	24800001	25800000	11897
A12	25600001	26600000	11674
A12	26400001	27400000	16673
A12	27200001	28200000	15444
A12	28000001	29000000	17266
A12	28800001	29800000	17511
A12	29600001	30600000	16741
A12	30400001	31400000	12096
A12	31200001	32200000	11188
A12	32000001	33000000	14287
A12	32800001	33800000	13159
A12	33600001	34600000	12380
A12	34400001	35400000	12133
A12	35200001	36200000	11038
A12	36000001	37000000	12191
A12	36800001	37800000	12577
A12	37600001	38600000	17239
A12	38400001	39400000	15494
A12	39200001	40200000	16728
A12	40000001	41000000	15799
A12	40800001	41800000	17375
A12	41600001	42600000	16403
A12	42400001	43400000	14429
A12	43200001	44200000	14838
A12	44000001	45000000	14597
A12	44800001	45800000	16158
A12	45600001	46600000	16035
A12	46400001	47400000	13332
A12	47200001	48200000	15857
A12	48000001	49000000	13005
A12	48800001	49800000	16766
A12	49600001	50600000	11503
A12	50400001	51400000	19075
A12	51200001	52200000	15283
A12	52000001	53000000	14608
A12	52800001	53800000	15702
A12	53600001	54600000	15330
A12	54400001	55400000	16486
A12	55200001	56200000	16785
A12	56000001	57000000	17643
A12	56800001	57800000	16764
A12	57600001	58600000	15459
A12	58400001	59400000	16694
A12	59200001	60200000	14182
A12	60000001	61000000	12634
A12	60800001	61800000	14051
A12	61600001	62600000	17391
A12	62400001	63400000	18044
A12	63200001	64200000	15290
A12	64000001	65000000	12261
A12	64800001	65800000	13403
A12	65600001	66600000	11661
A12	66400001	67400000	14115
A12	67200001	68200000	16004
A12	68000001	69000000	14797
A12	68800001	69800000	13149
A12	69600001	70600000	16686
A12	70400001	71400000	15858
A12	71200001	72200000	16512
A12	72000001	73000000	13432
A12	72800001	73800000	13376
A12	73600001	74600000	10710
A12	74400001	75400000	13709
A12	75200001	76200000	15242
A12	76000001	77000000	12188
A12	76800001	77800000	12436
A12	77600001	78600000	9552
A12	78400001	79400000	9956
A12	79200001	80200000	11355
A12	80000001	81000000	8061
A12	80800001	81800000	6456
A12	81600001	82600000	7963
A12	82400001	83400000	7141
A12	83200001	84200000	5135
A12	84000001	85000000	4251
A12	84800001	85800000	4129
A12	85600001	86600000	4091
A12	86400001	87400000	3971
A12	87200001	87484866	1053
A13	1	1000000	7857
A13	800001	1800000	9059
A13	1600001	2600000	8983
A13	2400001	3400000	7179
A13	3200001	4200000	8082
A13	4000001	5000000	11134
A13	4800001	5800000	11663
A13	5600001	6600000	15464
A13	6400001	7400000	14986
A13	7200001	8200000	14019
A13	8000001	9000000	16669
A13	8800001	9800000	16244
A13	9600001	10600000	16542
A13	10400001	11400000	10941
A13	11200001	12200000	14152
A13	12000001	13000000	16059
A13	12800001	13800000	14934
A13	13600001	14600000	13673
A13	14400001	15400000	18405
A13	15200001	16200000	15098
A13	16000001	17000000	12881
A13	16800001	17800000	15794
A13	17600001	18600000	15423
A13	18400001	19400000	16915
A13	19200001	20200000	13252
A13	20000001	21000000	15456
A13	20800001	21800000	14780
A13	21600001	22600000	15059
A13	22400001	23400000	16075
A13	23200001	24200000	15130
A13	24000001	25000000	13332
A13	24800001	25800000	15073
A13	25600001	26600000	15369
A13	26400001	27400000	15950
A13	27200001	28200000	14871
A13	28000001	29000000	13472
A13	28800001	29800000	14469
A13	29600001	30600000	14389
A13	30400001	31400000	14562
A13	31200001	32200000	16831
A13	32000001	33000000	12456
A13	32800001	33800000	14679
A13	33600001	34600000	11035
A13	34400001	35400000	11672
A13	35200001	36200000	14748
A13	36000001	37000000	14115
A13	36800001	37800000	15317
A13	37600001	38600000	16717
A13	38400001	39400000	15701
A13	39200001	40200000	15512
A13	40000001	41000000	16969
A13	40800001	41800000	17835
A13	41600001	42600000	13818
A13	42400001	43400000	15019
A13	43200001	44200000	16953
A13	44000001	45000000	14801
A13	44800001	45800000	16186
A13	45600001	46600000	16946
A13	46400001	47400000	17778
A13	47200001	48200000	17280
A13	48000001	49000000	15894
A13	48800001	49800000	16982
A13	49600001	50600000	13072
A13	50400001	51400000	14916
A13	51200001	52200000	12522
A13	52000001	53000000	15744
A13	52800001	53800000	15022
A13	53600001	54600000	18583
A13	54400001	55400000	16541
A13	55200001	56200000	20350
A13	56000001	57000000	17162
A13	56800001	57800000	18539
A13	57600001	58600000	18202
A13	58400001	59400000	17449
A13	59200001	60200000	13250
A13	60000001	61000000	12894
A13	60800001	61800000	12096
A13	61600001	62600000	18087
A13	62400001	63400000	16045
A13	63200001	64200000	12098
A13	64000001	65000000	12995
A13	64800001	65800000	13773
A13	65600001	66600000	15167
A13	66400001	67400000	15023
A13	67200001	68200000	13790
A13	68000001	69000000	13907
A13	68800001	69800000	20247
A13	69600001	70600000	17468
A13	70400001	71400000	15212
A13	71200001	72200000	16357
A13	72000001	73000000	13490
A13	72800001	73800000	8894
A13	73600001	74600000	12209
A13	74400001	75400000	8449
A13	75200001	76200000	7609
A13	76000001	77000000	6686
A13	76800001	77800000	11815
A13	77600001	78600000	6653
A13	78400001	79400000	4738
A13	79200001	79961121	4260
D01	1	1000000	6740
D01	800001	1800000	6434
D01	1600001	2600000	7612
D01	2400001	3400000	7374
D01	3200001	4200000	6429
D01	4000001	5000000	8471
D01	4800001	5800000	8381
D01	5600001	6600000	12517
D01	6400001	7400000	13953
D01	7200001	8200000	13353
D01	8000001	9000000	10848
D01	8800001	9800000	11144
D01	9600001	10600000	10642
D01	10400001	11400000	13660
D01	11200001	12200000	16371
D01	12000001	13000000	14669
D01	12800001	13800000	14105
D01	13600001	14600000	11885
D01	14400001	15400000	15230
D01	15200001	16200000	14022
D01	16000001	17000000	15935
D01	16800001	17800000	15378
D01	17600001	18600000	16326
D01	18400001	19400000	16037
D01	19200001	20200000	15276
D01	20000001	21000000	14485
D01	20800001	21800000	14614
D01	21600001	22600000	15446
D01	22400001	23400000	13616
D01	23200001	24200000	15296
D01	24000001	25000000	14304
D01	24800001	25800000	14055
D01	25600001	26600000	13553
D01	26400001	27400000	12609
D01	27200001	28200000	12514
D01	28000001	29000000	14277
D01	28800001	29800000	13425
D01	29600001	30600000	13934
D01	30400001	31400000	16016
D01	31200001	32200000	14077
D01	32000001	33000000	14270
D01	32800001	33800000	10911
D01	33600001	34600000	12596
D01	34400001	35400000	11432
D01	35200001	36200000	13665
D01	36000001	37000000	11414
D01	36800001	37800000	11082
D01	37600001	38600000	14394
D01	38400001	39400000	15592
D01	39200001	40200000	15444
D01	40000001	41000000	12709
D01	40800001	41800000	13955
D01	41600001	42600000	12815
D01	42400001	43400000	16117
D01	43200001	44200000	15257
D01	44000001	45000000	15373
D01	44800001	45800000	14722
D01	45600001	46600000	12620
D01	46400001	47400000	12076
D01	47200001	48200000	14501
D01	48000001	49000000	15870
D01	48800001	49800000	15857
D01	49600001	50600000	12498
D01	50400001	51400000	14711
D01	51200001	52200000	14243
D01	52000001	53000000	15047
D01	52800001	53800000	11877
D01	53600001	54600000	13433
D01	54400001	55400000	13481
D01	55200001	56200000	12914
D01	56000001	57000000	13383
D01	56800001	57800000	9855
D01	57600001	58600000	11047
D01	58400001	59400000	10440
D01	59200001	60200000	9510
D01	60000001	61000000	6789
D01	60800001	61456009	2605
D02	1	1000000	5610
D02	800001	1800000	5326
D02	1600001	2600000	7436
D02	2400001	3400000	6425
D02	3200001	4200000	5411
D02	4000001	5000000	6798
D02	4800001	5800000	9892
D02	5600001	6600000	10037
D02	6400001	7400000	7392
D02	7200001	8200000	10925
D02	8000001	9000000	10612
D02	8800001	9800000	12940
D02	9600001	10600000	12025
D02	10400001	11400000	13310
D02	11200001	12200000	13262
D02	12000001	13000000	12980
D02	12800001	13800000	11608
D02	13600001	14600000	13641
D02	14400001	15400000	14291
D02	15200001	16200000	14518
D02	16000001	17000000	11352
D02	16800001	17800000	13593
D02	17600001	18600000	14314
D02	18400001	19400000	13724
D02	19200001	20200000	11079
D02	20000001	21000000	12087
D02	20800001	21800000	14018
D02	21600001	22600000	15108
D02	22400001	23400000	15657
D02	23200001	24200000	12374
D02	24000001	25000000	13513
D02	24800001	25800000	13460
D02	25600001	26600000	14490
D02	26400001	27400000	14400
D02	27200001	28200000	12340
D02	28000001	29000000	13443
D02	28800001	29800000	11193
D02	29600001	30600000	11317
D02	30400001	31400000	11822
D02	31200001	32200000	12544
D02	32000001	33000000	12732
D02	32800001	33800000	13353
D02	33600001	34600000	13218
D02	34400001	35400000	16230
D02	35200001	36200000	15664
D02	36000001	37000000	11449
D02	36800001	37800000	13987
D02	37600001	38600000	12098
D02	38400001	39400000	15607
D02	39200001	40200000	14960
D02	40000001	41000000	15637
D02	40800001	41800000	14988
D02	41600001	42600000	12943
D02	42400001	43400000	14544
D02	43200001	44200000	14372
D02	44000001	45000000	14918
D02	44800001	45800000	16679
D02	45600001	46600000	14689
D02	46400001	47400000	13867
D02	47200001	48200000	14898
D02	48000001	49000000	14962
D02	48800001	49800000	15710
D02	49600001	50600000	13195
D02	50400001	51400000	15603
D02	51200001	52200000	15094
D02	52000001	53000000	13424
D02	52800001	53800000	13820
D02	53600001	54600000	16089
D02	54400001	55400000	15861
D02	55200001	56200000	14599
D02	56000001	57000000	12362
D02	56800001	57800000	12384
D02	57600001	58600000	11431
D02	58400001	59400000	13889
D02	59200001	60200000	14684
D02	60000001	61000000	12206
D02	60800001	61800000	12929
D02	61600001	62600000	12026
D02	62400001	63400000	10182
D02	63200001	64200000	5807
D02	64000001	65000000	8244
D02	64800001	65800000	7099
D02	65600001	66600000	5705
D02	66400001	67400000	4232
D02	67200001	67284553	687
D03	1	1000000	7008
D03	800001	1800000	7698
D03	1600001	2600000	8956
D03	2400001	3400000	10193
D03	3200001	4200000	11408
D03	4000001	5000000	13346
D03	4800001	5800000	12488
D03	5600001	6600000	13738
D03	6400001	7400000	15987
D03	7200001	8200000	15504
D03	8000001	9000000	17043
D03	8800001	9800000	15340
D03	9600001	10600000	13587
D03	10400001	11400000	13723
D03	11200001	12200000	14404
D03	12000001	13000000	15109
D03	12800001	13800000	12658
D03	13600001	14600000	11126
D03	14400001	15400000	12427
D03	15200001	16200000	14845
D03	16000001	17000000	14475
D03	16800001	17800000	12622
D03	17600001	18600000	12899
D03	18400001	19400000	12287
D03	19200001	20200000	12925
D03	20000001	21000000	12714
D03	20800001	21800000	14374
D03	21600001	22600000	13556
D03	22400001	23400000	12867
D03	23200001	24200000	14624
D03	24000001	25000000	15558
D03	24800001	25800000	15080
D03	25600001	26600000	15409
D03	26400001	27400000	14572
D03	27200001	28200000	13568
D03	28000001	29000000	14044
D03	28800001	29800000	16162
D03	29600001	30600000	14590
D03	30400001	31400000	14430
D03	31200001	32200000	16060
D03	32000001	33000000	15899
D03	32800001	33800000	16341
D03	33600001	34600000	14995
D03	34400001	35400000	12933
D03	35200001	36200000	12260
D03	36000001	37000000	13723
D03	36800001	37800000	13051
D03	37600001	38600000	11794
D03	38400001	39400000	10231
D03	39200001	40200000	13490
D03	40000001	41000000	11168
D03	40800001	41800000	10190
D03	41600001	42600000	10711
D03	42400001	43400000	6856
D03	43200001	44200000	7860
D03	44000001	45000000	8512
D03	44800001	45800000	6696
D03	45600001	46600000	5673
D03	46400001	46690656	999
D04	1	1000000	6876
D04	800001	1800000	7680
D04	1600001	2600000	7144
D04	2400001	3400000	6956
D04	3200001	4200000	9506
D04	4000001	5000000	7749
D04	4800001	5800000	10325
D04	5600001	6600000	10588
D04	6400001	7400000	12512
D04	7200001	8200000	13965
D04	8000001	9000000	12906
D04	8800001	9800000	12218
D04	9600001	10600000	12292
D04	10400001	11400000	13808
D04	11200001	12200000	14691
D04	12000001	13000000	15298
D04	12800001	13800000	14769
D04	13600001	14600000	15307
D04	14400001	15400000	14078
D04	15200001	16200000	14393
D04	16000001	17000000	14414
D04	16800001	17800000	12140
D04	17600001	18600000	12995
D04	18400001	19400000	13259
D04	19200001	20200000	11623
D04	20000001	21000000	11734
D04	20800001	21800000	9245
D04	21600001	22600000	13300
D04	22400001	23400000	12290
D04	23200001	24200000	16187
D04	24000001	25000000	14392
D04	24800001	25800000	14318
D04	25600001	26600000	14041
D04	26400001	27400000	12398
D04	27200001	28200000	11172
D04	28000001	29000000	13739
D04	28800001	29800000	14540
D04	29600001	30600000	17747
D04	30400001	31400000	15558
D04	31200001	32200000	15459
D04	32000001	33000000	15012
D04	32800001	33800000	15343
D04	33600001	34600000	15845
D04	34400001	35400000	15912
D04	35200001	36200000	15572
D04	36000001	37000000	15573
D04	36800001	37800000	12779
D04	37600001	38600000	15115
D04	38400001	39400000	16978
D04	39200001	40200000	16228
D04	40000001	41000000	13391
D04	40800001	41800000	15074
D04	41600001	42600000	12959
D04	42400001	43400000	14190
D04	43200001	44200000	13839
D04	44000001	45000000	9949
D04	44800001	45800000	13745
D04	45600001	46600000	12959
D04	46400001	47400000	9028
D04	47200001	48200000	8249
D04	48000001	49000000	7363
D04	48800001	49800000	7516
D04	49600001	50600000	6982
D04	50400001	51400000	6435
D04	51200001	51454130	1418
D05	1	1000000	5040
D05	800001	1800000	4643
D05	1600001	2600000	4357
D05	2400001	3400000	3462
D05	3200001	4200000	4323
D05	4000001	5000000	4259
D05	4800001	5800000	4516
D05	5600001	6600000	5009
D05	6400001	7400000	3338
D05	7200001	8200000	4527
D05	8000001	9000000	3968
D05	8800001	9800000	4145
D05	9600001	10600000	4510
D05	10400001	11400000	3344
D05	11200001	12200000	3180
D05	12000001	13000000	3645
D05	12800001	13800000	4700
D05	13600001	14600000	5912
D05	14400001	15400000	5138
D05	15200001	16200000	5646
D05	16000001	17000000	4712
D05	16800001	17800000	4257
D05	17600001	18600000	6123
D05	18400001	19400000	5701
D05	19200001	20200000	7228
D05	20000001	21000000	9352
D05	20800001	21800000	5675
D05	21600001	22600000	8048
D05	22400001	23400000	8693
D05	23200001	24200000	7158
D05	24000001	25000000	8630
D05	24800001	25800000	9410
D05	25600001	26600000	9316
D05	26400001	27400000	9323
D05	27200001	28200000	9720
D05	28000001	29000000	11562
D05	28800001	29800000	12420
D05	29600001	30600000	13252
D05	30400001	31400000	13600
D05	31200001	32200000	10646
D05	32000001	33000000	11410
D05	32800001	33800000	12035
D05	33600001	34600000	15068
D05	34400001	35400000	15930
D05	35200001	36200000	14479
D05	36000001	37000000	13077
D05	36800001	37800000	13000
D05	37600001	38600000	12804
D05	38400001	39400000	13261
D05	39200001	40200000	10223
D05	40000001	41000000	11993
D05	40800001	41800000	14091
D05	41600001	42600000	14266
D05	42400001	43400000	13738
D05	43200001	44200000	14370
D05	44000001	45000000	14526
D05	44800001	45800000	14563
D05	45600001	46600000	31709
D05	46400001	47400000	30384
D05	47200001	48200000	13051
D05	48000001	49000000	12109
D05	48800001	49800000	13351
D05	49600001	50600000	13835
D05	50400001	51400000	10955
D05	51200001	52200000	14889
D05	52000001	53000000	10989
D05	52800001	53800000	7426
D05	53600001	54600000	10278
D05	54400001	55400000	10317
D05	55200001	56200000	7274
D05	56000001	57000000	13908
D05	56800001	57800000	10704
D05	57600001	58600000	13215
D05	58400001	59400000	12492
D05	59200001	60200000	5603
D05	60000001	61000000	7643
D05	60800001	61800000	7978
D05	61600001	61933047	2258
D06	1	1000000	7571
D06	800001	1800000	6982
D06	1600001	2600000	4844
D06	2400001	3400000	4841
D06	3200001	4200000	11688
D06	4000001	5000000	14448
D06	4800001	5800000	10506
D06	5600001	6600000	10824
D06	6400001	7400000	15602
D06	7200001	8200000	13186
D06	8000001	9000000	10554
D06	8800001	9800000	12697
D06	9600001	10600000	12720
D06	10400001	11400000	12120
D06	11200001	12200000	14846
D06	12000001	13000000	13676
D06	12800001	13800000	13775
D06	13600001	14600000	15339
D06	14400001	15400000	15330
D06	15200001	16200000	15994
D06	16000001	17000000	13295
D06	16800001	17800000	12903
D06	17600001	18600000	15163
D06	18400001	19400000	16409
D06	19200001	20200000	12566
D06	20000001	21000000	13475
D06	20800001	21800000	14384
D06	21600001	22600000	13870
D06	22400001	23400000	14876
D06	23200001	24200000	10381
D06	24000001	25000000	14445
D06	24800001	25800000	13525
D06	25600001	26600000	15356
D06	26400001	27400000	12272
D06	27200001	28200000	12340
D06	28000001	29000000	13355
D06	28800001	29800000	12903
D06	29600001	30600000	15172
D06	30400001	31400000	13941
D06	31200001	32200000	14045
D06	32000001	33000000	11433
D06	32800001	33800000	11593
D06	33600001	34600000	12508
D06	34400001	35400000	9941
D06	35200001	36200000	12856
D06	36000001	37000000	15625
D06	36800001	37800000	12566
D06	37600001	38600000	10616
D06	38400001	39400000	10707
D06	39200001	40200000	15748
D06	40000001	41000000	12474
D06	40800001	41800000	15420
D06	41600001	42600000	14420
D06	42400001	43400000	14185
D06	43200001	44200000	13770
D06	44000001	45000000	13728
D06	44800001	45800000	12691
D06	45600001	46600000	14008
D06	46400001	47400000	14575
D06	47200001	48200000	14695
D06	48000001	49000000	13452
D06	48800001	49800000	14534
D06	49600001	50600000	14183
D06	50400001	51400000	12909
D06	51200001	52200000	13669
D06	52000001	53000000	14236
D06	52800001	53800000	12946
D06	53600001	54600000	12126
D06	54400001	55400000	13165
D06	55200001	56200000	11864
D06	56000001	57000000	13198
D06	56800001	57800000	12980
D06	57600001	58600000	12670
D06	58400001	59400000	11032
D06	59200001	60200000	7904
D06	60000001	61000000	9793
D06	60800001	61800000	10351
D06	61600001	62600000	7845
D06	62400001	63400000	9008
D06	63200001	64200000	7955
D06	64000001	64294643	1086
D07	1	1000000	5792
D07	800001	1800000	4781
D07	1600001	2600000	6105
D07	2400001	3400000	6112
D07	3200001	4200000	7436
D07	4000001	5000000	6445
D07	4800001	5800000	8589
D07	5600001	6600000	8679
D07	6400001	7400000	9197
D07	7200001	8200000	8302
D07	8000001	9000000	9204
D07	8800001	9800000	10608
D07	9600001	10600000	11177
D07	10400001	11400000	8583
D07	11200001	12200000	12811
D07	12000001	13000000	13972
D07	12800001	13800000	13556
D07	13600001	14600000	15053
D07	14400001	15400000	11237
D07	15200001	16200000	12560
D07	16000001	17000000	13178
D07	16800001	17800000	13883
D07	17600001	18600000	14676
D07	18400001	19400000	10701
D07	19200001	20200000	10941
D07	20000001	21000000	13885
D07	20800001	21800000	13606
D07	21600001	22600000	14338
D07	22400001	23400000	14928
D07	23200001	24200000	14526
D07	24000001	25000000	14488
D07	24800001	25800000	14290
D07	25600001	26600000	14402
D07	26400001	27400000	13426
D07	27200001	28200000	14043
D07	28000001	29000000	16137
D07	28800001	29800000	14766
D07	29600001	30600000	14440
D07	30400001	31400000	13046
D07	31200001	32200000	12950
D07	32000001	33000000	12987
D07	32800001	33800000	12167
D07	33600001	34600000	12534
D07	34400001	35400000	13579
D07	35200001	36200000	12452
D07	36000001	37000000	12913
D07	36800001	37800000	13086
D07	37600001	38600000	12888
D07	38400001	39400000	10853
D07	39200001	40200000	11776
D07	40000001	41000000	13963
D07	40800001	41800000	14321
D07	41600001	42600000	12165
D07	42400001	43400000	13616
D07	43200001	44200000	15701
D07	44000001	45000000	10151
D07	44800001	45800000	10993
D07	45600001	46600000	11821
D07	46400001	47400000	14407
D07	47200001	48200000	13996
D07	48000001	49000000	12913
D07	48800001	49800000	10629
D07	49600001	50600000	7897
D07	50400001	51400000	10733
D07	51200001	52200000	6734
D07	52000001	53000000	8865
D07	52800001	53800000	9479
D07	53600001	54600000	7987
D07	54400001	55400000	8740
D07	55200001	55312611	1911
D08	1	1000000	7999
D08	800001	1800000	6793
D08	1600001	2600000	7242
D08	2400001	3400000	8743
D08	3200001	4200000	8856
D08	4000001	5000000	10049
D08	4800001	5800000	9024
D08	5600001	6600000	11821
D08	6400001	7400000	13142
D08	7200001	8200000	12380
D08	8000001	9000000	12788
D08	8800001	9800000	13598
D08	9600001	10600000	12444
D08	10400001	11400000	15201
D08	11200001	12200000	14155
D08	12000001	13000000	15823
D08	12800001	13800000	16343
D08	13600001	14600000	15537
D08	14400001	15400000	14718
D08	15200001	16200000	22667
D08	16000001	17000000	14284
D08	16800001	17800000	14120
D08	17600001	18600000	14147
D08	18400001	19400000	13573
D08	19200001	20200000	13866
D08	20000001	21000000	12584
D08	20800001	21800000	10757
D08	21600001	22600000	13394
D08	22400001	23400000	12823
D08	23200001	24200000	13879
D08	24000001	25000000	13266
D08	24800001	25800000	12304
D08	25600001	26600000	8453
D08	26400001	27400000	10542
D08	27200001	28200000	9662
D08	28000001	29000000	10089
D08	28800001	29800000	11979
D08	29600001	30600000	12813
D08	30400001	31400000	15303
D08	31200001	32200000	14761
D08	32000001	33000000	12429
D08	32800001	33800000	13219
D08	33600001	34600000	13070
D08	34400001	35400000	13812
D08	35200001	36200000	14939
D08	36000001	37000000	14346
D08	36800001	37800000	14867
D08	37600001	38600000	15397
D08	38400001	39400000	13502
D08	39200001	40200000	15210
D08	40000001	41000000	13971
D08	40800001	41800000	14722
D08	41600001	42600000	13790
D08	42400001	43400000	16396
D08	43200001	44200000	14841
D08	44000001	45000000	14662
D08	44800001	45800000	15217
D08	45600001	46600000	14942
D08	46400001	47400000	12817
D08	47200001	48200000	12445
D08	48000001	49000000	13228
D08	48800001	49800000	12736
D08	49600001	50600000	10072
D08	50400001	51400000	12811
D08	51200001	52200000	13631
D08	52000001	53000000	13740
D08	52800001	53800000	10027
D08	53600001	54600000	12859
D08	54400001	55400000	14224
D08	55200001	56200000	16609
D08	56000001	57000000	13286
D08	56800001	57800000	12632
D08	57600001	58600000	10272
D08	58400001	59400000	10778
D08	59200001	60200000	6181
D08	60000001	61000000	9824
D08	60800001	61800000	8708
D08	61600001	62600000	9107
D08	62400001	63400000	8429
D08	63200001	64200000	6116
D08	64000001	65000000	5714
D08	64800001	65800000	5893
D08	65600001	65894135	1240
D09	1	1000000	11151
D09	800001	1800000	9766
D09	1600001	2600000	9777
D09	2400001	3400000	11507
D09	3200001	4200000	13702
D09	4000001	5000000	11698
D09	4800001	5800000	11472
D09	5600001	6600000	11007
D09	6400001	7400000	11254
D09	7200001	8200000	10055
D09	8000001	9000000	10402
D09	8800001	9800000	13822
D09	9600001	10600000	13427
D09	10400001	11400000	11323
D09	11200001	12200000	13612
D09	12000001	13000000	13247
D09	12800001	13800000	13839
D09	13600001	14600000	12398
D09	14400001	15400000	14910
D09	15200001	16200000	10590
D09	16000001	17000000	11652
D09	16800001	17800000	13256
D09	17600001	18600000	12167
D09	18400001	19400000	12981
D09	19200001	20200000	12335
D09	20000001	21000000	13614
D09	20800001	21800000	14006
D09	21600001	22600000	12949
D09	22400001	23400000	14788
D09	23200001	24200000	13882
D09	24000001	25000000	14507
D09	24800001	25800000	12308
D09	25600001	26600000	14129
D09	26400001	27400000	15918
D09	27200001	28200000	14661
D09	28000001	29000000	13670
D09	28800001	29800000	12552
D09	29600001	30600000	13843
D09	30400001	31400000	12719
D09	31200001	32200000	11419
D09	32000001	33000000	10038
D09	32800001	33800000	10807
D09	33600001	34600000	11410
D09	34400001	35400000	12533
D09	35200001	36200000	9736
D09	36000001	37000000	8287
D09	36800001	37800000	7958
D09	37600001	38600000	7125
D09	38400001	39400000	7568
D09	39200001	40200000	7240
D09	40000001	41000000	8708
D09	40800001	41800000	8852
D09	41600001	42600000	4396
D09	42400001	43400000	6536
D09	43200001	44200000	6834
D09	44000001	45000000	7515
D09	44800001	45800000	7995
D09	45600001	46600000	5321
D09	46400001	47400000	4632
D09	47200001	48200000	3816
D09	48000001	49000000	4648
D09	48800001	49800000	5547
D09	49600001	50600000	6215
D09	50400001	50995436	2651
D10	1	1000000	5828
D10	800001	1800000	4288
D10	1600001	2600000	5373
D10	2400001	3400000	5258
D10	3200001	4200000	6779
D10	4000001	5000000	5984
D10	4800001	5800000	9055
D10	5600001	6600000	10037
D10	6400001	7400000	10739
D10	7200001	8200000	10016
D10	8000001	9000000	10516
D10	8800001	9800000	12385
D10	9600001	10600000	11214
D10	10400001	11400000	12588
D10	11200001	12200000	11172
D10	12000001	13000000	12794
D10	12800001	13800000	13333
D10	13600001	14600000	13876
D10	14400001	15400000	14948
D10	15200001	16200000	13447
D10	16000001	17000000	12936
D10	16800001	17800000	13251
D10	17600001	18600000	13914
D10	18400001	19400000	17648
D10	19200001	20200000	15560
D10	20000001	21000000	12041
D10	20800001	21800000	15376
D10	21600001	22600000	10851
D10	22400001	23400000	12981
D10	23200001	24200000	16164
D10	24000001	25000000	14592
D10	24800001	25800000	12589
D10	25600001	26600000	13450
D10	26400001	27400000	13494
D10	27200001	28200000	15371
D10	28000001	29000000	16265
D10	28800001	29800000	14238
D10	29600001	30600000	14583
D10	30400001	31400000	17349
D10	31200001	32200000	13861
D10	32000001	33000000	11051
D10	32800001	33800000	14422
D10	33600001	34600000	12727
D10	34400001	35400000	11220
D10	35200001	36200000	12715
D10	36000001	37000000	13262
D10	36800001	37800000	11909
D10	37600001	38600000	11196
D10	38400001	39400000	12813
D10	39200001	40200000	12498
D10	40000001	41000000	13541
D10	40800001	41800000	15269
D10	41600001	42600000	13070
D10	42400001	43400000	13487
D10	43200001	44200000	14673
D10	44000001	45000000	11771
D10	44800001	45800000	13011
D10	45600001	46600000	14451
D10	46400001	47400000	15421
D10	47200001	48200000	16255
D10	48000001	49000000	14551
D10	48800001	49800000	13107
D10	49600001	50600000	13458
D10	50400001	51400000	12478
D10	51200001	52200000	13619
D10	52000001	53000000	13840
D10	52800001	53800000	11862
D10	53600001	54600000	10357
D10	54400001	55400000	11179
D10	55200001	56200000	8524
D10	56000001	57000000	10900
D10	56800001	57800000	8839
D10	57600001	58600000	8336
D10	58400001	59400000	10155
D10	59200001	60200000	7277
D10	60000001	61000000	6624
D10	60800001	61800000	9309
D10	61600001	62600000	5230
D10	62400001	63400000	3368
D10	63200001	63374666	455
D11	1	1000000	6243
D11	800001	1800000	6177
D11	1600001	2600000	4618
D11	2400001	3400000	4831
D11	3200001	4200000	5468
D11	4000001	5000000	5761
D11	4800001	5800000	3585
D11	5600001	6600000	7025
D11	6400001	7400000	7919
D11	7200001	8200000	7703
D11	8000001	9000000	6845
D11	8800001	9800000	7965
D11	9600001	10600000	8635
D11	10400001	11400000	10332
D11	11200001	12200000	9470
D11	12000001	13000000	9302
D11	12800001	13800000	8703
D11	13600001	14600000	9074
D11	14400001	15400000	9453
D11	15200001	16200000	10362
D11	16000001	17000000	11456
D11	16800001	17800000	11644
D11	17600001	18600000	12201
D11	18400001	19400000	11484
D11	19200001	20200000	14446
D11	20000001	21000000	14251
D11	20800001	21800000	12791
D11	21600001	22600000	12861
D11	22400001	23400000	13102
D11	23200001	24200000	14321
D11	24000001	25000000	14554
D11	24800001	25800000	14583
D11	25600001	26600000	13926
D11	26400001	27400000	14734
D11	27200001	28200000	14008
D11	28000001	29000000	15564
D11	28800001	29800000	17354
D11	29600001	30600000	14336
D11	30400001	31400000	14086
D11	31200001	32200000	13760
D11	32000001	33000000	13787
D11	32800001	33800000	13524
D11	33600001	34600000	14186
D11	34400001	35400000	13779
D11	35200001	36200000	11976
D11	36000001	37000000	13016
D11	36800001	37800000	13069
D11	37600001	38600000	13961
D11	38400001	39400000	15829
D11	39200001	40200000	11556
D11	40000001	41000000	11832
D11	40800001	41800000	13406
D11	41600001	42600000	14550
D11	42400001	43400000	13765
D11	43200001	44200000	14412
D11	44000001	45000000	16472
D11	44800001	45800000	16998
D11	45600001	46600000	14741
D11	46400001	47400000	14030
D11	47200001	48200000	12233
D11	48000001	49000000	11905
D11	48800001	49800000	13149
D11	49600001	50600000	13390
D11	50400001	51400000	12937
D11	51200001	52200000	13264
D11	52000001	53000000	11008
D11	52800001	53800000	11614
D11	53600001	54600000	11145
D11	54400001	55400000	12568
D11	55200001	56200000	10387
D11	56000001	57000000	12715
D11	56800001	57800000	12680
D11	57600001	58600000	6726
D11	58400001	59400000	7846
D11	59200001	60200000	5715
D11	60000001	61000000	7160
D11	60800001	61800000	6784
D11	61600001	62600000	7982
D11	62400001	63400000	6639
D11	63200001	64200000	6344
D11	64000001	65000000	4745
D11	64800001	65800000	5554
D11	65600001	66087774	3083
D12	1	1000000	8560
D12	800001	1800000	7676
D12	1600001	2600000	8709
D12	2400001	3400000	8883
D12	3200001	4200000	10043
D12	4000001	5000000	13080
D12	4800001	5800000	11028
D12	5600001	6600000	11586
D12	6400001	7400000	11866
D12	7200001	8200000	13454
D12	8000001	9000000	14129
D12	8800001	9800000	15732
D12	9600001	10600000	15199
D12	10400001	11400000	12822
D12	11200001	12200000	12224
D12	12000001	13000000	15050
D12	12800001	13800000	16446
D12	13600001	14600000	14664
D12	14400001	15400000	14246
D12	15200001	16200000	13839
D12	16000001	17000000	14172
D12	16800001	17800000	14722
D12	17600001	18600000	15133
D12	18400001	19400000	13413
D12	19200001	20200000	14044
D12	20000001	21000000	14465
D12	20800001	21800000	13981
D12	21600001	22600000	14851
D12	22400001	23400000	20486
D12	23200001	24200000	11277
D12	24000001	25000000	13207
D12	24800001	25800000	12050
D12	25600001	26600000	14359
D12	26400001	27400000	14655
D12	27200001	28200000	13899
D12	28000001	29000000	11613
D12	28800001	29800000	12991
D12	29600001	30600000	11756
D12	30400001	31400000	13112
D12	31200001	32200000	13067
D12	32000001	33000000	12411
D12	32800001	33800000	12139
D12	33600001	34600000	14941
D12	34400001	35400000	13940
D12	35200001	36200000	13774
D12	36000001	37000000	14661
D12	36800001	37800000	16409
D12	37600001	38600000	15363
D12	38400001	39400000	13892
D12	39200001	40200000	11350
D12	40000001	41000000	14279
D12	40800001	41800000	13857
D12	41600001	42600000	13401
D12	42400001	43400000	11740
D12	43200001	44200000	10667
D12	44000001	45000000	12021
D12	44800001	45800000	12989
D12	45600001	46600000	12304
D12	46400001	47400000	10268
D12	47200001	48200000	9232
D12	48000001	49000000	10907
D12	48800001	49800000	10432
D12	49600001	50600000	8012
D12	50400001	51400000	10486
D12	51200001	52200000	9893
D12	52000001	53000000	8670
D12	52800001	53800000	8271
D12	53600001	54600000	7457
D12	54400001	55400000	9035
D12	55200001	56200000	5375
D12	56000001	57000000	5607
D12	56800001	57800000	5213
D12	57600001	58600000	5401
D12	58400001	59109837	3973
D13	1	1000000	4946
D13	800001	1800000	6612
D13	1600001	2600000	7101
D13	2400001	3400000	7307
D13	3200001	4200000	9650
D13	4000001	5000000	10644
D13	4800001	5800000	10419
D13	5600001	6600000	14294
D13	6400001	7400000	14954
D13	7200001	8200000	14780
D13	8000001	9000000	13870
D13	8800001	9800000	14648
D13	9600001	10600000	15511
D13	10400001	11400000	10382
D13	11200001	12200000	12574
D13	12000001	13000000	13437
D13	12800001	13800000	14344
D13	13600001	14600000	16180
D13	14400001	15400000	14033
D13	15200001	16200000	14524
D13	16000001	17000000	12379
D13	16800001	17800000	12490
D13	17600001	18600000	16439
D13	18400001	19400000	14078
D13	19200001	20200000	14042
D13	20000001	21000000	14969
D13	20800001	21800000	12968
D13	21600001	22600000	12996
D13	22400001	23400000	11636
D13	23200001	24200000	8194
D13	24000001	25000000	13812
D13	24800001	25800000	12453
D13	25600001	26600000	9925
D13	26400001	27400000	11483
D13	27200001	28200000	14557
D13	28000001	29000000	11745
D13	28800001	29800000	17697
D13	29600001	30600000	12886
D13	30400001	31400000	12507
D13	31200001	32200000	12826
D13	32000001	33000000	14477
D13	32800001	33800000	14339
D13	33600001	34600000	13745
D13	34400001	35400000	15314
D13	35200001	36200000	13603
D13	36000001	37000000	15175
D13	36800001	37800000	14611
D13	37600001	38600000	13865
D13	38400001	39400000	11713
D13	39200001	40200000	13572
D13	40000001	41000000	14948
D13	40800001	41800000	13945
D13	41600001	42600000	12797
D13	42400001	43400000	12048
D13	43200001	44200000	13722
D13	44000001	45000000	14471
D13	44800001	45800000	13378
D13	45600001	46600000	13279
D13	46400001	47400000	15894
D13	47200001	48200000	10906
D13	48000001	49000000	13407
D13	48800001	49800000	13782
D13	49600001	50600000	12320
D13	50400001	51400000	12577
D13	51200001	52200000	13858
D13	52000001	53000000	11415
D13	52800001	53800000	10269
D13	53600001	54600000	11777
D13	54400001	55400000	9430
D13	55200001	56200000	10896
D13	56000001	57000000	8436
D13	56800001	57800000	6013
D13	57600001	58600000	5344
D13	58400001	59400000	8445
D13	59200001	60200000	10019
D13	60000001	60534298	3347
