A01	1	1000000	11745
A01	800001	1800000	9475
A01	1600001	2600000	11777
A01	2400001	3400000	16829
A01	3200001	4200000	11161
A01	4000001	5000000	15861
A01	4800001	5800000	17304
A01	5600001	6600000	17359
A01	6400001	7400000	19002
A01	7200001	8200000	16083
A01	8000001	9000000	23962
A01	8800001	9800000	25678
A01	9600001	10600000	24662
A01	10400001	11400000	20908
A01	11200001	12200000	20690
A01	12000001	13000000	17122
A01	12800001	13800000	16475
A01	13600001	14600000	17903
A01	14400001	15400000	20071
A01	15200001	16200000	23241
A01	16000001	17000000	22271
A01	16800001	17800000	22727
A01	17600001	18600000	19044
A01	18400001	19400000	18312
A01	19200001	20200000	17593
A01	20000001	21000000	21691
A01	20800001	21800000	21908
A01	21600001	22600000	24455
A01	22400001	23400000	15509
A01	23200001	24200000	16084
A01	24000001	25000000	18310
A01	24800001	25800000	21058
A01	25600001	26600000	20926
A01	26400001	27400000	17863
A01	27200001	28200000	13877
A01	28000001	29000000	13284
A01	28800001	29800000	18561
A01	29600001	30600000	14875
A01	30400001	31400000	13161
A01	31200001	32200000	19553
A01	32000001	33000000	20979
A01	32800001	33800000	17469
A01	33600001	34600000	15145
A01	34400001	35400000	10580
A01	35200001	36200000	10404
A01	36000001	37000000	11703
A01	36800001	37800000	11581
A01	37600001	38600000	13621
A01	38400001	39400000	14038
A01	39200001	40200000	18079
A01	40000001	41000000	16105
A01	40800001	41800000	16215
A01	41600001	42600000	13888
A01	42400001	43400000	11165
A01	43200001	44200000	13469
A01	44000001	45000000	14291
A01	44800001	45800000	16314
A01	45600001	46600000	14708
A01	46400001	47400000	11103
A01	47200001	48200000	14455
A01	48000001	49000000	13624
A01	48800001	49800000	11368
A01	49600001	50600000	15568
A01	50400001	51400000	13457
A01	51200001	52200000	11299
A01	52000001	53000000	11474
A01	52800001	53800000	15249
A01	53600001	54600000	16165
A01	54400001	55400000	15445
A01	55200001	56200000	14037
A01	56000001	57000000	12989
A01	56800001	57800000	11182
A01	57600001	58600000	13259
A01	58400001	59400000	12696
A01	59200001	60200000	13781
A01	60000001	61000000	15294
A01	60800001	61800000	14814
A01	61600001	62600000	16874
A01	62400001	63400000	10963
A01	63200001	64200000	13148
A01	64000001	65000000	15137
A01	64800001	65800000	10474
A01	65600001	66600000	10941
A01	66400001	67400000	9544
A01	67200001	68200000	9784
A01	68000001	69000000	17981
A01	68800001	69800000	17840
A01	69600001	70600000	10958
A01	70400001	71400000	16181
A01	71200001	72200000	16528
A01	72000001	73000000	13202
A01	72800001	73800000	13301
A01	73600001	74600000	11672
A01	74400001	75400000	18165
A01	75200001	76200000	13496
A01	76000001	77000000	14463
A01	76800001	77800000	18067
A01	77600001	78600000	15699
A01	78400001	79400000	16970
A01	79200001	80200000	12239
A01	80000001	81000000	13059
A01	80800001	81800000	12571
A01	81600001	82600000	15281
A01	82400001	83400000	15629
A01	83200001	84200000	14154
A01	84000001	85000000	13448
A01	84800001	85800000	18301
A01	85600001	86600000	18139
A01	86400001	87400000	20559
A01	87200001	88200000	17950
A01	88000001	89000000	21513
A01	88800001	89800000	25937
A01	89600001	90600000	20169
A01	90400001	91400000	17657
A01	91200001	92200000	22710
A01	92000001	93000000	22714
A01	92800001	93800000	22327
A01	93600001	94600000	19129
A01	94400001	95400000	19573
A01	95200001	96200000	17956
A01	96000001	97000000	25632
A01	96800001	97800000	23941
A01	97600001	98600000	14520
A01	98400001	99400000	9908
A01	99200001	99884700	8649
A02	1	1000000	10455
A02	800001	1800000	7172
A02	1600001	2600000	16455
A02	2400001	3400000	15470
A02	3200001	4200000	14839
A02	4000001	5000000	25654
A02	4800001	5800000	20780
A02	5600001	6600000	21789
A02	6400001	7400000	18015
A02	7200001	8200000	17998
A02	8000001	9000000	24868
A02	8800001	9800000	27381
A02	9600001	10600000	26476
A02	10400001	11400000	22382
A02	11200001	12200000	23945
A02	12000001	13000000	26328
A02	12800001	13800000	21714
A02	13600001	14600000	20788
A02	14400001	15400000	21041
A02	15200001	16200000	16905
A02	16000001	17000000	19496
A02	16800001	17800000	16604
A02	17600001	18600000	18991
A02	18400001	19400000	16666
A02	19200001	20200000	18821
A02	20000001	21000000	17235
A02	20800001	21800000	16754
A02	21600001	22600000	14252
A02	22400001	23400000	12133
A02	23200001	24200000	14945
A02	24000001	25000000	13646
A02	24800001	25800000	14083
A02	25600001	26600000	14442
A02	26400001	27400000	13261
A02	27200001	28200000	14159
A02	28000001	29000000	11733
A02	28800001	29800000	15831
A02	29600001	30600000	13798
A02	30400001	31400000	13507
A02	31200001	32200000	14298
A02	32000001	33000000	17603
A02	32800001	33800000	12854
A02	33600001	34600000	13319
A02	34400001	35400000	15975
A02	35200001	36200000	12998
A02	36000001	37000000	14079
A02	36800001	37800000	14445
A02	37600001	38600000	15622
A02	38400001	39400000	16725
A02	39200001	40200000	14358
A02	40000001	41000000	14351
A02	40800001	41800000	14277
A02	41600001	42600000	18423
A02	42400001	43400000	21017
A02	43200001	44200000	19826
A02	44000001	45000000	16964
A02	44800001	45800000	16638
A02	45600001	46600000	15596
A02	46400001	47400000	13764
A02	47200001	48200000	12223
A02	48000001	49000000	12861
A02	48800001	49800000	12205
A02	49600001	50600000	15151
A02	50400001	51400000	13178
A02	51200001	52200000	16145
A02	52000001	53000000	12846
A02	52800001	53800000	14000
A02	53600001	54600000	12219
A02	54400001	55400000	15078
A02	55200001	56200000	16293
A02	56000001	57000000	15086
A02	56800001	57800000	12678
A02	57600001	58600000	14259
A02	58400001	59400000	11636
A02	59200001	60200000	15607
A02	60000001	61000000	14656
A02	60800001	61800000	17305
A02	61600001	62600000	17806
A02	62400001	63400000	15034
A02	63200001	64200000	12604
A02	64000001	65000000	12748
A02	64800001	65800000	14888
A02	65600001	66600000	17225
A02	66400001	67400000	18329
A02	67200001	68200000	13911
A02	68000001	69000000	13957
A02	68800001	69800000	17353
A02	69600001	70600000	12064
A02	70400001	71400000	16537
A02	71200001	72200000	16870
A02	72000001	73000000	19213
A02	72800001	73800000	20969
A02	73600001	74600000	25059
A02	74400001	75400000	24796
A02	75200001	76200000	22453
A02	76000001	77000000	22813
A02	76800001	77800000	19322
A02	77600001	78600000	19359
A02	78400001	79400000	14734
A02	79200001	80200000	17517
A02	80000001	81000000	20536
A02	80800001	81800000	16401
A02	81600001	82600000	13518
A02	82400001	83400000	5992
A02	83200001	83447906	764
A03	1	1000000	21701
A03	800001	1800000	12853
A03	1600001	2600000	12170
A03	2400001	3400000	11738
A03	3200001	4200000	14319
A03	4000001	5000000	19623
A03	4800001	5800000	22556
A03	5600001	6600000	21070
A03	6400001	7400000	18419
A03	7200001	8200000	21329
A03	8000001	9000000	20090
A03	8800001	9800000	22779
A03	9600001	10600000	18906
A03	10400001	11400000	16805
A03	11200001	12200000	16926
A03	12000001	13000000	20728
A03	12800001	13800000	21212
A03	13600001	14600000	21932
A03	14400001	15400000	24368
A03	15200001	16200000	21966
A03	16000001	17000000	17270
A03	16800001	17800000	23332
A03	17600001	18600000	24682
A03	18400001	19400000	17521
A03	19200001	20200000	14051
A03	20000001	21000000	14902
A03	20800001	21800000	17004
A03	21600001	22600000	11080
A03	22400001	23400000	12533
A03	23200001	24200000	11326
A03	24000001	25000000	14862
A03	24800001	25800000	11921
A03	25600001	26600000	11776
A03	26400001	27400000	11129
A03	27200001	28200000	14160
A03	28000001	29000000	10785
A03	28800001	29800000	11680
A03	29600001	30600000	12106
A03	30400001	31400000	13860
A03	31200001	32200000	10531
A03	32000001	33000000	16162
A03	32800001	33800000	17483
A03	33600001	34600000	10486
A03	34400001	35400000	12147
A03	35200001	36200000	5762
A03	36000001	37000000	11587
A03	36800001	37800000	12520
A03	37600001	38600000	12870
A03	38400001	39400000	13505
A03	39200001	40200000	14035
A03	40000001	41000000	15804
A03	40800001	41800000	10904
A03	41600001	42600000	12108
A03	42400001	43400000	11192
A03	43200001	44200000	16128
A03	44000001	45000000	15283
A03	44800001	45800000	15151
A03	45600001	46600000	11999
A03	46400001	47400000	12190
A03	47200001	48200000	12007
A03	48000001	49000000	14247
A03	48800001	49800000	12341
A03	49600001	50600000	8994
A03	50400001	51400000	8405
A03	51200001	52200000	10025
A03	52000001	53000000	9202
A03	52800001	53800000	9174
A03	53600001	54600000	9779
A03	54400001	55400000	10953
A03	55200001	56200000	13498
A03	56000001	57000000	13424
A03	56800001	57800000	15593
A03	57600001	58600000	16132
A03	58400001	59400000	16751
A03	59200001	60200000	18079
A03	60000001	61000000	15968
A03	60800001	61800000	14398
A03	61600001	62600000	17391
A03	62400001	63400000	16559
A03	63200001	64200000	17254
A03	64000001	65000000	17077
A03	64800001	65800000	17610
A03	65600001	66600000	19520
A03	66400001	67400000	14914
A03	67200001	68200000	13192
A03	68000001	69000000	13090
A03	68800001	69800000	12166
A03	69600001	70600000	10281
A03	70400001	71400000	12281
A03	71200001	72200000	12885
A03	72000001	73000000	20112
A03	72800001	73800000	13888
A03	73600001	74600000	17275
A03	74400001	75400000	14874
A03	75200001	76200000	18547
A03	76000001	77000000	17343
A03	76800001	77800000	15310
A03	77600001	78600000	14365
A03	78400001	79400000	16877
A03	79200001	80200000	16861
A03	80000001	81000000	14964
A03	80800001	81800000	22024
A03	81600001	82600000	26108
A03	82400001	83400000	19088
A03	83200001	84200000	17087
A03	84000001	85000000	16232
A03	84800001	85800000	15217
A03	85600001	86600000	21180
A03	86400001	87400000	17247
A03	87200001	88200000	17524
A03	88000001	89000000	20897
A03	88800001	89800000	23653
A03	89600001	90600000	21197
A03	90400001	91400000	17596
A03	91200001	92200000	18013
A03	92000001	93000000	19211
A03	92800001	93800000	22670
A03	93600001	94600000	19963
A03	94400001	95400000	17899
A03	95200001	96200000	15561
A03	96000001	97000000	15420
A03	96800001	97800000	11110
A03	97600001	98600000	13261
A03	98400001	99400000	9032
A03	99200001	100200000	7741
A03	100000001	100263045	2100
A04	1	1000000	21851
A04	800001	1800000	14483
A04	1600001	2600000	14491
A04	2400001	3400000	17443
A04	3200001	4200000	13344
A04	4000001	5000000	15324
A04	4800001	5800000	20050
A04	5600001	6600000	17667
A04	6400001	7400000	16298
A04	7200001	8200000	19114
A04	8000001	9000000	19443
A04	8800001	9800000	18553
A04	9600001	10600000	20906
A04	10400001	11400000	16477
A04	11200001	12200000	16374
A04	12000001	13000000	17379
A04	12800001	13800000	17268
A04	13600001	14600000	14214
A04	14400001	15400000	16840
A04	15200001	16200000	14475
A04	16000001	17000000	12934
A04	16800001	17800000	14324
A04	17600001	18600000	11162
A04	18400001	19400000	11736
A04	19200001	20200000	13390
A04	20000001	21000000	13433
A04	20800001	21800000	9564
A04	21600001	22600000	11770
A04	22400001	23400000	8672
A04	23200001	24200000	12292
A04	24000001	25000000	14958
A04	24800001	25800000	15489
A04	25600001	26600000	13633
A04	26400001	27400000	13100
A04	27200001	28200000	18304
A04	28000001	29000000	11842
A04	28800001	29800000	11687
A04	29600001	30600000	13553
A04	30400001	31400000	12543
A04	31200001	32200000	12121
A04	32000001	33000000	13727
A04	32800001	33800000	10062
A04	33600001	34600000	9825
A04	34400001	35400000	12795
A04	35200001	36200000	14708
A04	36000001	37000000	14960
A04	36800001	37800000	15206
A04	37600001	38600000	13689
A04	38400001	39400000	16488
A04	39200001	40200000	15442
A04	40000001	41000000	22598
A04	40800001	41800000	16760
A04	41600001	42600000	11246
A04	42400001	43400000	12722
A04	43200001	44200000	19528
A04	44000001	45000000	20565
A04	44800001	45800000	18013
A04	45600001	46600000	19982
A04	46400001	47400000	14811
A04	47200001	48200000	18365
A04	48000001	49000000	20273
A04	48800001	49800000	22781
A04	49600001	50600000	19175
A04	50400001	51400000	24838
A04	51200001	52200000	22533
A04	52000001	53000000	20855
A04	52800001	53800000	18650
A04	53600001	54600000	17189
A04	54400001	55400000	19088
A04	55200001	56200000	17959
A04	56000001	57000000	21983
A04	56800001	57800000	21447
A04	57600001	58600000	22684
A04	58400001	59400000	15176
A04	59200001	60200000	18849
A04	60000001	61000000	14926
A04	60800001	61800000	14847
A04	61600001	62600000	9845
A04	62400001	62913772	2685
A05	1	1000000	11091
A05	800001	1800000	5740
A05	1600001	2600000	5369
A05	2400001	3400000	5823
A05	3200001	4200000	4231
A05	4000001	5000000	5872
A05	4800001	5800000	4046
A05	5600001	6600000	5555
A05	6400001	7400000	6899
A05	7200001	8200000	5485
A05	8000001	9000000	4772
A05	8800001	9800000	6071
A05	9600001	10600000	7878
A05	10400001	11400000	6244
A05	11200001	12200000	6223
A05	12000001	13000000	7946
A05	12800001	13800000	10694
A05	13600001	14600000	8528
A05	14400001	15400000	6985
A05	15200001	16200000	8793
A05	16000001	17000000	10111
A05	16800001	17800000	7772
A05	17600001	18600000	9817
A05	18400001	19400000	7681
A05	19200001	20200000	11956
A05	20000001	21000000	18540
A05	20800001	21800000	14303
A05	21600001	22600000	16670
A05	22400001	23400000	17681
A05	23200001	24200000	12724
A05	24000001	25000000	13607
A05	24800001	25800000	19132
A05	25600001	26600000	22487
A05	26400001	27400000	15959
A05	27200001	28200000	15722
A05	28000001	29000000	25060
A05	28800001	29800000	23163
A05	29600001	30600000	20726
A05	30400001	31400000	24945
A05	31200001	32200000	21767
A05	32000001	33000000	21662
A05	32800001	33800000	24592
A05	33600001	34600000	23575
A05	34400001	35400000	25243
A05	35200001	36200000	21179
A05	36000001	37000000	21082
A05	36800001	37800000	21765
A05	37600001	38600000	22562
A05	38400001	39400000	18804
A05	39200001	40200000	19544
A05	40000001	41000000	14606
A05	40800001	41800000	16929
A05	41600001	42600000	16275
A05	42400001	43400000	16572
A05	43200001	44200000	14517
A05	44000001	45000000	19994
A05	44800001	45800000	13986
A05	45600001	46600000	11939
A05	46400001	47400000	13827
A05	47200001	48200000	18753
A05	48000001	49000000	12611
A05	48800001	49800000	10645
A05	49600001	50600000	14865
A05	50400001	51400000	18042
A05	51200001	52200000	16015
A05	52000001	53000000	14131
A05	52800001	53800000	9356
A05	53600001	54600000	17297
A05	54400001	55400000	15462
A05	55200001	56200000	20343
A05	56000001	57000000	12771
A05	56800001	57800000	17576
A05	57600001	58600000	15238
A05	58400001	59400000	12444
A05	59200001	60200000	9876
A05	60000001	61000000	11563
A05	60800001	61800000	18535
A05	61600001	62600000	45437
A05	62400001	63400000	14117
A05	63200001	64200000	9327
A05	64000001	65000000	15508
A05	64800001	65800000	17064
A05	65600001	66600000	14103
A05	66400001	67400000	17166
A05	67200001	68200000	14219
A05	68000001	69000000	13824
A05	68800001	69800000	17657
A05	69600001	70600000	21102
A05	70400001	71400000	19061
A05	71200001	72200000	15041
A05	72000001	73000000	18320
A05	72800001	73800000	21171
A05	73600001	74600000	16715
A05	74400001	75400000	16503
A05	75200001	76200000	14371
A05	76000001	77000000	17974
A05	76800001	77800000	25047
A05	77600001	78600000	18974
A05	78400001	79400000	22277
A05	79200001	80200000	24012
A05	80000001	81000000	23083
A05	80800001	81800000	20510
A05	81600001	82600000	23423
A05	82400001	83400000	27487
A05	83200001	84200000	17214
A05	84000001	85000000	24203
A05	84800001	85800000	19779
A05	85600001	86600000	16242
A05	86400001	87400000	20974
A05	87200001	88200000	16116
A05	88000001	89000000	15506
A05	88800001	89800000	14888
A05	89600001	90600000	19154
A05	90400001	91400000	9714
A05	91200001	92200000	7134
A05	92000001	92047023	545
A06	1	1000000	12639
A06	800001	1800000	15712
A06	1600001	2600000	16383
A06	2400001	3400000	16458
A06	3200001	4200000	20184
A06	4000001	5000000	25493
A06	4800001	5800000	23029
A06	5600001	6600000	22920
A06	6400001	7400000	18481
A06	7200001	8200000	27126
A06	8000001	9000000	21173
A06	8800001	9800000	18853
A06	9600001	10600000	19507
A06	10400001	11400000	18730
A06	11200001	12200000	17458
A06	12000001	13000000	17449
A06	12800001	13800000	14666
A06	13600001	14600000	16195
A06	14400001	15400000	16430
A06	15200001	16200000	20578
A06	16000001	17000000	19531
A06	16800001	17800000	17704
A06	17600001	18600000	21083
A06	18400001	19400000	22170
A06	19200001	20200000	18243
A06	20000001	21000000	19179
A06	20800001	21800000	18521
A06	21600001	22600000	17068
A06	22400001	23400000	16238
A06	23200001	24200000	15275
A06	24000001	25000000	15939
A06	24800001	25800000	13538
A06	25600001	26600000	11563
A06	26400001	27400000	17868
A06	27200001	28200000	16390
A06	28000001	29000000	16565
A06	28800001	29800000	19672
A06	29600001	30600000	15514
A06	30400001	31400000	19219
A06	31200001	32200000	19543
A06	32000001	33000000	17228
A06	32800001	33800000	18932
A06	33600001	34600000	18371
A06	34400001	35400000	15368
A06	35200001	36200000	18971
A06	36000001	37000000	18876
A06	36800001	37800000	17654
A06	37600001	38600000	17581
A06	38400001	39400000	13211
A06	39200001	40200000	16398
A06	40000001	41000000	12735
A06	40800001	41800000	14916
A06	41600001	42600000	13950
A06	42400001	43400000	15427
A06	43200001	44200000	12733
A06	44000001	45000000	10736
A06	44800001	45800000	15087
A06	45600001	46600000	10264
A06	46400001	47400000	10140
A06	47200001	48200000	13175
A06	48000001	49000000	13334
A06	48800001	49800000	14290
A06	49600001	50600000	13156
A06	50400001	51400000	12295
A06	51200001	52200000	12182
A06	52000001	53000000	11078
A06	52800001	53800000	8747
A06	53600001	54600000	9660
A06	54400001	55400000	10796
A06	55200001	56200000	11373
A06	56000001	57000000	8617
A06	56800001	57800000	11202
A06	57600001	58600000	12819
A06	58400001	59400000	13898
A06	59200001	60200000	11500
A06	60000001	61000000	10801
A06	60800001	61800000	11597
A06	61600001	62600000	7802
A06	62400001	63400000	10409
A06	63200001	64200000	13165
A06	64000001	65000000	13116
A06	64800001	65800000	11014
A06	65600001	66600000	14487
A06	66400001	67400000	13288
A06	67200001	68200000	14144
A06	68000001	69000000	13869
A06	68800001	69800000	9492
A06	69600001	70600000	12674
A06	70400001	71400000	11367
A06	71200001	72200000	10980
A06	72000001	73000000	11228
A06	72800001	73800000	13578
A06	73600001	74600000	9296
A06	74400001	75400000	14088
A06	75200001	76200000	13049
A06	76000001	77000000	14392
A06	76800001	77800000	14729
A06	77600001	78600000	14118
A06	78400001	79400000	15082
A06	79200001	80200000	14487
A06	80000001	81000000	12583
A06	80800001	81800000	13943
A06	81600001	82600000	11981
A06	82400001	83400000	12881
A06	83200001	84200000	12572
A06	84000001	85000000	13972
A06	84800001	85800000	14472
A06	85600001	86600000	13068
A06	86400001	87400000	13792
A06	87200001	88200000	15398
A06	88000001	89000000	22078
A06	88800001	89800000	18005
A06	89600001	90600000	16079
A06	90400001	91400000	18403
A06	91200001	92200000	19529
A06	92000001	93000000	19261
A06	92800001	93800000	17815
A06	93600001	94600000	19798
A06	94400001	95400000	20625
A06	95200001	96200000	20120
A06	96000001	97000000	22899
A06	96800001	97800000	21697
A06	97600001	98600000	21707
A06	98400001	99400000	26077
A06	99200001	100200000	19147
A06	100000001	101000000	22174
A06	100800001	101800000	17158
A06	101600001	102600000	7345
A06	102400001	103170444	6448
A07	1	1000000	14008
A07	800001	1800000	7755
A07	1600001	2600000	8284
A07	2400001	3400000	13074
A07	3200001	4200000	12042
A07	4000001	5000000	6916
A07	4800001	5800000	15893
A07	5600001	6600000	15825
A07	6400001	7400000	20477
A07	7200001	8200000	16143
A07	8000001	9000000	15109
A07	8800001	9800000	20086
A07	9600001	10600000	27502
A07	10400001	11400000	28981
A07	11200001	12200000	24052
A07	12000001	13000000	17236
A07	12800001	13800000	16469
A07	13600001	14600000	18996
A07	14400001	15400000	31381
A07	15200001	16200000	27393
A07	16000001	17000000	19117
A07	16800001	17800000	22120
A07	17600001	18600000	19927
A07	18400001	19400000	23996
A07	19200001	20200000	26343
A07	20000001	21000000	23068
A07	20800001	21800000	25725
A07	21600001	22600000	25665
A07	22400001	23400000	18275
A07	23200001	24200000	24194
A07	24000001	25000000	25615
A07	24800001	25800000	21297
A07	25600001	26600000	19308
A07	26400001	27400000	21696
A07	27200001	28200000	27258
A07	28000001	29000000	23322
A07	28800001	29800000	19277
A07	29600001	30600000	26837
A07	30400001	31400000	20944
A07	31200001	32200000	15806
A07	32000001	33000000	19288
A07	32800001	33800000	21063
A07	33600001	34600000	16420
A07	34400001	35400000	14828
A07	35200001	36200000	15172
A07	36000001	37000000	12561
A07	36800001	37800000	14915
A07	37600001	38600000	16643
A07	38400001	39400000	19640
A07	39200001	40200000	18217
A07	40000001	41000000	19850
A07	40800001	41800000	17771
A07	41600001	42600000	12803
A07	42400001	43400000	12613
A07	43200001	44200000	11098
A07	44000001	45000000	20012
A07	44800001	45800000	20055
A07	45600001	46600000	14153
A07	46400001	47400000	10120
A07	47200001	48200000	12486
A07	48000001	49000000	11958
A07	48800001	49800000	8709
A07	49600001	50600000	11647
A07	50400001	51400000	13051
A07	51200001	52200000	13546
A07	52000001	53000000	13365
A07	52800001	53800000	12780
A07	53600001	54600000	11782
A07	54400001	55400000	15160
A07	55200001	56200000	16977
A07	56000001	57000000	12103
A07	56800001	57800000	13442
A07	57600001	58600000	14263
A07	58400001	59400000	11599
A07	59200001	60200000	9111
A07	60000001	61000000	14382
A07	60800001	61800000	14878
A07	61600001	62600000	20429
A07	62400001	63400000	19345
A07	63200001	64200000	18550
A07	64000001	65000000	17415
A07	64800001	65800000	18632
A07	65600001	66600000	20219
A07	66400001	67400000	13738
A07	67200001	68200000	20865
A07	68000001	69000000	33788
A07	68800001	69800000	22609
A07	69600001	70600000	18563
A07	70400001	71400000	22510
A07	71200001	72200000	17793
A07	72000001	73000000	19373
A07	72800001	73800000	16591
A07	73600001	74600000	21598
A07	74400001	75400000	17309
A07	75200001	76200000	21392
A07	76000001	77000000	14457
A07	76800001	77800000	16621
A07	77600001	78251018	12417
A08	1	1000000	11312
A08	800001	1800000	13079
A08	1600001	2600000	17517
A08	2400001	3400000	17746
A08	3200001	4200000	13794
A08	4000001	5000000	21946
A08	4800001	5800000	19717
A08	5600001	6600000	18861
A08	6400001	7400000	18517
A08	7200001	8200000	19653
A08	8000001	9000000	17544
A08	8800001	9800000	19793
A08	9600001	10600000	20933
A08	10400001	11400000	20255
A08	11200001	12200000	24646
A08	12000001	13000000	18138
A08	12800001	13800000	22794
A08	13600001	14600000	16965
A08	14400001	15400000	14558
A08	15200001	16200000	17577
A08	16000001	17000000	16017
A08	16800001	17800000	19198
A08	17600001	18600000	18318
A08	18400001	19400000	19347
A08	19200001	20200000	15594
A08	20000001	21000000	12706
A08	20800001	21800000	17476
A08	21600001	22600000	13932
A08	22400001	23400000	13117
A08	23200001	24200000	12103
A08	24000001	25000000	11828
A08	24800001	25800000	13378
A08	25600001	26600000	12974
A08	26400001	27400000	12424
A08	27200001	28200000	11310
A08	28000001	29000000	10394
A08	28800001	29800000	12215
A08	29600001	30600000	10943
A08	30400001	31400000	9154
A08	31200001	32200000	9239
A08	32000001	33000000	11314
A08	32800001	33800000	12222
A08	33600001	34600000	14094
A08	34400001	35400000	12483
A08	35200001	36200000	14250
A08	36000001	37000000	14459
A08	36800001	37800000	10745
A08	37600001	38600000	10305
A08	38400001	39400000	12902
A08	39200001	40200000	11297
A08	40000001	41000000	12251
A08	40800001	41800000	10679
A08	41600001	42600000	13447
A08	42400001	43400000	14051
A08	43200001	44200000	11475
A08	44000001	45000000	11630
A08	44800001	45800000	7652
A08	45600001	46600000	5263
A08	46400001	47400000	9328
A08	47200001	48200000	10374
A08	48000001	49000000	11715
A08	48800001	49800000	12195
A08	49600001	50600000	13131
A08	50400001	51400000	9803
A08	51200001	52200000	15434
A08	52000001	53000000	13457
A08	52800001	53800000	12676
A08	53600001	54600000	10307
A08	54400001	55400000	5997
A08	55200001	56200000	11828
A08	56000001	57000000	11245
A08	56800001	57800000	10788
A08	57600001	58600000	14962
A08	58400001	59400000	12993
A08	59200001	60200000	16359
A08	60000001	61000000	13791
A08	60800001	61800000	14542
A08	61600001	62600000	11563
A08	62400001	63400000	11909
A08	63200001	64200000	11744
A08	64000001	65000000	12739
A08	64800001	65800000	13197
A08	65600001	66600000	16402
A08	66400001	67400000	13128
A08	67200001	68200000	18004
A08	68000001	69000000	15850
A08	68800001	69800000	15571
A08	69600001	70600000	19481
A08	70400001	71400000	18701
A08	71200001	72200000	19632
A08	72000001	73000000	20959
A08	72800001	73800000	17698
A08	73600001	74600000	19674
A08	74400001	75400000	12406
A08	75200001	76200000	14157
A08	76000001	77000000	15761
A08	76800001	77800000	19165
A08	77600001	78600000	15819
A08	78400001	79400000	19316
A08	79200001	80200000	20632
A08	80000001	81000000	25168
A08	80800001	81800000	24474
A08	81600001	82600000	22906
A08	82400001	83400000	20442
A08	83200001	84200000	21596
A08	84000001	85000000	23917
A08	84800001	85800000	18527
A08	85600001	86600000	21815
A08	86400001	87400000	22169
A08	87200001	88200000	21248
A08	88000001	89000000	21337
A08	88800001	89800000	18417
A08	89600001	90600000	12037
A08	90400001	91400000	21157
A08	91200001	92200000	23623
A08	92000001	93000000	21265
A08	92800001	93800000	26858
A08	93600001	94600000	22320
A08	94400001	95400000	23830
A08	95200001	96200000	12753
A08	96000001	97000000	18837
A08	96800001	97800000	16235
A08	97600001	98600000	13888
A08	98400001	99400000	16366
A08	99200001	100200000	16321
A08	100000001	101000000	10664
A08	100800001	101800000	6181
A08	101600001	102600000	7378
A08	102400001	103400000	6469
A08	103200001	103626341	5895
A09	1	1000000	20229
A09	800001	1800000	17976
A09	1600001	2600000	15750
A09	2400001	3400000	13151
A09	3200001	4200000	15746
A09	4000001	5000000	16670
A09	4800001	5800000	18919
A09	5600001	6600000	15757
A09	6400001	7400000	18865
A09	7200001	8200000	20570
A09	8000001	9000000	21670
A09	8800001	9800000	15797
A09	9600001	10600000	17030
A09	10400001	11400000	14009
A09	11200001	12200000	14689
A09	12000001	13000000	12208
A09	12800001	13800000	14882
A09	13600001	14600000	12438
A09	14400001	15400000	13298
A09	15200001	16200000	12916
A09	16000001	17000000	9178
A09	16800001	17800000	10847
A09	17600001	18600000	11518
A09	18400001	19400000	10872
A09	19200001	20200000	14775
A09	20000001	21000000	14105
A09	20800001	21800000	10003
A09	21600001	22600000	11527
A09	22400001	23400000	12846
A09	23200001	24200000	9401
A09	24000001	25000000	12098
A09	24800001	25800000	9152
A09	25600001	26600000	10816
A09	26400001	27400000	12437
A09	27200001	28200000	12311
A09	28000001	29000000	12798
A09	28800001	29800000	10163
A09	29600001	30600000	10651
A09	30400001	31400000	14686
A09	31200001	32200000	12860
A09	32000001	33000000	12393
A09	32800001	33800000	13119
A09	33600001	34600000	13918
A09	34400001	35400000	13543
A09	35200001	36200000	10220
A09	36000001	37000000	11201
A09	36800001	37800000	15712
A09	37600001	38600000	16888
A09	38400001	39400000	18034
A09	39200001	40200000	15823
A09	40000001	41000000	17979
A09	40800001	41800000	19317
A09	41600001	42600000	20778
A09	42400001	43400000	18145
A09	43200001	44200000	22372
A09	44000001	45000000	15431
A09	44800001	45800000	13468
A09	45600001	46600000	17285
A09	46400001	47400000	19273
A09	47200001	48200000	19608
A09	48000001	49000000	17000
A09	48800001	49800000	23661
A09	49600001	50600000	18054
A09	50400001	51400000	21352
A09	51200001	52200000	20387
A09	52000001	53000000	19442
A09	52800001	53800000	21655
A09	53600001	54600000	26178
A09	54400001	55400000	17872
A09	55200001	56200000	14444
A09	56000001	57000000	22614
A09	56800001	57800000	18578
A09	57600001	58600000	18315
A09	58400001	59400000	17362
A09	59200001	60200000	16402
A09	60000001	61000000	15948
A09	60800001	61800000	19516
A09	61600001	62600000	21737
A09	62400001	63400000	15788
A09	63200001	64200000	18672
A09	64000001	65000000	15207
A09	64800001	65800000	14195
A09	65600001	66600000	19161
A09	66400001	67400000	16363
A09	67200001	68200000	10267
A09	68000001	69000000	10100
A09	68800001	69800000	7252
A09	69600001	70600000	7136
A09	70400001	71400000	9352
A09	71200001	72200000	10159
A09	72000001	73000000	7993
A09	72800001	73800000	4822
A09	73600001	74600000	8579
A09	74400001	74999931	2585
A10	1	1000000	13132
A10	800001	1800000	11048
A10	1600001	2600000	6271
A10	2400001	3400000	7202
A10	3200001	4200000	11381
A10	4000001	5000000	15648
A10	4800001	5800000	15960
A10	5600001	6600000	19969
A10	6400001	7400000	19221
A10	7200001	8200000	22905
A10	8000001	9000000	21780
A10	8800001	9800000	18585
A10	9600001	10600000	21401
A10	10400001	11400000	21714
A10	11200001	12200000	17772
A10	12000001	13000000	14731
A10	12800001	13800000	19029
A10	13600001	14600000	19453
A10	14400001	15400000	18137
A10	15200001	16200000	20826
A10	16000001	17000000	20634
A10	16800001	17800000	22298
A10	17600001	18600000	21402
A10	18400001	19400000	21978
A10	19200001	20200000	24307
A10	20000001	21000000	18054
A10	20800001	21800000	20359
A10	21600001	22600000	16403
A10	22400001	23400000	12857
A10	23200001	24200000	12294
A10	24000001	25000000	11088
A10	24800001	25800000	12327
A10	25600001	26600000	13257
A10	26400001	27400000	13731
A10	27200001	28200000	13123
A10	28000001	29000000	16075
A10	28800001	29800000	11946
A10	29600001	30600000	14427
A10	30400001	31400000	10347
A10	31200001	32200000	13056
A10	32000001	33000000	10358
A10	32800001	33800000	9582
A10	33600001	34600000	13803
A10	34400001	35400000	13942
A10	35200001	36200000	10875
A10	36000001	37000000	8157
A10	36800001	37800000	10129
A10	37600001	38600000	10882
A10	38400001	39400000	12496
A10	39200001	40200000	12202
A10	40000001	41000000	11702
A10	40800001	41800000	9312
A10	41600001	42600000	12070
A10	42400001	43400000	13567
A10	43200001	44200000	10984
A10	44000001	45000000	12268
A10	44800001	45800000	12378
A10	45600001	46600000	13621
A10	46400001	47400000	12616
A10	47200001	48200000	15484
A10	48000001	49000000	16285
A10	48800001	49800000	16418
A10	49600001	50600000	17295
A10	50400001	51400000	13505
A10	51200001	52200000	13698
A10	52000001	53000000	14550
A10	52800001	53800000	9695
A10	53600001	54600000	12219
A10	54400001	55400000	14079
A10	55200001	56200000	14215
A10	56000001	57000000	16470
A10	56800001	57800000	20359
A10	57600001	58600000	20288
A10	58400001	59400000	20526
A10	59200001	60200000	20738
A10	60000001	61000000	24390
A10	60800001	61800000	22683
A10	61600001	62600000	21246
A10	62400001	63400000	17422
A10	63200001	64200000	19526
A10	64000001	65000000	18065
A10	64800001	65800000	19937
A10	65600001	66600000	22830
A10	66400001	67400000	21955
A10	67200001	68200000	15235
A10	68000001	69000000	15468
A10	68800001	69800000	15126
A10	69600001	70600000	19310
A10	70400001	71400000	16771
A10	71200001	72200000	22010
A10	72000001	73000000	17873
A10	72800001	73800000	15391
A10	73600001	74600000	13560
A10	74400001	75400000	13124
A10	75200001	76200000	15690
A10	76000001	77000000	25869
A10	76800001	77800000	21418
A10	77600001	78600000	20555
A10	78400001	79400000	19946
A10	79200001	80200000	22933
A10	80000001	81000000	19765
A10	80800001	81800000	17947
A10	81600001	82600000	23410
A10	82400001	83400000	19538
A10	83200001	84200000	20422
A10	84000001	85000000	23908
A10	84800001	85800000	21519
A10	85600001	86600000	21727
A10	86400001	87400000	21728
A10	87200001	88200000	20151
A10	88000001	89000000	25031
A10	88800001	89800000	25099
A10	89600001	90600000	20014
A10	90400001	91400000	19369
A10	91200001	92200000	16627
A10	92000001	93000000	21340
A10	92800001	93800000	21654
A10	93600001	94600000	21960
A10	94400001	95400000	17908
A10	95200001	96200000	15806
A10	96000001	97000000	11897
A10	96800001	97800000	16288
A10	97600001	98600000	16353
A10	98400001	99400000	14406
A10	99200001	100200000	13735
A10	100000001	101000000	12477
A10	100800001	100866604	211
A11	1	1000000	15178
A11	800001	1800000	7897
A11	1600001	2600000	7713
A11	2400001	3400000	6609
A11	3200001	4200000	8664
A11	4000001	5000000	9574
A11	4800001	5800000	11482
A11	5600001	6600000	9068
A11	6400001	7400000	12406
A11	7200001	8200000	8118
A11	8000001	9000000	10739
A11	8800001	9800000	17238
A11	9600001	10600000	16087
A11	10400001	11400000	12863
A11	11200001	12200000	13705
A11	12000001	13000000	14907
A11	12800001	13800000	17774
A11	13600001	14600000	18820
A11	14400001	15400000	16262
A11	15200001	16200000	15778
A11	16000001	17000000	24059
A11	16800001	17800000	16822
A11	17600001	18600000	18025
A11	18400001	19400000	22361
A11	19200001	20200000	20703
A11	20000001	21000000	18556
A11	20800001	21800000	25551
A11	21600001	22600000	19131
A11	22400001	23400000	22335
A11	23200001	24200000	22683
A11	24000001	25000000	25443
A11	24800001	25800000	21815
A11	25600001	26600000	22177
A11	26400001	27400000	19436
A11	27200001	28200000	22036
A11	28000001	29000000	15281
A11	28800001	29800000	19850
A11	29600001	30600000	19463
A11	30400001	31400000	15160
A11	31200001	32200000	15171
A11	32000001	33000000	15048
A11	32800001	33800000	13796
A11	33600001	34600000	14267
A11	34400001	35400000	13429
A11	35200001	36200000	14075
A11	36000001	37000000	16760
A11	36800001	37800000	15251
A11	37600001	38600000	11830
A11	38400001	39400000	10990
A11	39200001	40200000	9604
A11	40000001	41000000	14976
A11	40800001	41800000	12307
A11	41600001	42600000	11955
A11	42400001	43400000	17801
A11	43200001	44200000	14291
A11	44000001	45000000	11695
A11	44800001	45800000	10450
A11	45600001	46600000	14705
A11	46400001	47400000	16627
A11	47200001	48200000	15082
A11	48000001	49000000	11946
A11	48800001	49800000	16488
A11	49600001	50600000	14453
A11	50400001	51400000	15851
A11	51200001	52200000	17737
A11	52000001	53000000	19536
A11	52800001	53800000	19382
A11	53600001	54600000	15287
A11	54400001	55400000	12209
A11	55200001	56200000	18015
A11	56000001	57000000	21843
A11	56800001	57800000	14261
A11	57600001	58600000	11939
A11	58400001	59400000	13656
A11	59200001	60200000	11726
A11	60000001	61000000	17605
A11	60800001	61800000	12734
A11	61600001	62600000	13809
A11	62400001	63400000	19294
A11	63200001	64200000	22542
A11	64000001	65000000	18993
A11	64800001	65800000	17491
A11	65600001	66600000	13039
A11	66400001	67400000	15344
A11	67200001	68200000	18046
A11	68000001	69000000	16892
A11	68800001	69800000	21433
A11	69600001	70600000	18081
A11	70400001	71400000	19786
A11	71200001	72200000	18736
A11	72000001	73000000	18972
A11	72800001	73800000	17001
A11	73600001	74600000	13174
A11	74400001	75400000	12115
A11	75200001	76200000	12686
A11	76000001	77000000	18112
A11	76800001	77800000	23310
A11	77600001	78600000	24355
A11	78400001	79400000	23261
A11	79200001	80200000	22070
A11	80000001	81000000	19027
A11	80800001	81800000	18661
A11	81600001	82600000	22563
A11	82400001	83400000	20707
A11	83200001	84200000	16188
A11	84000001	85000000	17831
A11	84800001	85800000	17946
A11	85600001	86600000	17790
A11	86400001	87400000	19091
A11	87200001	88200000	14290
A11	88000001	89000000	10856
A11	88800001	89800000	17168
A11	89600001	90600000	14418
A11	90400001	91400000	13655
A11	91200001	92200000	18207
A11	92000001	93000000	13917
A11	92800001	93316192	3208
A12	1	1000000	17597
A12	800001	1800000	14387
A12	1600001	2600000	13517
A12	2400001	3400000	17052
A12	3200001	4200000	18238
A12	4000001	5000000	23117
A12	4800001	5800000	21298
A12	5600001	6600000	20458
A12	6400001	7400000	21089
A12	7200001	8200000	24961
A12	8000001	9000000	19192
A12	8800001	9800000	23398
A12	9600001	10600000	16035
A12	10400001	11400000	22182
A12	11200001	12200000	23886
A12	12000001	13000000	26495
A12	12800001	13800000	22454
A12	13600001	14600000	18893
A12	14400001	15400000	19945
A12	15200001	16200000	18511
A12	16000001	17000000	18600
A12	16800001	17800000	17611
A12	17600001	18600000	18817
A12	18400001	19400000	18404
A12	19200001	20200000	14831
A12	20000001	21000000	19090
A12	20800001	21800000	21556
A12	21600001	22600000	16131
A12	22400001	23400000	16444
A12	23200001	24200000	13913
A12	24000001	25000000	10464
A12	24800001	25800000	10270
A12	25600001	26600000	10122
A12	26400001	27400000	14702
A12	27200001	28200000	14688
A12	28000001	29000000	16780
A12	28800001	29800000	16112
A12	29600001	30600000	15163
A12	30400001	31400000	9848
A12	31200001	32200000	9348
A12	32000001	33000000	13989
A12	32800001	33800000	13584
A12	33600001	34600000	11611
A12	34400001	35400000	9589
A12	35200001	36200000	9501
A12	36000001	37000000	9883
A12	36800001	37800000	11813
A12	37600001	38600000	15784
A12	38400001	39400000	13650
A12	39200001	40200000	13901
A12	40000001	41000000	12973
A12	40800001	41800000	13757
A12	41600001	42600000	13812
A12	42400001	43400000	11591
A12	43200001	44200000	13215
A12	44000001	45000000	11900
A12	44800001	45800000	13982
A12	45600001	46600000	14792
A12	46400001	47400000	13506
A12	47200001	48200000	15792
A12	48000001	49000000	10864
A12	48800001	49800000	14300
A12	49600001	50600000	9877
A12	50400001	51400000	16207
A12	51200001	52200000	12561
A12	52000001	53000000	13709
A12	52800001	53800000	13383
A12	53600001	54600000	15142
A12	54400001	55400000	16136
A12	55200001	56200000	13624
A12	56000001	57000000	15464
A12	56800001	57800000	19339
A12	57600001	58600000	18554
A12	58400001	59400000	18837
A12	59200001	60200000	21060
A12	60000001	61000000	18315
A12	60800001	61800000	18457
A12	61600001	62600000	23071
A12	62400001	63400000	23800
A12	63200001	64200000	24995
A12	64000001	65000000	20194
A12	64800001	65800000	19198
A12	65600001	66600000	16676
A12	66400001	67400000	24411
A12	67200001	68200000	26159
A12	68000001	69000000	19266
A12	68800001	69800000	19369
A12	69600001	70600000	23441
A12	70400001	71400000	22136
A12	71200001	72200000	24341
A12	72000001	73000000	19263
A12	72800001	73800000	19996
A12	73600001	74600000	15256
A12	74400001	75400000	20715
A12	75200001	76200000	22668
A12	76000001	77000000	18928
A12	76800001	77800000	20190
A12	77600001	78600000	16844
A12	78400001	79400000	16047
A12	79200001	80200000	17479
A12	80000001	81000000	12125
A12	80800001	81800000	10926
A12	81600001	82600000	12647
A12	82400001	83400000	10581
A12	83200001	84200000	8419
A12	84000001	85000000	7568
A12	84800001	85800000	7123
A12	85600001	86600000	6979
A12	86400001	87400000	6021
A12	87200001	87484866	1678
A13	1	1000000	19651
A13	800001	1800000	17357
A13	1600001	2600000	17591
A13	2400001	3400000	14825
A13	3200001	4200000	14390
A13	4000001	5000000	18692
A13	4800001	5800000	19304
A13	5600001	6600000	23076
A13	6400001	7400000	15441
A13	7200001	8200000	12308
A13	8000001	9000000	16789
A13	8800001	9800000	17185
A13	9600001	10600000	20220
A13	10400001	11400000	14304
A13	11200001	12200000	20209
A13	12000001	13000000	22353
A13	12800001	13800000	21105
A13	13600001	14600000	21258
A13	14400001	15400000	26181
A13	15200001	16200000	15257
A13	16000001	17000000	13234
A13	16800001	17800000	15215
A13	17600001	18600000	15714
A13	18400001	19400000	15714
A13	19200001	20200000	14076
A13	20000001	21000000	16095
A13	20800001	21800000	14347
A13	21600001	22600000	13826
A13	22400001	23400000	17783
A13	23200001	24200000	15792
A13	24000001	25000000	11851
A13	24800001	25800000	13338
A13	25600001	26600000	13674
A13	26400001	27400000	12472
A13	27200001	28200000	12445
A13	28000001	29000000	10994
A13	28800001	29800000	11289
A13	29600001	30600000	12269
A13	30400001	31400000	12106
A13	31200001	32200000	16820
A13	32000001	33000000	11825
A13	32800001	33800000	14755
A13	33600001	34600000	9353
A13	34400001	35400000	10658
A13	35200001	36200000	12966
A13	36000001	37000000	13522
A13	36800001	37800000	14700
A13	37600001	38600000	18633
A13	38400001	39400000	17219
A13	39200001	40200000	18382
A13	40000001	41000000	19391
A13	40800001	41800000	17813
A13	41600001	42600000	15106
A13	42400001	43400000	13925
A13	43200001	44200000	15565
A13	44000001	45000000	15165
A13	44800001	45800000	16325
A13	45600001	46600000	20563
A13	46400001	47400000	20841
A13	47200001	48200000	18234
A13	48000001	49000000	16067
A13	48800001	49800000	17327
A13	49600001	50600000	15166
A13	50400001	51400000	16089
A13	51200001	52200000	13138
A13	52000001	53000000	16169
A13	52800001	53800000	14932
A13	53600001	54600000	17054
A13	54400001	55400000	16915
A13	55200001	56200000	27598
A13	56000001	57000000	21874
A13	56800001	57800000	21397
A13	57600001	58600000	22015
A13	58400001	59400000	25822
A13	59200001	60200000	20204
A13	60000001	61000000	22005
A13	60800001	61800000	19389
A13	61600001	62600000	24970
A13	62400001	63400000	22415
A13	63200001	64200000	17595
A13	64000001	65000000	19560
A13	64800001	65800000	19377
A13	65600001	66600000	20397
A13	66400001	67400000	21779
A13	67200001	68200000	19858
A13	68000001	69000000	21074
A13	68800001	69800000	27892
A13	69600001	70600000	26046
A13	70400001	71400000	23618
A13	71200001	72200000	27309
A13	72000001	73000000	22259
A13	72800001	73800000	14243
A13	73600001	74600000	20243
A13	74400001	75400000	14343
A13	75200001	76200000	14278
A13	76000001	77000000	11714
A13	76800001	77800000	20170
A13	77600001	78600000	11373
A13	78400001	79400000	6253
A13	79200001	79961121	6144
D01	1	1000000	10916
D01	800001	1800000	10099
D01	1600001	2600000	10035
D01	2400001	3400000	12559
D01	3200001	4200000	11290
D01	4000001	5000000	12200
D01	4800001	5800000	12261
D01	5600001	6600000	18751
D01	6400001	7400000	21109
D01	7200001	8200000	20725
D01	8000001	9000000	15846
D01	8800001	9800000	21067
D01	9600001	10600000	17862
D01	10400001	11400000	19203
D01	11200001	12200000	23731
D01	12000001	13000000	20296
D01	12800001	13800000	20846
D01	13600001	14600000	19550
D01	14400001	15400000	22052
D01	15200001	16200000	19675
D01	16000001	17000000	23591
D01	16800001	17800000	24499
D01	17600001	18600000	22631
D01	18400001	19400000	25162
D01	19200001	20200000	20541
D01	20000001	21000000	19107
D01	20800001	21800000	21701
D01	21600001	22600000	22071
D01	22400001	23400000	18268
D01	23200001	24200000	20216
D01	24000001	25000000	19169
D01	24800001	25800000	20885
D01	25600001	26600000	20032
D01	26400001	27400000	18179
D01	27200001	28200000	17225
D01	28000001	29000000	19792
D01	28800001	29800000	15579
D01	29600001	30600000	16127
D01	30400001	31400000	21861
D01	31200001	32200000	18217
D01	32000001	33000000	16701
D01	32800001	33800000	10253
D01	33600001	34600000	13130
D01	34400001	35400000	13695
D01	35200001	36200000	16538
D01	36000001	37000000	13557
D01	36800001	37800000	12075
D01	37600001	38600000	18171
D01	38400001	39400000	22483
D01	39200001	40200000	20530
D01	40000001	41000000	18648
D01	40800001	41800000	19499
D01	41600001	42600000	17519
D01	42400001	43400000	21496
D01	43200001	44200000	20060
D01	44000001	45000000	22028
D01	44800001	45800000	27262
D01	45600001	46600000	18222
D01	46400001	47400000	17865
D01	47200001	48200000	19901
D01	48000001	49000000	24213
D01	48800001	49800000	22628
D01	49600001	50600000	18400
D01	50400001	51400000	19812
D01	51200001	52200000	20578
D01	52000001	53000000	21535
D01	52800001	53800000	16590
D01	53600001	54600000	21918
D01	54400001	55400000	20851
D01	55200001	56200000	19730
D01	56000001	57000000	21055
D01	56800001	57800000	15384
D01	57600001	58600000	18992
D01	58400001	59400000	18726
D01	59200001	60200000	16463
D01	60000001	61000000	11052
D01	60800001	61456009	5881
D02	1	1000000	10514
D02	800001	1800000	6992
D02	1600001	2600000	11444
D02	2400001	3400000	9740
D02	3200001	4200000	9102
D02	4000001	5000000	10911
D02	4800001	5800000	16899
D02	5600001	6600000	16883
D02	6400001	7400000	11122
D02	7200001	8200000	17952
D02	8000001	9000000	17581
D02	8800001	9800000	21731
D02	9600001	10600000	18178
D02	10400001	11400000	19405
D02	11200001	12200000	16409
D02	12000001	13000000	17542
D02	12800001	13800000	17520
D02	13600001	14600000	22555
D02	14400001	15400000	23146
D02	15200001	16200000	20471
D02	16000001	17000000	16875
D02	16800001	17800000	19746
D02	17600001	18600000	17864
D02	18400001	19400000	17526
D02	19200001	20200000	14815
D02	20000001	21000000	15741
D02	20800001	21800000	19239
D02	21600001	22600000	22806
D02	22400001	23400000	22447
D02	23200001	24200000	17946
D02	24000001	25000000	17633
D02	24800001	25800000	18546
D02	25600001	26600000	18967
D02	26400001	27400000	17686
D02	27200001	28200000	14208
D02	28000001	29000000	17522
D02	28800001	29800000	13536
D02	29600001	30600000	13495
D02	30400001	31400000	14660
D02	31200001	32200000	13616
D02	32000001	33000000	14449
D02	32800001	33800000	16718
D02	33600001	34600000	18220
D02	34400001	35400000	24009
D02	35200001	36200000	21951
D02	36000001	37000000	15301
D02	36800001	37800000	18523
D02	37600001	38600000	16137
D02	38400001	39400000	21163
D02	39200001	40200000	21849
D02	40000001	41000000	20237
D02	40800001	41800000	18944
D02	41600001	42600000	19128
D02	42400001	43400000	20226
D02	43200001	44200000	20858
D02	44000001	45000000	22257
D02	44800001	45800000	24084
D02	45600001	46600000	20974
D02	46400001	47400000	20316
D02	47200001	48200000	18570
D02	48000001	49000000	20395
D02	48800001	49800000	21342
D02	49600001	50600000	17463
D02	50400001	51400000	23292
D02	51200001	52200000	21487
D02	52000001	53000000	20230
D02	52800001	53800000	21492
D02	53600001	54600000	25631
D02	54400001	55400000	25974
D02	55200001	56200000	22781
D02	56000001	57000000	18394
D02	56800001	57800000	17550
D02	57600001	58600000	17969
D02	58400001	59400000	20412
D02	59200001	60200000	24744
D02	60000001	61000000	18123
D02	60800001	61800000	17162
D02	61600001	62600000	18729
D02	62400001	63400000	16846
D02	63200001	64200000	10157
D02	64000001	65000000	14572
D02	64800001	65800000	11213
D02	65600001	66600000	10039
D02	66400001	67400000	6383
D02	67200001	67284553	1354
D03	1	1000000	11429
D03	800001	1800000	12653
D03	1600001	2600000	14538
D03	2400001	3400000	16227
D03	3200001	4200000	17640
D03	4000001	5000000	19490
D03	4800001	5800000	21351
D03	5600001	6600000	22195
D03	6400001	7400000	23592
D03	7200001	8200000	21797
D03	8000001	9000000	25033
D03	8800001	9800000	23035
D03	9600001	10600000	20552
D03	10400001	11400000	19381
D03	11200001	12200000	20044
D03	12000001	13000000	20904
D03	12800001	13800000	14206
D03	13600001	14600000	13733
D03	14400001	15400000	15283
D03	15200001	16200000	18735
D03	16000001	17000000	16360
D03	16800001	17800000	13823
D03	17600001	18600000	13843
D03	18400001	19400000	12464
D03	19200001	20200000	12166
D03	20000001	21000000	16243
D03	20800001	21800000	13205
D03	21600001	22600000	15032
D03	22400001	23400000	13535
D03	23200001	24200000	16996
D03	24000001	25000000	23966
D03	24800001	25800000	22230
D03	25600001	26600000	23620
D03	26400001	27400000	21857
D03	27200001	28200000	19769
D03	28000001	29000000	17742
D03	28800001	29800000	22122
D03	29600001	30600000	20674
D03	30400001	31400000	23892
D03	31200001	32200000	23689
D03	32000001	33000000	22361
D03	32800001	33800000	24391
D03	33600001	34600000	23000
D03	34400001	35400000	20689
D03	35200001	36200000	20089
D03	36000001	37000000	20860
D03	36800001	37800000	20783
D03	37600001	38600000	17989
D03	38400001	39400000	17606
D03	39200001	40200000	22074
D03	40000001	41000000	17332
D03	40800001	41800000	16372
D03	41600001	42600000	17695
D03	42400001	43400000	12307
D03	43200001	44200000	13377
D03	44000001	45000000	14621
D03	44800001	45800000	9377
D03	45600001	46600000	10293
D03	46400001	46690656	1732
D04	1	1000000	15122
D04	800001	1800000	14471
D04	1600001	2600000	11777
D04	2400001	3400000	10238
D04	3200001	4200000	13611
D04	4000001	5000000	14382
D04	4800001	5800000	16511
D04	5600001	6600000	16365
D04	6400001	7400000	20551
D04	7200001	8200000	21818
D04	8000001	9000000	20360
D04	8800001	9800000	17660
D04	9600001	10600000	19487
D04	10400001	11400000	21978
D04	11200001	12200000	20665
D04	12000001	13000000	24639
D04	12800001	13800000	21790
D04	13600001	14600000	21571
D04	14400001	15400000	19597
D04	15200001	16200000	20235
D04	16000001	17000000	18921
D04	16800001	17800000	18035
D04	17600001	18600000	17356
D04	18400001	19400000	14423
D04	19200001	20200000	13435
D04	20000001	21000000	13537
D04	20800001	21800000	11111
D04	21600001	22600000	15656
D04	22400001	23400000	15378
D04	23200001	24200000	19529
D04	24000001	25000000	18853
D04	24800001	25800000	18546
D04	25600001	26600000	17496
D04	26400001	27400000	16251
D04	27200001	28200000	13951
D04	28000001	29000000	17929
D04	28800001	29800000	20669
D04	29600001	30600000	26250
D04	30400001	31400000	21816
D04	31200001	32200000	21970
D04	32000001	33000000	21622
D04	32800001	33800000	19438
D04	33600001	34600000	25095
D04	34400001	35400000	21812
D04	35200001	36200000	22011
D04	36000001	37000000	24382
D04	36800001	37800000	20262
D04	37600001	38600000	21981
D04	38400001	39400000	24808
D04	39200001	40200000	24686
D04	40000001	41000000	19927
D04	40800001	41800000	23721
D04	41600001	42600000	22167
D04	42400001	43400000	22204
D04	43200001	44200000	20342
D04	44000001	45000000	15520
D04	44800001	45800000	21422
D04	45600001	46600000	17981
D04	46400001	47400000	14471
D04	47200001	48200000	12921
D04	48000001	49000000	10646
D04	48800001	49800000	12659
D04	49600001	50600000	10054
D04	50400001	51400000	9212
D04	51200001	51454130	2322
D05	1	1000000	9161
D05	800001	1800000	6679
D05	1600001	2600000	7342
D05	2400001	3400000	5473
D05	3200001	4200000	6254
D05	4000001	5000000	6673
D05	4800001	5800000	7231
D05	5600001	6600000	7489
D05	6400001	7400000	5119
D05	7200001	8200000	7716
D05	8000001	9000000	6433
D05	8800001	9800000	6451
D05	9600001	10600000	6782
D05	10400001	11400000	5303
D05	11200001	12200000	5866
D05	12000001	13000000	5154
D05	12800001	13800000	8541
D05	13600001	14600000	9333
D05	14400001	15400000	8158
D05	15200001	16200000	8716
D05	16000001	17000000	7069
D05	16800001	17800000	5679
D05	17600001	18600000	9570
D05	18400001	19400000	8988
D05	19200001	20200000	12150
D05	20000001	21000000	16399
D05	20800001	21800000	8839
D05	21600001	22600000	11445
D05	22400001	23400000	13337
D05	23200001	24200000	11689
D05	24000001	25000000	13884
D05	24800001	25800000	15252
D05	25600001	26600000	13278
D05	26400001	27400000	14691
D05	27200001	28200000	13557
D05	28000001	29000000	15211
D05	28800001	29800000	17323
D05	29600001	30600000	19568
D05	30400001	31400000	17173
D05	31200001	32200000	15890
D05	32000001	33000000	15294
D05	32800001	33800000	14976
D05	33600001	34600000	20295
D05	34400001	35400000	22175
D05	35200001	36200000	19554
D05	36000001	37000000	18875
D05	36800001	37800000	17254
D05	37600001	38600000	15228
D05	38400001	39400000	17437
D05	39200001	40200000	11858
D05	40000001	41000000	13472
D05	40800001	41800000	16082
D05	41600001	42600000	17934
D05	42400001	43400000	17767
D05	43200001	44200000	17494
D05	44000001	45000000	17913
D05	44800001	45800000	18949
D05	45600001	46600000	34248
D05	46400001	47400000	33329
D05	47200001	48200000	15903
D05	48000001	49000000	14603
D05	48800001	49800000	19612
D05	49600001	50600000	19275
D05	50400001	51400000	13627
D05	51200001	52200000	17600
D05	52000001	53000000	14743
D05	52800001	53800000	8405
D05	53600001	54600000	15987
D05	54400001	55400000	11826
D05	55200001	56200000	10865
D05	56000001	57000000	18636
D05	56800001	57800000	17873
D05	57600001	58600000	18910
D05	58400001	59400000	16988
D05	59200001	60200000	8147
D05	60000001	61000000	13350
D05	60800001	61800000	16829
D05	61600001	61933047	4116
D06	1	1000000	14011
D06	800001	1800000	12182
D06	1600001	2600000	9393
D06	2400001	3400000	9305
D06	3200001	4200000	20746
D06	4000001	5000000	23136
D06	4800001	5800000	18723
D06	5600001	6600000	16747
D06	6400001	7400000	22381
D06	7200001	8200000	20997
D06	8000001	9000000	15945
D06	8800001	9800000	17642
D06	9600001	10600000	18093
D06	10400001	11400000	20002
D06	11200001	12200000	22830
D06	12000001	13000000	21815
D06	12800001	13800000	20624
D06	13600001	14600000	24763
D06	14400001	15400000	21501
D06	15200001	16200000	22946
D06	16000001	17000000	20126
D06	16800001	17800000	17792
D06	17600001	18600000	21670
D06	18400001	19400000	21660
D06	19200001	20200000	19135
D06	20000001	21000000	21069
D06	20800001	21800000	20724
D06	21600001	22600000	20347
D06	22400001	23400000	21167
D06	23200001	24200000	14990
D06	24000001	25000000	19642
D06	24800001	25800000	17840
D06	25600001	26600000	22398
D06	26400001	27400000	15008
D06	27200001	28200000	14951
D06	28000001	29000000	15000
D06	28800001	29800000	19135
D06	29600001	30600000	19215
D06	30400001	31400000	15599
D06	31200001	32200000	17904
D06	32000001	33000000	11909
D06	32800001	33800000	14347
D06	33600001	34600000	14498
D06	34400001	35400000	9766
D06	35200001	36200000	14741
D06	36000001	37000000	18072
D06	36800001	37800000	14426
D06	37600001	38600000	11690
D06	38400001	39400000	14295
D06	39200001	40200000	21764
D06	40000001	41000000	15434
D06	40800001	41800000	20306
D06	41600001	42600000	19711
D06	42400001	43400000	19443
D06	43200001	44200000	18739
D06	44000001	45000000	17811
D06	44800001	45800000	17775
D06	45600001	46600000	18990
D06	46400001	47400000	19521
D06	47200001	48200000	19777
D06	48000001	49000000	17261
D06	48800001	49800000	21853
D06	49600001	50600000	21857
D06	50400001	51400000	18638
D06	51200001	52200000	20277
D06	52000001	53000000	19716
D06	52800001	53800000	18494
D06	53600001	54600000	18481
D06	54400001	55400000	20140
D06	55200001	56200000	19208
D06	56000001	57000000	17779
D06	56800001	57800000	17168
D06	57600001	58600000	17007
D06	58400001	59400000	18374
D06	59200001	60200000	11891
D06	60000001	61000000	15425
D06	60800001	61800000	16792
D06	61600001	62600000	14768
D06	62400001	63400000	13029
D06	63200001	64200000	11583
D06	64000001	64294643	2300
D07	1	1000000	10735
D07	800001	1800000	7920
D07	1600001	2600000	10933
D07	2400001	3400000	11093
D07	3200001	4200000	12372
D07	4000001	5000000	11258
D07	4800001	5800000	13600
D07	5600001	6600000	13379
D07	6400001	7400000	15849
D07	7200001	8200000	12808
D07	8000001	9000000	16061
D07	8800001	9800000	17677
D07	9600001	10600000	17551
D07	10400001	11400000	13059
D07	11200001	12200000	18365
D07	12000001	13000000	22488
D07	12800001	13800000	21214
D07	13600001	14600000	24266
D07	14400001	15400000	17814
D07	15200001	16200000	19046
D07	16000001	17000000	21855
D07	16800001	17800000	21882
D07	17600001	18600000	21816
D07	18400001	19400000	16686
D07	19200001	20200000	18401
D07	20000001	21000000	23510
D07	20800001	21800000	20564
D07	21600001	22600000	21902
D07	22400001	23400000	24715
D07	23200001	24200000	20311
D07	24000001	25000000	21690
D07	24800001	25800000	20599
D07	25600001	26600000	20272
D07	26400001	27400000	18904
D07	27200001	28200000	19773
D07	28000001	29000000	26062
D07	28800001	29800000	20722
D07	29600001	30600000	18375
D07	30400001	31400000	16755
D07	31200001	32200000	17655
D07	32000001	33000000	17696
D07	32800001	33800000	15880
D07	33600001	34600000	14618
D07	34400001	35400000	17667
D07	35200001	36200000	16314
D07	36000001	37000000	16284
D07	36800001	37800000	16212
D07	37600001	38600000	16953
D07	38400001	39400000	12347
D07	39200001	40200000	10708
D07	40000001	41000000	15794
D07	40800001	41800000	18541
D07	41600001	42600000	14674
D07	42400001	43400000	19033
D07	43200001	44200000	20630
D07	44000001	45000000	11400
D07	44800001	45800000	14470
D07	45600001	46600000	15879
D07	46400001	47400000	21735
D07	47200001	48200000	21508
D07	48000001	49000000	15285
D07	48800001	49800000	16768
D07	49600001	50600000	13959
D07	50400001	51400000	17296
D07	51200001	52200000	11303
D07	52000001	53000000	15222
D07	52800001	53800000	15322
D07	53600001	54600000	12835
D07	54400001	55400000	14750
D07	55200001	55312611	2774
D08	1	1000000	13529
D08	800001	1800000	9602
D08	1600001	2600000	11895
D08	2400001	3400000	12978
D08	3200001	4200000	13071
D08	4000001	5000000	14844
D08	4800001	5800000	13509
D08	5600001	6600000	19665
D08	6400001	7400000	21925
D08	7200001	8200000	20003
D08	8000001	9000000	19385
D08	8800001	9800000	23470
D08	9600001	10600000	20920
D08	10400001	11400000	23275
D08	11200001	12200000	18292
D08	12000001	13000000	24868
D08	12800001	13800000	23689
D08	13600001	14600000	21634
D08	14400001	15400000	20020
D08	15200001	16200000	24495
D08	16000001	17000000	19136
D08	16800001	17800000	17549
D08	17600001	18600000	18345
D08	18400001	19400000	16611
D08	19200001	20200000	16227
D08	20000001	21000000	14432
D08	20800001	21800000	13025
D08	21600001	22600000	15089
D08	22400001	23400000	18445
D08	23200001	24200000	18805
D08	24000001	25000000	16299
D08	24800001	25800000	14454
D08	25600001	26600000	8715
D08	26400001	27400000	12151
D08	27200001	28200000	10855
D08	28000001	29000000	9955
D08	28800001	29800000	14170
D08	29600001	30600000	16475
D08	30400001	31400000	17333
D08	31200001	32200000	17256
D08	32000001	33000000	14851
D08	32800001	33800000	15724
D08	33600001	34600000	17469
D08	34400001	35400000	20379
D08	35200001	36200000	21024
D08	36000001	37000000	17811
D08	36800001	37800000	19966
D08	37600001	38600000	22143
D08	38400001	39400000	19425
D08	39200001	40200000	22504
D08	40000001	41000000	18396
D08	40800001	41800000	19228
D08	41600001	42600000	19785
D08	42400001	43400000	24554
D08	43200001	44200000	21811
D08	44000001	45000000	20686
D08	44800001	45800000	20856
D08	45600001	46600000	21121
D08	46400001	47400000	18435
D08	47200001	48200000	19884
D08	48000001	49000000	17983
D08	48800001	49800000	20410
D08	49600001	50600000	14796
D08	50400001	51400000	19397
D08	51200001	52200000	20558
D08	52000001	53000000	21314
D08	52800001	53800000	16002
D08	53600001	54600000	19687
D08	54400001	55400000	23217
D08	55200001	56200000	22877
D08	56000001	57000000	19365
D08	56800001	57800000	19927
D08	57600001	58600000	16093
D08	58400001	59400000	16614
D08	59200001	60200000	10424
D08	60000001	61000000	14230
D08	60800001	61800000	14156
D08	61600001	62600000	16001
D08	62400001	63400000	13085
D08	63200001	64200000	9011
D08	64000001	65000000	8714
D08	64800001	65800000	8698
D08	65600001	65894135	1970
D09	1	1000000	16034
D09	800001	1800000	14699
D09	1600001	2600000	12987
D09	2400001	3400000	17458
D09	3200001	4200000	18735
D09	4000001	5000000	12274
D09	4800001	5800000	15395
D09	5600001	6600000	16318
D09	6400001	7400000	16877
D09	7200001	8200000	14640
D09	8000001	9000000	12588
D09	8800001	9800000	17391
D09	9600001	10600000	16427
D09	10400001	11400000	15527
D09	11200001	12200000	19918
D09	12000001	13000000	17171
D09	12800001	13800000	15899
D09	13600001	14600000	14838
D09	14400001	15400000	20696
D09	15200001	16200000	11286
D09	16000001	17000000	12641
D09	16800001	17800000	16567
D09	17600001	18600000	14634
D09	18400001	19400000	12225
D09	19200001	20200000	10828
D09	20000001	21000000	14382
D09	20800001	21800000	17432
D09	21600001	22600000	15925
D09	22400001	23400000	20403
D09	23200001	24200000	19348
D09	24000001	25000000	20244
D09	24800001	25800000	18931
D09	25600001	26600000	18369
D09	26400001	27400000	22230
D09	27200001	28200000	18668
D09	28000001	29000000	21964
D09	28800001	29800000	19693
D09	29600001	30600000	21862
D09	30400001	31400000	21789
D09	31200001	32200000	16962
D09	32000001	33000000	13949
D09	32800001	33800000	15817
D09	33600001	34600000	18836
D09	34400001	35400000	19154
D09	35200001	36200000	15768
D09	36000001	37000000	14573
D09	36800001	37800000	13374
D09	37600001	38600000	10881
D09	38400001	39400000	11989
D09	39200001	40200000	11840
D09	40000001	41000000	13558
D09	40800001	41800000	15046
D09	41600001	42600000	8065
D09	42400001	43400000	11122
D09	43200001	44200000	11685
D09	44000001	45000000	12120
D09	44800001	45800000	13774
D09	45600001	46600000	9737
D09	46400001	47400000	8504
D09	47200001	48200000	5908
D09	48000001	49000000	6892
D09	48800001	49800000	6726
D09	49600001	50600000	8060
D09	50400001	50995436	3122
D10	1	1000000	10283
D10	800001	1800000	7416
D10	1600001	2600000	9690
D10	2400001	3400000	9103
D10	3200001	4200000	12532
D10	4000001	5000000	11185
D10	4800001	5800000	14470
D10	5600001	6600000	17174
D10	6400001	7400000	18635
D10	7200001	8200000	16676
D10	8000001	9000000	16996
D10	8800001	9800000	20701
D10	9600001	10600000	17983
D10	10400001	11400000	20315
D10	11200001	12200000	18090
D10	12000001	13000000	20309
D10	12800001	13800000	21004
D10	13600001	14600000	20123
D10	14400001	15400000	21888
D10	15200001	16200000	21418
D10	16000001	17000000	19658
D10	16800001	17800000	20173
D10	17600001	18600000	22415
D10	18400001	19400000	24660
D10	19200001	20200000	23211
D10	20000001	21000000	18769
D10	20800001	21800000	20426
D10	21600001	22600000	14949
D10	22400001	23400000	18588
D10	23200001	24200000	23789
D10	24000001	25000000	20694
D10	24800001	25800000	16946
D10	25600001	26600000	20492
D10	26400001	27400000	18620
D10	27200001	28200000	20746
D10	28000001	29000000	23565
D10	28800001	29800000	19315
D10	29600001	30600000	18821
D10	30400001	31400000	25512
D10	31200001	32200000	18535
D10	32000001	33000000	14380
D10	32800001	33800000	17677
D10	33600001	34600000	18464
D10	34400001	35400000	14397
D10	35200001	36200000	16070
D10	36000001	37000000	14540
D10	36800001	37800000	12846
D10	37600001	38600000	11084
D10	38400001	39400000	13934
D10	39200001	40200000	16787
D10	40000001	41000000	16573
D10	40800001	41800000	18919
D10	41600001	42600000	16484
D10	42400001	43400000	17289
D10	43200001	44200000	20738
D10	44000001	45000000	16443
D10	44800001	45800000	19412
D10	45600001	46600000	22479
D10	46400001	47400000	25253
D10	47200001	48200000	24232
D10	48000001	49000000	23083
D10	48800001	49800000	16799
D10	49600001	50600000	20037
D10	50400001	51400000	20907
D10	51200001	52200000	19404
D10	52000001	53000000	20967
D10	52800001	53800000	16704
D10	53600001	54600000	13724
D10	54400001	55400000	12649
D10	55200001	56200000	11963
D10	56000001	57000000	16575
D10	56800001	57800000	12986
D10	57600001	58600000	13545
D10	58400001	59400000	16434
D10	59200001	60200000	9646
D10	60000001	61000000	9602
D10	60800001	61800000	13684
D10	61600001	62600000	11327
D10	62400001	63400000	6676
D10	63200001	63374666	1217
D11	1	1000000	13213
D11	800001	1800000	8818
D11	1600001	2600000	7497
D11	2400001	3400000	6807
D11	3200001	4200000	8501
D11	4000001	5000000	9313
D11	4800001	5800000	6736
D11	5600001	6600000	11386
D11	6400001	7400000	12617
D11	7200001	8200000	12038
D11	8000001	9000000	11611
D11	8800001	9800000	12514
D11	9600001	10600000	13545
D11	10400001	11400000	17443
D11	11200001	12200000	14171
D11	12000001	13000000	15092
D11	12800001	13800000	14545
D11	13600001	14600000	14516
D11	14400001	15400000	15645
D11	15200001	16200000	14252
D11	16000001	17000000	17561
D11	16800001	17800000	18966
D11	17600001	18600000	18929
D11	18400001	19400000	17514
D11	19200001	20200000	21413
D11	20000001	21000000	21834
D11	20800001	21800000	18914
D11	21600001	22600000	17336
D11	22400001	23400000	18442
D11	23200001	24200000	23720
D11	24000001	25000000	19714
D11	24800001	25800000	19323
D11	25600001	26600000	24285
D11	26400001	27400000	22248
D11	27200001	28200000	19533
D11	28000001	29000000	24271
D11	28800001	29800000	25558
D11	29600001	30600000	22492
D11	30400001	31400000	21983
D11	31200001	32200000	18493
D11	32000001	33000000	20942
D11	32800001	33800000	18864
D11	33600001	34600000	20354
D11	34400001	35400000	16180
D11	35200001	36200000	13684
D11	36000001	37000000	14549
D11	36800001	37800000	16568
D11	37600001	38600000	18479
D11	38400001	39400000	19563
D11	39200001	40200000	13227
D11	40000001	41000000	13024
D11	40800001	41800000	14911
D11	41600001	42600000	17020
D11	42400001	43400000	21078
D11	43200001	44200000	20600
D11	44000001	45000000	22193
D11	44800001	45800000	23152
D11	45600001	46600000	21880
D11	46400001	47400000	21721
D11	47200001	48200000	17302
D11	48000001	49000000	17296
D11	48800001	49800000	19900
D11	49600001	50600000	19370
D11	50400001	51400000	17277
D11	51200001	52200000	18542
D11	52000001	53000000	16791
D11	52800001	53800000	17603
D11	53600001	54600000	16853
D11	54400001	55400000	18169
D11	55200001	56200000	16732
D11	56000001	57000000	20742
D11	56800001	57800000	18010
D11	57600001	58600000	11737
D11	58400001	59400000	10090
D11	59200001	60200000	7845
D11	60000001	61000000	9639
D11	60800001	61800000	10572
D11	61600001	62600000	12292
D11	62400001	63400000	9579
D11	63200001	64200000	12913
D11	64000001	65000000	8570
D11	64800001	65800000	8227
D11	65600001	66087774	3569
D12	1	1000000	16484
D12	800001	1800000	12771
D12	1600001	2600000	12826
D12	2400001	3400000	13532
D12	3200001	4200000	17358
D12	4000001	5000000	18748
D12	4800001	5800000	16181
D12	5600001	6600000	15498
D12	6400001	7400000	19291
D12	7200001	8200000	21765
D12	8000001	9000000	22614
D12	8800001	9800000	25792
D12	9600001	10600000	22966
D12	10400001	11400000	19843
D12	11200001	12200000	17970
D12	12000001	13000000	20864
D12	12800001	13800000	22778
D12	13600001	14600000	20917
D12	14400001	15400000	18221
D12	15200001	16200000	16872
D12	16000001	17000000	18808
D12	16800001	17800000	18906
D12	17600001	18600000	21239
D12	18400001	19400000	18189
D12	19200001	20200000	20590
D12	20000001	21000000	16528
D12	20800001	21800000	15219
D12	21600001	22600000	17538
D12	22400001	23400000	23512
D12	23200001	24200000	11334
D12	24000001	25000000	13762
D12	24800001	25800000	15712
D12	25600001	26600000	19772
D12	26400001	27400000	20468
D12	27200001	28200000	20204
D12	28000001	29000000	16137
D12	28800001	29800000	17061
D12	29600001	30600000	13738
D12	30400001	31400000	16410
D12	31200001	32200000	15968
D12	32000001	33000000	15394
D12	32800001	33800000	15581
D12	33600001	34600000	20388
D12	34400001	35400000	19673
D12	35200001	36200000	19633
D12	36000001	37000000	19736
D12	36800001	37800000	22059
D12	37600001	38600000	22842
D12	38400001	39400000	22883
D12	39200001	40200000	15630
D12	40000001	41000000	21615
D12	40800001	41800000	20584
D12	41600001	42600000	22005
D12	42400001	43400000	19066
D12	43200001	44200000	17378
D12	44000001	45000000	19349
D12	44800001	45800000	19349
D12	45600001	46600000	19011
D12	46400001	47400000	15629
D12	47200001	48200000	12402
D12	48000001	49000000	17748
D12	48800001	49800000	15189
D12	49600001	50600000	12414
D12	50400001	51400000	16287
D12	51200001	52200000	15780
D12	52000001	53000000	12758
D12	52800001	53800000	12662
D12	53600001	54600000	10599
D12	54400001	55400000	15474
D12	55200001	56200000	11150
D12	56000001	57000000	10868
D12	56800001	57800000	8090
D12	57600001	58600000	9203
D12	58400001	59109837	7560
D13	1	1000000	11930
D13	800001	1800000	12650
D13	1600001	2600000	13129
D13	2400001	3400000	13699
D13	3200001	4200000	17111
D13	4000001	5000000	17953
D13	4800001	5800000	15278
D13	5600001	6600000	19538
D13	6400001	7400000	22257
D13	7200001	8200000	22417
D13	8000001	9000000	21264
D13	8800001	9800000	21126
D13	9600001	10600000	22821
D13	10400001	11400000	16534
D13	11200001	12200000	20320
D13	12000001	13000000	20386
D13	12800001	13800000	21891
D13	13600001	14600000	23728
D13	14400001	15400000	17960
D13	15200001	16200000	20784
D13	16000001	17000000	15585
D13	16800001	17800000	15490
D13	17600001	18600000	23058
D13	18400001	19400000	17139
D13	19200001	20200000	18104
D13	20000001	21000000	16831
D13	20800001	21800000	16091
D13	21600001	22600000	18625
D13	22400001	23400000	13799
D13	23200001	24200000	9885
D13	24000001	25000000	15905
D13	24800001	25800000	13771
D13	25600001	26600000	10048
D13	26400001	27400000	13195
D13	27200001	28200000	21406
D13	28000001	29000000	14383
D13	28800001	29800000	23461
D13	29600001	30600000	19537
D13	30400001	31400000	16590
D13	31200001	32200000	15682
D13	32000001	33000000	19482
D13	32800001	33800000	21994
D13	33600001	34600000	18935
D13	34400001	35400000	20143
D13	35200001	36200000	21430
D13	36000001	37000000	22745
D13	36800001	37800000	20249
D13	37600001	38600000	17802
D13	38400001	39400000	16959
D13	39200001	40200000	17814
D13	40000001	41000000	18357
D13	40800001	41800000	19966
D13	41600001	42600000	20494
D13	42400001	43400000	18055
D13	43200001	44200000	18211
D13	44000001	45000000	22108
D13	44800001	45800000	21433
D13	45600001	46600000	18756
D13	46400001	47400000	23021
D13	47200001	48200000	17164
D13	48000001	49000000	21869
D13	48800001	49800000	21658
D13	49600001	50600000	19560
D13	50400001	51400000	17568
D13	51200001	52200000	22232
D13	52000001	53000000	17575
D13	52800001	53800000	15985
D13	53600001	54600000	18493
D13	54400001	55400000	15814
D13	55200001	56200000	18927
D13	56000001	57000000	13703
D13	56800001	57800000	8156
D13	57600001	58600000	9078
D13	58400001	59400000	11503
D13	59200001	60200000	13140
D13	60000001	60534298	5084
