A01	1	1000000	3548
A01	800001	1800000	4484
A01	1600001	2600000	4936
A01	2400001	3400000	9767
A01	3200001	4200000	7958
A01	4000001	5000000	10357
A01	4800001	5800000	11520
A01	5600001	6600000	11348
A01	6400001	7400000	11485
A01	7200001	8200000	9908
A01	8000001	9000000	17013
A01	8800001	9800000	17307
A01	9600001	10600000	16214
A01	10400001	11400000	14256
A01	11200001	12200000	11774
A01	12000001	13000000	12553
A01	12800001	13800000	12127
A01	13600001	14600000	11609
A01	14400001	15400000	20054
A01	15200001	16200000	18439
A01	16000001	17000000	16401
A01	16800001	17800000	16469
A01	17600001	18600000	14242
A01	18400001	19400000	12551
A01	19200001	20200000	12577
A01	20000001	21000000	17331
A01	20800001	21800000	16109
A01	21600001	22600000	18540
A01	22400001	23400000	15009
A01	23200001	24200000	15148
A01	24000001	25000000	16787
A01	24800001	25800000	18530
A01	25600001	26600000	17308
A01	26400001	27400000	15940
A01	27200001	28200000	13977
A01	28000001	29000000	15627
A01	28800001	29800000	21057
A01	29600001	30600000	16223
A01	30400001	31400000	15126
A01	31200001	32200000	19210
A01	32000001	33000000	17892
A01	32800001	33800000	14869
A01	33600001	34600000	16151
A01	34400001	35400000	12769
A01	35200001	36200000	12907
A01	36000001	37000000	13942
A01	36800001	37800000	14498
A01	37600001	38600000	15623
A01	38400001	39400000	13338
A01	39200001	40200000	15426
A01	40000001	41000000	18341
A01	40800001	41800000	16848
A01	41600001	42600000	12793
A01	42400001	43400000	12328
A01	43200001	44200000	16171
A01	44000001	45000000	18023
A01	44800001	45800000	15889
A01	45600001	46600000	15193
A01	46400001	47400000	12586
A01	47200001	48200000	17550
A01	48000001	49000000	16380
A01	48800001	49800000	14803
A01	49600001	50600000	15784
A01	50400001	51400000	15743
A01	51200001	52200000	13929
A01	52000001	53000000	14671
A01	52800001	53800000	18779
A01	53600001	54600000	18445
A01	54400001	55400000	18745
A01	55200001	56200000	17199
A01	56000001	57000000	14065
A01	56800001	57800000	12758
A01	57600001	58600000	15803
A01	58400001	59400000	15743
A01	59200001	60200000	16782
A01	60000001	61000000	16502
A01	60800001	61800000	17109
A01	61600001	62600000	15810
A01	62400001	63400000	12857
A01	63200001	64200000	15637
A01	64000001	65000000	16005
A01	64800001	65800000	12891
A01	65600001	66600000	13930
A01	66400001	67400000	11904
A01	67200001	68200000	11285
A01	68000001	69000000	16938
A01	68800001	69800000	19420
A01	69600001	70600000	13047
A01	70400001	71400000	18629
A01	71200001	72200000	16874
A01	72000001	73000000	15942
A01	72800001	73800000	15561
A01	73600001	74600000	13886
A01	74400001	75400000	18098
A01	75200001	76200000	12935
A01	76000001	77000000	16051
A01	76800001	77800000	16478
A01	77600001	78600000	15897
A01	78400001	79400000	17148
A01	79200001	80200000	13927
A01	80000001	81000000	14435
A01	80800001	81800000	14473
A01	81600001	82600000	14514
A01	82400001	83400000	15130
A01	83200001	84200000	12191
A01	84000001	85000000	14891
A01	84800001	85800000	17538
A01	85600001	86600000	17753
A01	86400001	87400000	16463
A01	87200001	88200000	15413
A01	88000001	89000000	15634
A01	88800001	89800000	19162
A01	89600001	90600000	14160
A01	90400001	91400000	11857
A01	91200001	92200000	14946
A01	92000001	93000000	15248
A01	92800001	93800000	14100
A01	93600001	94600000	12648
A01	94400001	95400000	12456
A01	95200001	96200000	10733
A01	96000001	97000000	14462
A01	96800001	97800000	12638
A01	97600001	98600000	6552
A01	98400001	99400000	4964
A01	99200001	99884700	4584
A02	1	1000000	3714
A02	800001	1800000	3452
A02	1600001	2600000	9125
A02	2400001	3400000	8186
A02	3200001	4200000	7112
A02	4000001	5000000	13854
A02	4800001	5800000	13713
A02	5600001	6600000	13832
A02	6400001	7400000	11407
A02	7200001	8200000	11940
A02	8000001	9000000	15015
A02	8800001	9800000	17527
A02	9600001	10600000	16904
A02	10400001	11400000	13911
A02	11200001	12200000	14256
A02	12000001	13000000	19904
A02	12800001	13800000	17611
A02	13600001	14600000	17009
A02	14400001	15400000	15581
A02	15200001	16200000	15208
A02	16000001	17000000	16869
A02	16800001	17800000	16355
A02	17600001	18600000	16596
A02	18400001	19400000	14611
A02	19200001	20200000	18867
A02	20000001	21000000	15252
A02	20800001	21800000	17565
A02	21600001	22600000	16955
A02	22400001	23400000	13576
A02	23200001	24200000	17820
A02	24000001	25000000	15116
A02	24800001	25800000	17448
A02	25600001	26600000	15336
A02	26400001	27400000	14290
A02	27200001	28200000	14717
A02	28000001	29000000	12910
A02	28800001	29800000	17511
A02	29600001	30600000	15755
A02	30400001	31400000	16797
A02	31200001	32200000	17418
A02	32000001	33000000	17539
A02	32800001	33800000	14499
A02	33600001	34600000	15794
A02	34400001	35400000	15180
A02	35200001	36200000	13422
A02	36000001	37000000	16768
A02	36800001	37800000	17273
A02	37600001	38600000	18348
A02	38400001	39400000	16921
A02	39200001	40200000	15477
A02	40000001	41000000	13550
A02	40800001	41800000	12823
A02	41600001	42600000	17192
A02	42400001	43400000	18935
A02	43200001	44200000	17017
A02	44000001	45000000	15935
A02	44800001	45800000	17126
A02	45600001	46600000	15930
A02	46400001	47400000	15834
A02	47200001	48200000	15476
A02	48000001	49000000	15155
A02	48800001	49800000	15072
A02	49600001	50600000	18594
A02	50400001	51400000	16564
A02	51200001	52200000	16647
A02	52000001	53000000	14052
A02	52800001	53800000	17464
A02	53600001	54600000	15627
A02	54400001	55400000	16380
A02	55200001	56200000	13637
A02	56000001	57000000	14664
A02	56800001	57800000	15461
A02	57600001	58600000	17542
A02	58400001	59400000	14683
A02	59200001	60200000	18680
A02	60000001	61000000	13997
A02	60800001	61800000	14661
A02	61600001	62600000	15309
A02	62400001	63400000	16783
A02	63200001	64200000	14178
A02	64000001	65000000	13533
A02	64800001	65800000	14462
A02	65600001	66600000	16338
A02	66400001	67400000	16356
A02	67200001	68200000	14418
A02	68000001	69000000	14842
A02	68800001	69800000	19793
A02	69600001	70600000	13486
A02	70400001	71400000	16452
A02	71200001	72200000	18428
A02	72000001	73000000	20615
A02	72800001	73800000	16956
A02	73600001	74600000	17412
A02	74400001	75400000	15829
A02	75200001	76200000	14328
A02	76000001	77000000	17341
A02	76800001	77800000	18311
A02	77600001	78600000	13981
A02	78400001	79400000	10151
A02	79200001	80200000	10552
A02	80000001	81000000	11023
A02	80800001	81800000	9547
A02	81600001	82600000	6712
A02	82400001	83400000	1849
A02	83200001	83447906	345
A03	1	1000000	9724
A03	800001	1800000	6502
A03	1600001	2600000	5582
A03	2400001	3400000	5629
A03	3200001	4200000	8291
A03	4000001	5000000	10259
A03	4800001	5800000	14948
A03	5600001	6600000	13177
A03	6400001	7400000	11072
A03	7200001	8200000	13868
A03	8000001	9000000	14759
A03	8800001	9800000	16193
A03	9600001	10600000	13552
A03	10400001	11400000	15150
A03	11200001	12200000	14054
A03	12000001	13000000	15209
A03	12800001	13800000	18342
A03	13600001	14600000	16252
A03	14400001	15400000	17170
A03	15200001	16200000	17928
A03	16000001	17000000	14376
A03	16800001	17800000	15814
A03	17600001	18600000	18838
A03	18400001	19400000	17706
A03	19200001	20200000	14721
A03	20000001	21000000	17716
A03	20800001	21800000	16082
A03	21600001	22600000	11809
A03	22400001	23400000	16060
A03	23200001	24200000	14157
A03	24000001	25000000	16107
A03	24800001	25800000	14523
A03	25600001	26600000	13133
A03	26400001	27400000	12361
A03	27200001	28200000	15307
A03	28000001	29000000	12866
A03	28800001	29800000	14354
A03	29600001	30600000	13546
A03	30400001	31400000	14383
A03	31200001	32200000	13011
A03	32000001	33000000	16092
A03	32800001	33800000	18722
A03	33600001	34600000	12240
A03	34400001	35400000	15747
A03	35200001	36200000	7430
A03	36000001	37000000	12624
A03	36800001	37800000	12031
A03	37600001	38600000	13621
A03	38400001	39400000	15651
A03	39200001	40200000	16751
A03	40000001	41000000	15063
A03	40800001	41800000	11549
A03	41600001	42600000	14183
A03	42400001	43400000	11379
A03	43200001	44200000	15800
A03	44000001	45000000	17322
A03	44800001	45800000	17982
A03	45600001	46600000	14611
A03	46400001	47400000	12034
A03	47200001	48200000	13823
A03	48000001	49000000	17522
A03	48800001	49800000	14993
A03	49600001	50600000	10533
A03	50400001	51400000	10491
A03	51200001	52200000	12591
A03	52000001	53000000	12908
A03	52800001	53800000	12295
A03	53600001	54600000	12485
A03	54400001	55400000	11830
A03	55200001	56200000	14178
A03	56000001	57000000	13641
A03	56800001	57800000	13443
A03	57600001	58600000	14896
A03	58400001	59400000	18235
A03	59200001	60200000	16813
A03	60000001	61000000	14268
A03	60800001	61800000	14713
A03	61600001	62600000	14165
A03	62400001	63400000	16042
A03	63200001	64200000	16320
A03	64000001	65000000	18480
A03	64800001	65800000	18352
A03	65600001	66600000	20616
A03	66400001	67400000	15683
A03	67200001	68200000	16391
A03	68000001	69000000	15567
A03	68800001	69800000	14200
A03	69600001	70600000	12933
A03	70400001	71400000	14760
A03	71200001	72200000	14900
A03	72000001	73000000	17315
A03	72800001	73800000	13597
A03	73600001	74600000	16477
A03	74400001	75400000	13462
A03	75200001	76200000	15111
A03	76000001	77000000	16122
A03	76800001	77800000	17715
A03	77600001	78600000	16833
A03	78400001	79400000	16802
A03	79200001	80200000	18280
A03	80000001	81000000	12057
A03	80800001	81800000	13817
A03	81600001	82600000	18144
A03	82400001	83400000	17353
A03	83200001	84200000	14053
A03	84000001	85000000	15178
A03	84800001	85800000	14364
A03	85600001	86600000	14823
A03	86400001	87400000	13625
A03	87200001	88200000	18388
A03	88000001	89000000	15085
A03	88800001	89800000	16015
A03	89600001	90600000	17204
A03	90400001	91400000	12830
A03	91200001	92200000	14694
A03	92000001	93000000	14770
A03	92800001	93800000	14710
A03	93600001	94600000	12040
A03	94400001	95400000	10531
A03	95200001	96200000	9899
A03	96000001	97000000	12884
A03	96800001	97800000	4777
A03	97600001	98600000	6446
A03	98400001	99400000	4368
A03	99200001	100200000	3201
A03	100000001	100263045	1101
A04	1	1000000	10567
A04	800001	1800000	7842
A04	1600001	2600000	9743
A04	2400001	3400000	12599
A04	3200001	4200000	9646
A04	4000001	5000000	8643
A04	4800001	5800000	15351
A04	5600001	6600000	13925
A04	6400001	7400000	12896
A04	7200001	8200000	15521
A04	8000001	9000000	16433
A04	8800001	9800000	16022
A04	9600001	10600000	17736
A04	10400001	11400000	14471
A04	11200001	12200000	14311
A04	12000001	13000000	15143
A04	12800001	13800000	14780
A04	13600001	14600000	15456
A04	14400001	15400000	18959
A04	15200001	16200000	16502
A04	16000001	17000000	16851
A04	16800001	17800000	15125
A04	17600001	18600000	14536
A04	18400001	19400000	15023
A04	19200001	20200000	14386
A04	20000001	21000000	16192
A04	20800001	21800000	12631
A04	21600001	22600000	15045
A04	22400001	23400000	10760
A04	23200001	24200000	14671
A04	24000001	25000000	15015
A04	24800001	25800000	15073
A04	25600001	26600000	15718
A04	26400001	27400000	15257
A04	27200001	28200000	18178
A04	28000001	29000000	13280
A04	28800001	29800000	12770
A04	29600001	30600000	16081
A04	30400001	31400000	15344
A04	31200001	32200000	14930
A04	32000001	33000000	14645
A04	32800001	33800000	10778
A04	33600001	34600000	12153
A04	34400001	35400000	15484
A04	35200001	36200000	16759
A04	36000001	37000000	15226
A04	36800001	37800000	16723
A04	37600001	38600000	15382
A04	38400001	39400000	17201
A04	39200001	40200000	15621
A04	40000001	41000000	18668
A04	40800001	41800000	14712
A04	41600001	42600000	12444
A04	42400001	43400000	12489
A04	43200001	44200000	15581
A04	44000001	45000000	17475
A04	44800001	45800000	15359
A04	45600001	46600000	17357
A04	46400001	47400000	14746
A04	47200001	48200000	18703
A04	48000001	49000000	16863
A04	48800001	49800000	16570
A04	49600001	50600000	15019
A04	50400001	51400000	18847
A04	51200001	52200000	17303
A04	52000001	53000000	15012
A04	52800001	53800000	14931
A04	53600001	54600000	12099
A04	54400001	55400000	15774
A04	55200001	56200000	12867
A04	56000001	57000000	15947
A04	56800001	57800000	14192
A04	57600001	58600000	16086
A04	58400001	59400000	11327
A04	59200001	60200000	11539
A04	60000001	61000000	7428
A04	60800001	61800000	8672
A04	61600001	62600000	4622
A04	62400001	62913772	1144
A05	1	1000000	5241
A05	800001	1800000	3094
A05	1600001	2600000	3464
A05	2400001	3400000	3384
A05	3200001	4200000	2501
A05	4000001	5000000	3685
A05	4800001	5800000	2363
A05	5600001	6600000	2753
A05	6400001	7400000	3959
A05	7200001	8200000	3344
A05	8000001	9000000	2412
A05	8800001	9800000	3268
A05	9600001	10600000	4007
A05	10400001	11400000	3418
A05	11200001	12200000	3167
A05	12000001	13000000	4661
A05	12800001	13800000	6432
A05	13600001	14600000	5345
A05	14400001	15400000	4335
A05	15200001	16200000	5100
A05	16000001	17000000	6646
A05	16800001	17800000	5307
A05	17600001	18600000	7194
A05	18400001	19400000	4161
A05	19200001	20200000	5672
A05	20000001	21000000	9337
A05	20800001	21800000	8320
A05	21600001	22600000	9951
A05	22400001	23400000	13707
A05	23200001	24200000	8982
A05	24000001	25000000	8699
A05	24800001	25800000	11614
A05	25600001	26600000	14133
A05	26400001	27400000	9750
A05	27200001	28200000	10857
A05	28000001	29000000	14973
A05	28800001	29800000	14433
A05	29600001	30600000	14469
A05	30400001	31400000	18361
A05	31200001	32200000	17146
A05	32000001	33000000	15356
A05	32800001	33800000	19831
A05	33600001	34600000	16957
A05	34400001	35400000	17271
A05	35200001	36200000	16838
A05	36000001	37000000	15720
A05	36800001	37800000	19020
A05	37600001	38600000	18713
A05	38400001	39400000	18129
A05	39200001	40200000	16731
A05	40000001	41000000	13689
A05	40800001	41800000	15014
A05	41600001	42600000	15075
A05	42400001	43400000	17465
A05	43200001	44200000	13965
A05	44000001	45000000	17252
A05	44800001	45800000	13721
A05	45600001	46600000	12954
A05	46400001	47400000	16421
A05	47200001	48200000	19191
A05	48000001	49000000	14273
A05	48800001	49800000	12809
A05	49600001	50600000	18171
A05	50400001	51400000	20922
A05	51200001	52200000	17835
A05	52000001	53000000	16894
A05	52800001	53800000	11735
A05	53600001	54600000	16829
A05	54400001	55400000	16365
A05	55200001	56200000	17903
A05	56000001	57000000	13617
A05	56800001	57800000	17249
A05	57600001	58600000	15641
A05	58400001	59400000	13438
A05	59200001	60200000	11475
A05	60000001	61000000	14476
A05	60800001	61800000	17457
A05	61600001	62600000	33346
A05	62400001	63400000	14901
A05	63200001	64200000	11208
A05	64000001	65000000	17350
A05	64800001	65800000	17973
A05	65600001	66600000	16285
A05	66400001	67400000	16451
A05	67200001	68200000	11895
A05	68000001	69000000	12931
A05	68800001	69800000	18890
A05	69600001	70600000	18500
A05	70400001	71400000	15469
A05	71200001	72200000	14382
A05	72000001	73000000	15427
A05	72800001	73800000	16269
A05	73600001	74600000	14512
A05	74400001	75400000	15651
A05	75200001	76200000	15282
A05	76000001	77000000	16611
A05	76800001	77800000	17092
A05	77600001	78600000	12882
A05	78400001	79400000	14988
A05	79200001	80200000	16488
A05	80000001	81000000	14682
A05	80800001	81800000	14292
A05	81600001	82600000	17174
A05	82400001	83400000	17460
A05	83200001	84200000	10695
A05	84000001	85000000	13753
A05	84800001	85800000	12675
A05	85600001	86600000	10259
A05	86400001	87400000	10565
A05	87200001	88200000	9250
A05	88000001	89000000	9067
A05	88800001	89800000	8440
A05	89600001	90600000	10183
A05	90400001	91400000	5064
A05	91200001	92200000	3374
A05	92000001	92047023	161
A06	1	1000000	4062
A06	800001	1800000	7330
A06	1600001	2600000	7771
A06	2400001	3400000	8029
A06	3200001	4200000	10761
A06	4000001	5000000	17986
A06	4800001	5800000	13570
A06	5600001	6600000	14975
A06	6400001	7400000	11881
A06	7200001	8200000	17381
A06	8000001	9000000	14813
A06	8800001	9800000	12784
A06	9600001	10600000	14361
A06	10400001	11400000	15160
A06	11200001	12200000	18702
A06	12000001	13000000	19067
A06	12800001	13800000	14589
A06	13600001	14600000	14164
A06	14400001	15400000	12075
A06	15200001	16200000	13934
A06	16000001	17000000	17823
A06	16800001	17800000	15367
A06	17600001	18600000	17673
A06	18400001	19400000	17763
A06	19200001	20200000	17959
A06	20000001	21000000	20213
A06	20800001	21800000	18280
A06	21600001	22600000	16052
A06	22400001	23400000	16316
A06	23200001	24200000	15392
A06	24000001	25000000	16164
A06	24800001	25800000	14901
A06	25600001	26600000	10974
A06	26400001	27400000	15750
A06	27200001	28200000	17476
A06	28000001	29000000	19248
A06	28800001	29800000	16830
A06	29600001	30600000	13169
A06	30400001	31400000	16972
A06	31200001	32200000	16891
A06	32000001	33000000	15234
A06	32800001	33800000	13956
A06	33600001	34600000	17491
A06	34400001	35400000	15122
A06	35200001	36200000	16653
A06	36000001	37000000	17562
A06	36800001	37800000	18042
A06	37600001	38600000	18646
A06	38400001	39400000	15552
A06	39200001	40200000	19935
A06	40000001	41000000	15572
A06	40800001	41800000	14694
A06	41600001	42600000	14848
A06	42400001	43400000	18140
A06	43200001	44200000	13313
A06	44000001	45000000	13118
A06	44800001	45800000	18114
A06	45600001	46600000	12461
A06	46400001	47400000	12252
A06	47200001	48200000	12395
A06	48000001	49000000	15052
A06	48800001	49800000	15957
A06	49600001	50600000	13440
A06	50400001	51400000	13260
A06	51200001	52200000	14875
A06	52000001	53000000	13700
A06	52800001	53800000	11579
A06	53600001	54600000	12950
A06	54400001	55400000	12882
A06	55200001	56200000	13041
A06	56000001	57000000	10926
A06	56800001	57800000	12396
A06	57600001	58600000	13301
A06	58400001	59400000	15095
A06	59200001	60200000	13512
A06	60000001	61000000	13741
A06	60800001	61800000	15151
A06	61600001	62600000	10985
A06	62400001	63400000	12761
A06	63200001	64200000	15429
A06	64000001	65000000	14098
A06	64800001	65800000	14014
A06	65600001	66600000	16842
A06	66400001	67400000	16755
A06	67200001	68200000	14739
A06	68000001	69000000	14731
A06	68800001	69800000	11398
A06	69600001	70600000	15303
A06	70400001	71400000	11699
A06	71200001	72200000	14314
A06	72000001	73000000	12833
A06	72800001	73800000	15229
A06	73600001	74600000	11288
A06	74400001	75400000	14811
A06	75200001	76200000	15558
A06	76000001	77000000	17588
A06	76800001	77800000	17431
A06	77600001	78600000	16415
A06	78400001	79400000	16983
A06	79200001	80200000	15365
A06	80000001	81000000	13901
A06	80800001	81800000	15482
A06	81600001	82600000	14513
A06	82400001	83400000	15411
A06	83200001	84200000	15150
A06	84000001	85000000	13337
A06	84800001	85800000	15056
A06	85600001	86600000	13358
A06	86400001	87400000	15209
A06	87200001	88200000	15458
A06	88000001	89000000	16865
A06	88800001	89800000	16965
A06	89600001	90600000	15934
A06	90400001	91400000	18848
A06	91200001	92200000	18428
A06	92000001	93000000	17312
A06	92800001	93800000	14819
A06	93600001	94600000	16875
A06	94400001	95400000	15050
A06	95200001	96200000	13852
A06	96000001	97000000	14789
A06	96800001	97800000	13222
A06	97600001	98600000	15085
A06	98400001	99400000	16382
A06	99200001	100200000	11458
A06	100000001	101000000	12110
A06	100800001	101800000	9532
A06	101600001	102600000	3831
A06	102400001	103170444	2477
A07	1	1000000	5373
A07	800001	1800000	3028
A07	1600001	2600000	3691
A07	2400001	3400000	6373
A07	3200001	4200000	6382
A07	4000001	5000000	3637
A07	4800001	5800000	7260
A07	5600001	6600000	7887
A07	6400001	7400000	13118
A07	7200001	8200000	10277
A07	8000001	9000000	8478
A07	8800001	9800000	12274
A07	9600001	10600000	17016
A07	10400001	11400000	19638
A07	11200001	12200000	16964
A07	12000001	13000000	15525
A07	12800001	13800000	15097
A07	13600001	14600000	12471
A07	14400001	15400000	18579
A07	15200001	16200000	16377
A07	16000001	17000000	12460
A07	16800001	17800000	15439
A07	17600001	18600000	11620
A07	18400001	19400000	16346
A07	19200001	20200000	16695
A07	20000001	21000000	15144
A07	20800001	21800000	17895
A07	21600001	22600000	18890
A07	22400001	23400000	13454
A07	23200001	24200000	16933
A07	24000001	25000000	18146
A07	24800001	25800000	14519
A07	25600001	26600000	13700
A07	26400001	27400000	15767
A07	27200001	28200000	21523
A07	28000001	29000000	15105
A07	28800001	29800000	14224
A07	29600001	30600000	18135
A07	30400001	31400000	15922
A07	31200001	32200000	14537
A07	32000001	33000000	15126
A07	32800001	33800000	17055
A07	33600001	34600000	13088
A07	34400001	35400000	12920
A07	35200001	36200000	15384
A07	36000001	37000000	13549
A07	36800001	37800000	15725
A07	37600001	38600000	18524
A07	38400001	39400000	19045
A07	39200001	40200000	15052
A07	40000001	41000000	19331
A07	40800001	41800000	17016
A07	41600001	42600000	14196
A07	42400001	43400000	11243
A07	43200001	44200000	12361
A07	44000001	45000000	17113
A07	44800001	45800000	18170
A07	45600001	46600000	16479
A07	46400001	47400000	12875
A07	47200001	48200000	15428
A07	48000001	49000000	14675
A07	48800001	49800000	11168
A07	49600001	50600000	13863
A07	50400001	51400000	13522
A07	51200001	52200000	17315
A07	52000001	53000000	17279
A07	52800001	53800000	15401
A07	53600001	54600000	13725
A07	54400001	55400000	16443
A07	55200001	56200000	16606
A07	56000001	57000000	14571
A07	56800001	57800000	14695
A07	57600001	58600000	16641
A07	58400001	59400000	14240
A07	59200001	60200000	11073
A07	60000001	61000000	16082
A07	60800001	61800000	17110
A07	61600001	62600000	17557
A07	62400001	63400000	15687
A07	63200001	64200000	15770
A07	64000001	65000000	16235
A07	64800001	65800000	16508
A07	65600001	66600000	18891
A07	66400001	67400000	15147
A07	67200001	68200000	17500
A07	68000001	69000000	26205
A07	68800001	69800000	19967
A07	69600001	70600000	14024
A07	70400001	71400000	15707
A07	71200001	72200000	13794
A07	72000001	73000000	12450
A07	72800001	73800000	8780
A07	73600001	74600000	11255
A07	74400001	75400000	8985
A07	75200001	76200000	11846
A07	76000001	77000000	8245
A07	76800001	77800000	8929
A07	77600001	78251018	6435
A08	1	1000000	3702
A08	800001	1800000	6128
A08	1600001	2600000	8294
A08	2400001	3400000	11197
A08	3200001	4200000	7472
A08	4000001	5000000	12577
A08	4800001	5800000	10350
A08	5600001	6600000	9903
A08	6400001	7400000	13011
A08	7200001	8200000	14155
A08	8000001	9000000	12552
A08	8800001	9800000	16736
A08	9600001	10600000	15098
A08	10400001	11400000	14531
A08	11200001	12200000	18864
A08	12000001	13000000	16117
A08	12800001	13800000	19005
A08	13600001	14600000	16408
A08	14400001	15400000	11849
A08	15200001	16200000	14093
A08	16000001	17000000	15404
A08	16800001	17800000	16946
A08	17600001	18600000	16739
A08	18400001	19400000	17878
A08	19200001	20200000	15292
A08	20000001	21000000	15088
A08	20800001	21800000	15782
A08	21600001	22600000	16411
A08	22400001	23400000	15660
A08	23200001	24200000	14265
A08	24000001	25000000	15109
A08	24800001	25800000	15347
A08	25600001	26600000	14978
A08	26400001	27400000	14515
A08	27200001	28200000	13102
A08	28000001	29000000	11122
A08	28800001	29800000	14480
A08	29600001	30600000	13961
A08	30400001	31400000	10768
A08	31200001	32200000	10484
A08	32000001	33000000	10974
A08	32800001	33800000	13168
A08	33600001	34600000	14964
A08	34400001	35400000	15408
A08	35200001	36200000	15275
A08	36000001	37000000	15085
A08	36800001	37800000	12889
A08	37600001	38600000	12762
A08	38400001	39400000	15111
A08	39200001	40200000	13234
A08	40000001	41000000	14874
A08	40800001	41800000	12063
A08	41600001	42600000	12772
A08	42400001	43400000	15173
A08	43200001	44200000	14280
A08	44000001	45000000	14924
A08	44800001	45800000	8362
A08	45600001	46600000	5884
A08	46400001	47400000	11142
A08	47200001	48200000	13729
A08	48000001	49000000	13819
A08	48800001	49800000	13736
A08	49600001	50600000	13507
A08	50400001	51400000	9712
A08	51200001	52200000	15778
A08	52000001	53000000	13826
A08	52800001	53800000	15951
A08	53600001	54600000	13002
A08	54400001	55400000	6676
A08	55200001	56200000	14641
A08	56000001	57000000	12047
A08	56800001	57800000	12696
A08	57600001	58600000	15906
A08	58400001	59400000	12657
A08	59200001	60200000	14862
A08	60000001	61000000	11921
A08	60800001	61800000	14269
A08	61600001	62600000	13098
A08	62400001	63400000	13218
A08	63200001	64200000	14576
A08	64000001	65000000	16274
A08	64800001	65800000	17596
A08	65600001	66600000	19263
A08	66400001	67400000	15727
A08	67200001	68200000	14674
A08	68000001	69000000	15274
A08	68800001	69800000	15549
A08	69600001	70600000	17665
A08	70400001	71400000	17059
A08	71200001	72200000	18047
A08	72000001	73000000	14610
A08	72800001	73800000	14196
A08	73600001	74600000	18043
A08	74400001	75400000	14007
A08	75200001	76200000	15831
A08	76000001	77000000	17145
A08	76800001	77800000	16649
A08	77600001	78600000	16109
A08	78400001	79400000	17797
A08	79200001	80200000	15755
A08	80000001	81000000	18334
A08	80800001	81800000	17312
A08	81600001	82600000	14594
A08	82400001	83400000	15069
A08	83200001	84200000	15216
A08	84000001	85000000	17618
A08	84800001	85800000	12675
A08	85600001	86600000	16409
A08	86400001	87400000	16869
A08	87200001	88200000	15632
A08	88000001	89000000	17194
A08	88800001	89800000	12945
A08	89600001	90600000	7487
A08	90400001	91400000	13384
A08	91200001	92200000	15804
A08	92000001	93000000	14877
A08	92800001	93800000	19192
A08	93600001	94600000	14562
A08	94400001	95400000	16177
A08	95200001	96200000	7641
A08	96000001	97000000	9462
A08	96800001	97800000	9168
A08	97600001	98600000	7866
A08	98400001	99400000	8165
A08	99200001	100200000	9713
A08	100000001	101000000	6431
A08	100800001	101800000	2490
A08	101600001	102600000	2719
A08	102400001	103400000	3147
A08	103200001	103626341	3080
A09	1	1000000	12255
A09	800001	1800000	12021
A09	1600001	2600000	11082
A09	2400001	3400000	9190
A09	3200001	4200000	12445
A09	4000001	5000000	14450
A09	4800001	5800000	14980
A09	5600001	6600000	12148
A09	6400001	7400000	14980
A09	7200001	8200000	14592
A09	8000001	9000000	16296
A09	8800001	9800000	14289
A09	9600001	10600000	15105
A09	10400001	11400000	15433
A09	11200001	12200000	15878
A09	12000001	13000000	14000
A09	12800001	13800000	17165
A09	13600001	14600000	13118
A09	14400001	15400000	13198
A09	15200001	16200000	14015
A09	16000001	17000000	12176
A09	16800001	17800000	15816
A09	17600001	18600000	15446
A09	18400001	19400000	13677
A09	19200001	20200000	16863
A09	20000001	21000000	15428
A09	20800001	21800000	12208
A09	21600001	22600000	13215
A09	22400001	23400000	16098
A09	23200001	24200000	12219
A09	24000001	25000000	14710
A09	24800001	25800000	9759
A09	25600001	26600000	13221
A09	26400001	27400000	14347
A09	27200001	28200000	13465
A09	28000001	29000000	13441
A09	28800001	29800000	12093
A09	29600001	30600000	13843
A09	30400001	31400000	17145
A09	31200001	32200000	15299
A09	32000001	33000000	13674
A09	32800001	33800000	14983
A09	33600001	34600000	17707
A09	34400001	35400000	15440
A09	35200001	36200000	12352
A09	36000001	37000000	14014
A09	36800001	37800000	17450
A09	37600001	38600000	15654
A09	38400001	39400000	15827
A09	39200001	40200000	16149
A09	40000001	41000000	17143
A09	40800001	41800000	16656
A09	41600001	42600000	19844
A09	42400001	43400000	16142
A09	43200001	44200000	20284
A09	44000001	45000000	18979
A09	44800001	45800000	15755
A09	45600001	46600000	16820
A09	46400001	47400000	17031
A09	47200001	48200000	13630
A09	48000001	49000000	12060
A09	48800001	49800000	16146
A09	49600001	50600000	15816
A09	50400001	51400000	19250
A09	51200001	52200000	17758
A09	52000001	53000000	11873
A09	52800001	53800000	13356
A09	53600001	54600000	17257
A09	54400001	55400000	10960
A09	55200001	56200000	8979
A09	56000001	57000000	15803
A09	56800001	57800000	13450
A09	57600001	58600000	11538
A09	58400001	59400000	10768
A09	59200001	60200000	10025
A09	60000001	61000000	8697
A09	60800001	61800000	11203
A09	61600001	62600000	13786
A09	62400001	63400000	9377
A09	63200001	64200000	11054
A09	64000001	65000000	8852
A09	64800001	65800000	7722
A09	65600001	66600000	10767
A09	66400001	67400000	9053
A09	67200001	68200000	5554
A09	68000001	69000000	5734
A09	68800001	69800000	3564
A09	69600001	70600000	3362
A09	70400001	71400000	4814
A09	71200001	72200000	4855
A09	72000001	73000000	3215
A09	72800001	73800000	2425
A09	73600001	74600000	5144
A09	74400001	74999931	1131
A10	1	1000000	4332
A10	800001	1800000	6541
A10	1600001	2600000	3007
A10	2400001	3400000	2949
A10	3200001	4200000	6312
A10	4000001	5000000	8414
A10	4800001	5800000	8659
A10	5600001	6600000	12267
A10	6400001	7400000	12664
A10	7200001	8200000	17459
A10	8000001	9000000	19583
A10	8800001	9800000	17291
A10	9600001	10600000	13803
A10	10400001	11400000	13365
A10	11200001	12200000	10715
A10	12000001	13000000	9353
A10	12800001	13800000	14494
A10	13600001	14600000	17118
A10	14400001	15400000	16232
A10	15200001	16200000	16105
A10	16000001	17000000	14806
A10	16800001	17800000	15800
A10	17600001	18600000	15417
A10	18400001	19400000	14905
A10	19200001	20200000	19582
A10	20000001	21000000	11934
A10	20800001	21800000	15586
A10	21600001	22600000	16112
A10	22400001	23400000	13785
A10	23200001	24200000	11426
A10	24000001	25000000	12176
A10	24800001	25800000	15777
A10	25600001	26600000	14916
A10	26400001	27400000	13823
A10	27200001	28200000	14284
A10	28000001	29000000	17055
A10	28800001	29800000	14137
A10	29600001	30600000	13625
A10	30400001	31400000	11797
A10	31200001	32200000	15253
A10	32000001	33000000	13478
A10	32800001	33800000	12192
A10	33600001	34600000	18185
A10	34400001	35400000	18997
A10	35200001	36200000	14458
A10	36000001	37000000	11050
A10	36800001	37800000	13011
A10	37600001	38600000	13795
A10	38400001	39400000	15149
A10	39200001	40200000	15353
A10	40000001	41000000	14741
A10	40800001	41800000	11180
A10	41600001	42600000	13291
A10	42400001	43400000	16521
A10	43200001	44200000	13918
A10	44000001	45000000	14195
A10	44800001	45800000	13623
A10	45600001	46600000	16429
A10	46400001	47400000	14244
A10	47200001	48200000	17285
A10	48000001	49000000	16681
A10	48800001	49800000	15726
A10	49600001	50600000	17762
A10	50400001	51400000	15845
A10	51200001	52200000	15198
A10	52000001	53000000	16628
A10	52800001	53800000	12889
A10	53600001	54600000	14194
A10	54400001	55400000	15262
A10	55200001	56200000	12645
A10	56000001	57000000	14625
A10	56800001	57800000	14551
A10	57600001	58600000	16965
A10	58400001	59400000	16287
A10	59200001	60200000	17718
A10	60000001	61000000	19954
A10	60800001	61800000	20016
A10	61600001	62600000	17792
A10	62400001	63400000	13515
A10	63200001	64200000	15863
A10	64000001	65000000	14488
A10	64800001	65800000	14988
A10	65600001	66600000	17378
A10	66400001	67400000	17433
A10	67200001	68200000	13681
A10	68000001	69000000	16984
A10	68800001	69800000	15679
A10	69600001	70600000	15923
A10	70400001	71400000	16133
A10	71200001	72200000	15513
A10	72000001	73000000	14234
A10	72800001	73800000	14216
A10	73600001	74600000	15836
A10	74400001	75400000	14779
A10	75200001	76200000	14771
A10	76000001	77000000	16111
A10	76800001	77800000	17006
A10	77600001	78600000	18883
A10	78400001	79400000	17041
A10	79200001	80200000	18435
A10	80000001	81000000	19295
A10	80800001	81800000	15374
A10	81600001	82600000	18540
A10	82400001	83400000	19889
A10	83200001	84200000	15905
A10	84000001	85000000	17647
A10	84800001	85800000	12567
A10	85600001	86600000	14839
A10	86400001	87400000	15217
A10	87200001	88200000	14305
A10	88000001	89000000	16428
A10	88800001	89800000	18799
A10	89600001	90600000	15375
A10	90400001	91400000	11962
A10	91200001	92200000	11690
A10	92000001	93000000	14927
A10	92800001	93800000	13895
A10	93600001	94600000	13994
A10	94400001	95400000	9362
A10	95200001	96200000	10762
A10	96000001	97000000	8516
A10	96800001	97800000	10350
A10	97600001	98600000	10815
A10	98400001	99400000	11702
A10	99200001	100200000	8271
A10	100000001	101000000	6681
A10	100800001	100866604	104
A11	1	1000000	6618
A11	800001	1800000	3708
A11	1600001	2600000	3678
A11	2400001	3400000	3312
A11	3200001	4200000	5072
A11	4000001	5000000	4936
A11	4800001	5800000	6285
A11	5600001	6600000	4869
A11	6400001	7400000	7170
A11	7200001	8200000	4532
A11	8000001	9000000	6107
A11	8800001	9800000	10116
A11	9600001	10600000	9947
A11	10400001	11400000	8541
A11	11200001	12200000	8237
A11	12000001	13000000	9808
A11	12800001	13800000	11576
A11	13600001	14600000	13544
A11	14400001	15400000	9953
A11	15200001	16200000	11218
A11	16000001	17000000	15939
A11	16800001	17800000	9651
A11	17600001	18600000	11714
A11	18400001	19400000	16897
A11	19200001	20200000	13933
A11	20000001	21000000	12556
A11	20800001	21800000	16533
A11	21600001	22600000	12240
A11	22400001	23400000	14614
A11	23200001	24200000	14898
A11	24000001	25000000	15923
A11	24800001	25800000	15479
A11	25600001	26600000	17117
A11	26400001	27400000	17637
A11	27200001	28200000	17052
A11	28000001	29000000	14924
A11	28800001	29800000	15582
A11	29600001	30600000	17412
A11	30400001	31400000	12958
A11	31200001	32200000	15779
A11	32000001	33000000	16646
A11	32800001	33800000	16553
A11	33600001	34600000	14938
A11	34400001	35400000	13242
A11	35200001	36200000	15274
A11	36000001	37000000	18324
A11	36800001	37800000	17551
A11	37600001	38600000	12964
A11	38400001	39400000	13065
A11	39200001	40200000	12154
A11	40000001	41000000	16966
A11	40800001	41800000	11640
A11	41600001	42600000	11368
A11	42400001	43400000	18030
A11	43200001	44200000	17458
A11	44000001	45000000	13626
A11	44800001	45800000	11303
A11	45600001	46600000	16593
A11	46400001	47400000	15396
A11	47200001	48200000	15154
A11	48000001	49000000	11420
A11	48800001	49800000	15498
A11	49600001	50600000	15053
A11	50400001	51400000	15192
A11	51200001	52200000	14849
A11	52000001	53000000	18248
A11	52800001	53800000	16779
A11	53600001	54600000	15060
A11	54400001	55400000	12123
A11	55200001	56200000	12849
A11	56000001	57000000	15651
A11	56800001	57800000	14042
A11	57600001	58600000	15015
A11	58400001	59400000	13683
A11	59200001	60200000	14395
A11	60000001	61000000	19315
A11	60800001	61800000	14555
A11	61600001	62600000	15437
A11	62400001	63400000	17853
A11	63200001	64200000	17160
A11	64000001	65000000	15787
A11	64800001	65800000	17025
A11	65600001	66600000	15182
A11	66400001	67400000	13366
A11	67200001	68200000	16561
A11	68000001	69000000	18778
A11	68800001	69800000	18422
A11	69600001	70600000	13727
A11	70400001	71400000	17575
A11	71200001	72200000	14097
A11	72000001	73000000	16073
A11	72800001	73800000	16305
A11	73600001	74600000	12731
A11	74400001	75400000	14363
A11	75200001	76200000	14913
A11	76000001	77000000	12733
A11	76800001	77800000	14536
A11	77600001	78600000	16604
A11	78400001	79400000	16001
A11	79200001	80200000	16523
A11	80000001	81000000	14168
A11	80800001	81800000	11756
A11	81600001	82600000	13698
A11	82400001	83400000	10677
A11	83200001	84200000	8691
A11	84000001	85000000	12994
A11	84800001	85800000	13159
A11	85600001	86600000	14636
A11	86400001	87400000	13576
A11	87200001	88200000	11231
A11	88000001	89000000	6725
A11	88800001	89800000	9729
A11	89600001	90600000	9228
A11	90400001	91400000	9514
A11	91200001	92200000	10319
A11	92000001	93000000	7615
A11	92800001	93316192	1299
A12	1	1000000	7540
A12	800001	1800000	8939
A12	1600001	2600000	8497
A12	2400001	3400000	10084
A12	3200001	4200000	11073
A12	4000001	5000000	13813
A12	4800001	5800000	16542
A12	5600001	6600000	14568
A12	6400001	7400000	11773
A12	7200001	8200000	15756
A12	8000001	9000000	12889
A12	8800001	9800000	14899
A12	9600001	10600000	10146
A12	10400001	11400000	15754
A12	11200001	12200000	19277
A12	12000001	13000000	16307
A12	12800001	13800000	13728
A12	13600001	14600000	14970
A12	14400001	15400000	15755
A12	15200001	16200000	17230
A12	16000001	17000000	17020
A12	16800001	17800000	16398
A12	17600001	18600000	18252
A12	18400001	19400000	21241
A12	19200001	20200000	16140
A12	20000001	21000000	18134
A12	20800001	21800000	19246
A12	21600001	22600000	16348
A12	22400001	23400000	16943
A12	23200001	24200000	16467
A12	24000001	25000000	12729
A12	24800001	25800000	12792
A12	25600001	26600000	12335
A12	26400001	27400000	16804
A12	27200001	28200000	16331
A12	28000001	29000000	17466
A12	28800001	29800000	18246
A12	29600001	30600000	17428
A12	30400001	31400000	12509
A12	31200001	32200000	11434
A12	32000001	33000000	14647
A12	32800001	33800000	13742
A12	33600001	34600000	12933
A12	34400001	35400000	12424
A12	35200001	36200000	11307
A12	36000001	37000000	11902
A12	36800001	37800000	12827
A12	37600001	38600000	17902
A12	38400001	39400000	15865
A12	39200001	40200000	17084
A12	40000001	41000000	16445
A12	40800001	41800000	17076
A12	41600001	42600000	16571
A12	42400001	43400000	14165
A12	43200001	44200000	13978
A12	44000001	45000000	14798
A12	44800001	45800000	16045
A12	45600001	46600000	15628
A12	46400001	47400000	12970
A12	47200001	48200000	15953
A12	48000001	49000000	13290
A12	48800001	49800000	17477
A12	49600001	50600000	11771
A12	50400001	51400000	18704
A12	51200001	52200000	15058
A12	52000001	53000000	15702
A12	52800001	53800000	16341
A12	53600001	54600000	17132
A12	54400001	55400000	18457
A12	55200001	56200000	16737
A12	56000001	57000000	17647
A12	56800001	57800000	15766
A12	57600001	58600000	15021
A12	58400001	59400000	15879
A12	59200001	60200000	13942
A12	60000001	61000000	12390
A12	60800001	61800000	12444
A12	61600001	62600000	18017
A12	62400001	63400000	17621
A12	63200001	64200000	14492
A12	64000001	65000000	12153
A12	64800001	65800000	12871
A12	65600001	66600000	10683
A12	66400001	67400000	14947
A12	67200001	68200000	16737
A12	68000001	69000000	15662
A12	68800001	69800000	13314
A12	69600001	70600000	17145
A12	70400001	71400000	16410
A12	71200001	72200000	16594
A12	72000001	73000000	13491
A12	72800001	73800000	12772
A12	73600001	74600000	10587
A12	74400001	75400000	13920
A12	75200001	76200000	15509
A12	76000001	77000000	12644
A12	76800001	77800000	12481
A12	77600001	78600000	9401
A12	78400001	79400000	10026
A12	79200001	80200000	11098
A12	80000001	81000000	7887
A12	80800001	81800000	5557
A12	81600001	82600000	7472
A12	82400001	83400000	6576
A12	83200001	84200000	4234
A12	84000001	85000000	3494
A12	84800001	85800000	2968
A12	85600001	86600000	3309
A12	86400001	87400000	3040
A12	87200001	87484866	774
A13	1	1000000	9078
A13	800001	1800000	9022
A13	1600001	2600000	9103
A13	2400001	3400000	6942
A13	3200001	4200000	6983
A13	4000001	5000000	10932
A13	4800001	5800000	10656
A13	5600001	6600000	15439
A13	6400001	7400000	15810
A13	7200001	8200000	14716
A13	8000001	9000000	17555
A13	8800001	9800000	16050
A13	9600001	10600000	16558
A13	10400001	11400000	11047
A13	11200001	12200000	15050
A13	12000001	13000000	17092
A13	12800001	13800000	15696
A13	13600001	14600000	14742
A13	14400001	15400000	20056
A13	15200001	16200000	15600
A13	16000001	17000000	13647
A13	16800001	17800000	15642
A13	17600001	18600000	15051
A13	18400001	19400000	17943
A13	19200001	20200000	14286
A13	20000001	21000000	15036
A13	20800001	21800000	15163
A13	21600001	22600000	15024
A13	22400001	23400000	16413
A13	23200001	24200000	15584
A13	24000001	25000000	13337
A13	24800001	25800000	15245
A13	25600001	26600000	15879
A13	26400001	27400000	16523
A13	27200001	28200000	14833
A13	28000001	29000000	13971
A13	28800001	29800000	15431
A13	29600001	30600000	15196
A13	30400001	31400000	15401
A13	31200001	32200000	17765
A13	32000001	33000000	12445
A13	32800001	33800000	15371
A13	33600001	34600000	10645
A13	34400001	35400000	11022
A13	35200001	36200000	15017
A13	36000001	37000000	15119
A13	36800001	37800000	15604
A13	37600001	38600000	17596
A13	38400001	39400000	16602
A13	39200001	40200000	15985
A13	40000001	41000000	17279
A13	40800001	41800000	18685
A13	41600001	42600000	14604
A13	42400001	43400000	15092
A13	43200001	44200000	17511
A13	44000001	45000000	15326
A13	44800001	45800000	17313
A13	45600001	46600000	18173
A13	46400001	47400000	18575
A13	47200001	48200000	17040
A13	48000001	49000000	16086
A13	48800001	49800000	16667
A13	49600001	50600000	13676
A13	50400001	51400000	14154
A13	51200001	52200000	12241
A13	52000001	53000000	16285
A13	52800001	53800000	16619
A13	53600001	54600000	19492
A13	54400001	55400000	16634
A13	55200001	56200000	21537
A13	56000001	57000000	17086
A13	56800001	57800000	18629
A13	57600001	58600000	18221
A13	58400001	59400000	17777
A13	59200001	60200000	13656
A13	60000001	61000000	13240
A13	60800001	61800000	12229
A13	61600001	62600000	18734
A13	62400001	63400000	17655
A13	63200001	64200000	13026
A13	64000001	65000000	13550
A13	64800001	65800000	13104
A13	65600001	66600000	15282
A13	66400001	67400000	14452
A13	67200001	68200000	13996
A13	68000001	69000000	13783
A13	68800001	69800000	20626
A13	69600001	70600000	17960
A13	70400001	71400000	15265
A13	71200001	72200000	16519
A13	72000001	73000000	14689
A13	72800001	73800000	8399
A13	73600001	74600000	12894
A13	74400001	75400000	7982
A13	75200001	76200000	7004
A13	76000001	77000000	6036
A13	76800001	77800000	11449
A13	77600001	78600000	4792
A13	78400001	79400000	2234
A13	79200001	79961121	2679
D01	1	1000000	4364
D01	800001	1800000	4967
D01	1600001	2600000	6151
D01	2400001	3400000	8682
D01	3200001	4200000	8203
D01	4000001	5000000	8553
D01	4800001	5800000	8081
D01	5600001	6600000	12675
D01	6400001	7400000	14725
D01	7200001	8200000	13174
D01	8000001	9000000	10338
D01	8800001	9800000	10915
D01	9600001	10600000	10971
D01	10400001	11400000	13567
D01	11200001	12200000	17149
D01	12000001	13000000	15437
D01	12800001	13800000	14013
D01	13600001	14600000	10672
D01	14400001	15400000	13952
D01	15200001	16200000	13515
D01	16000001	17000000	16220
D01	16800001	17800000	15639
D01	17600001	18600000	15457
D01	18400001	19400000	16331
D01	19200001	20200000	16500
D01	20000001	21000000	16604
D01	20800001	21800000	15298
D01	21600001	22600000	16188
D01	22400001	23400000	15087
D01	23200001	24200000	16695
D01	24000001	25000000	14717
D01	24800001	25800000	13825
D01	25600001	26600000	13614
D01	26400001	27400000	13595
D01	27200001	28200000	12417
D01	28000001	29000000	14053
D01	28800001	29800000	15245
D01	29600001	30600000	15255
D01	30400001	31400000	16528
D01	31200001	32200000	14681
D01	32000001	33000000	13855
D01	32800001	33800000	10663
D01	33600001	34600000	12681
D01	34400001	35400000	12056
D01	35200001	36200000	14797
D01	36000001	37000000	11355
D01	36800001	37800000	11519
D01	37600001	38600000	15712
D01	38400001	39400000	15749
D01	39200001	40200000	15498
D01	40000001	41000000	12408
D01	40800001	41800000	13944
D01	41600001	42600000	12469
D01	42400001	43400000	16432
D01	43200001	44200000	16000
D01	44000001	45000000	16690
D01	44800001	45800000	16841
D01	45600001	46600000	12786
D01	46400001	47400000	13120
D01	47200001	48200000	14716
D01	48000001	49000000	17088
D01	48800001	49800000	15199
D01	49600001	50600000	12489
D01	50400001	51400000	14913
D01	51200001	52200000	14282
D01	52000001	53000000	14623
D01	52800001	53800000	12591
D01	53600001	54600000	13793
D01	54400001	55400000	13538
D01	55200001	56200000	12878
D01	56000001	57000000	12360
D01	56800001	57800000	9042
D01	57600001	58600000	9844
D01	58400001	59400000	9764
D01	59200001	60200000	8212
D01	60000001	61000000	5069
D01	60800001	61456009	2215
D02	1	1000000	3971
D02	800001	1800000	4635
D02	1600001	2600000	8247
D02	2400001	3400000	6449
D02	3200001	4200000	5972
D02	4000001	5000000	5070
D02	4800001	5800000	8480
D02	5600001	6600000	8731
D02	6400001	7400000	6489
D02	7200001	8200000	10941
D02	8000001	9000000	10287
D02	8800001	9800000	13792
D02	9600001	10600000	11798
D02	10400001	11400000	12847
D02	11200001	12200000	13563
D02	12000001	13000000	13332
D02	12800001	13800000	11752
D02	13600001	14600000	14079
D02	14400001	15400000	15595
D02	15200001	16200000	15185
D02	16000001	17000000	11851
D02	16800001	17800000	13680
D02	17600001	18600000	15522
D02	18400001	19400000	15302
D02	19200001	20200000	12330
D02	20000001	21000000	12959
D02	20800001	21800000	13939
D02	21600001	22600000	16272
D02	22400001	23400000	16319
D02	23200001	24200000	12646
D02	24000001	25000000	13737
D02	24800001	25800000	14402
D02	25600001	26600000	16295
D02	26400001	27400000	15426
D02	27200001	28200000	12120
D02	28000001	29000000	14093
D02	28800001	29800000	12016
D02	29600001	30600000	11519
D02	30400001	31400000	12555
D02	31200001	32200000	12662
D02	32000001	33000000	13273
D02	32800001	33800000	13315
D02	33600001	34600000	13360
D02	34400001	35400000	15541
D02	35200001	36200000	15160
D02	36000001	37000000	11503
D02	36800001	37800000	14860
D02	37600001	38600000	12766
D02	38400001	39400000	16114
D02	39200001	40200000	15785
D02	40000001	41000000	17354
D02	40800001	41800000	15862
D02	41600001	42600000	12279
D02	42400001	43400000	14713
D02	43200001	44200000	15212
D02	44000001	45000000	16924
D02	44800001	45800000	17219
D02	45600001	46600000	15695
D02	46400001	47400000	13951
D02	47200001	48200000	16128
D02	48000001	49000000	16096
D02	48800001	49800000	16296
D02	49600001	50600000	13010
D02	50400001	51400000	16408
D02	51200001	52200000	17047
D02	52000001	53000000	13515
D02	52800001	53800000	13439
D02	53600001	54600000	15961
D02	54400001	55400000	17036
D02	55200001	56200000	15818
D02	56000001	57000000	12291
D02	56800001	57800000	12588
D02	57600001	58600000	11217
D02	58400001	59400000	13425
D02	59200001	60200000	14092
D02	60000001	61000000	11172
D02	60800001	61800000	13152
D02	61600001	62600000	12175
D02	62400001	63400000	10051
D02	63200001	64200000	4791
D02	64000001	65000000	6919
D02	64800001	65800000	4695
D02	65600001	66600000	4519
D02	66400001	67400000	2660
D02	67200001	67284553	574
D03	1	1000000	4138
D03	800001	1800000	6480
D03	1600001	2600000	8649
D03	2400001	3400000	8488
D03	3200001	4200000	10114
D03	4000001	5000000	13396
D03	4800001	5800000	12820
D03	5600001	6600000	13552
D03	6400001	7400000	15901
D03	7200001	8200000	16187
D03	8000001	9000000	17285
D03	8800001	9800000	16604
D03	9600001	10600000	13464
D03	10400001	11400000	13663
D03	11200001	12200000	15441
D03	12000001	13000000	16344
D03	12800001	13800000	13079
D03	13600001	14600000	11184
D03	14400001	15400000	12910
D03	15200001	16200000	15961
D03	16000001	17000000	14337
D03	16800001	17800000	13956
D03	17600001	18600000	13778
D03	18400001	19400000	11796
D03	19200001	20200000	11529
D03	20000001	21000000	13296
D03	20800001	21800000	12761
D03	21600001	22600000	13527
D03	22400001	23400000	12430
D03	23200001	24200000	13524
D03	24000001	25000000	16389
D03	24800001	25800000	15640
D03	25600001	26600000	15394
D03	26400001	27400000	14783
D03	27200001	28200000	14069
D03	28000001	29000000	13983
D03	28800001	29800000	15702
D03	29600001	30600000	13771
D03	30400001	31400000	14022
D03	31200001	32200000	16579
D03	32000001	33000000	16685
D03	32800001	33800000	16112
D03	33600001	34600000	14411
D03	34400001	35400000	13393
D03	35200001	36200000	13030
D03	36000001	37000000	13979
D03	36800001	37800000	13023
D03	37600001	38600000	11235
D03	38400001	39400000	10277
D03	39200001	40200000	13144
D03	40000001	41000000	10802
D03	40800001	41800000	8795
D03	41600001	42600000	9201
D03	42400001	43400000	6246
D03	43200001	44200000	6379
D03	44000001	45000000	7852
D03	44800001	45800000	7116
D03	45600001	46600000	4842
D03	46400001	46690656	574
D04	1	1000000	6162
D04	800001	1800000	6976
D04	1600001	2600000	6426
D04	2400001	3400000	5901
D04	3200001	4200000	8500
D04	4000001	5000000	7141
D04	4800001	5800000	9962
D04	5600001	6600000	9107
D04	6400001	7400000	12874
D04	7200001	8200000	14438
D04	8000001	9000000	12186
D04	8800001	9800000	11052
D04	9600001	10600000	11997
D04	10400001	11400000	13515
D04	11200001	12200000	14005
D04	12000001	13000000	16537
D04	12800001	13800000	14753
D04	13600001	14600000	14911
D04	14400001	15400000	14053
D04	15200001	16200000	15063
D04	16000001	17000000	14785
D04	16800001	17800000	12313
D04	17600001	18600000	14539
D04	18400001	19400000	14650
D04	19200001	20200000	12475
D04	20000001	21000000	12409
D04	20800001	21800000	9894
D04	21600001	22600000	13920
D04	22400001	23400000	12371
D04	23200001	24200000	16489
D04	24000001	25000000	15474
D04	24800001	25800000	14696
D04	25600001	26600000	13638
D04	26400001	27400000	12446
D04	27200001	28200000	10437
D04	28000001	29000000	14031
D04	28800001	29800000	14903
D04	29600001	30600000	18226
D04	30400001	31400000	16105
D04	31200001	32200000	16314
D04	32000001	33000000	15570
D04	32800001	33800000	15300
D04	33600001	34600000	15907
D04	34400001	35400000	14664
D04	35200001	36200000	15779
D04	36000001	37000000	15436
D04	36800001	37800000	12501
D04	37600001	38600000	14573
D04	38400001	39400000	16586
D04	39200001	40200000	16423
D04	40000001	41000000	14048
D04	40800001	41800000	15536
D04	41600001	42600000	12470
D04	42400001	43400000	12775
D04	43200001	44200000	13495
D04	44000001	45000000	8879
D04	44800001	45800000	13725
D04	45600001	46600000	12864
D04	46400001	47400000	7992
D04	47200001	48200000	7261
D04	48000001	49000000	5266
D04	48800001	49800000	6874
D04	49600001	50600000	5340
D04	50400001	51400000	5711
D04	51200001	51454130	924
D05	1	1000000	3779
D05	800001	1800000	3350
D05	1600001	2600000	3378
D05	2400001	3400000	2294
D05	3200001	4200000	3255
D05	4000001	5000000	3157
D05	4800001	5800000	3417
D05	5600001	6600000	3932
D05	6400001	7400000	2566
D05	7200001	8200000	3545
D05	8000001	9000000	2978
D05	8800001	9800000	3176
D05	9600001	10600000	3582
D05	10400001	11400000	2684
D05	11200001	12200000	2316
D05	12000001	13000000	2710
D05	12800001	13800000	4582
D05	13600001	14600000	5572
D05	14400001	15400000	4686
D05	15200001	16200000	4141
D05	16000001	17000000	3841
D05	16800001	17800000	3444
D05	17600001	18600000	4814
D05	18400001	19400000	4503
D05	19200001	20200000	6171
D05	20000001	21000000	8141
D05	20800001	21800000	4622
D05	21600001	22600000	7024
D05	22400001	23400000	7996
D05	23200001	24200000	6508
D05	24000001	25000000	7693
D05	24800001	25800000	8412
D05	25600001	26600000	7734
D05	26400001	27400000	8728
D05	27200001	28200000	9155
D05	28000001	29000000	11238
D05	28800001	29800000	12275
D05	29600001	30600000	14396
D05	30400001	31400000	14651
D05	31200001	32200000	10173
D05	32000001	33000000	11458
D05	32800001	33800000	12540
D05	33600001	34600000	16201
D05	34400001	35400000	15649
D05	35200001	36200000	15365
D05	36000001	37000000	13380
D05	36800001	37800000	13368
D05	37600001	38600000	13656
D05	38400001	39400000	13692
D05	39200001	40200000	10268
D05	40000001	41000000	11861
D05	40800001	41800000	15011
D05	41600001	42600000	16718
D05	42400001	43400000	14555
D05	43200001	44200000	15023
D05	44000001	45000000	14929
D05	44800001	45800000	15811
D05	45600001	46600000	25779
D05	46400001	47400000	25293
D05	47200001	48200000	13626
D05	48000001	49000000	12448
D05	48800001	49800000	13990
D05	49600001	50600000	13792
D05	50400001	51400000	11111
D05	51200001	52200000	16431
D05	52000001	53000000	12532
D05	52800001	53800000	7914
D05	53600001	54600000	11335
D05	54400001	55400000	12495
D05	55200001	56200000	11013
D05	56000001	57000000	15683
D05	56800001	57800000	10758
D05	57600001	58600000	13381
D05	58400001	59400000	14113
D05	59200001	60200000	5559
D05	60000001	61000000	10175
D05	60800001	61800000	10510
D05	61600001	61933047	1600
D06	1	1000000	5516
D06	800001	1800000	5432
D06	1600001	2600000	3535
D06	2400001	3400000	3969
D06	3200001	4200000	13029
D06	4000001	5000000	17428
D06	4800001	5800000	10325
D06	5600001	6600000	10212
D06	6400001	7400000	13930
D06	7200001	8200000	13292
D06	8000001	9000000	9774
D06	8800001	9800000	12194
D06	9600001	10600000	13390
D06	10400001	11400000	12366
D06	11200001	12200000	14398
D06	12000001	13000000	13498
D06	12800001	13800000	13944
D06	13600001	14600000	14897
D06	14400001	15400000	14914
D06	15200001	16200000	16462
D06	16000001	17000000	13743
D06	16800001	17800000	12770
D06	17600001	18600000	15876
D06	18400001	19400000	14669
D06	19200001	20200000	12423
D06	20000001	21000000	13599
D06	20800001	21800000	13666
D06	21600001	22600000	13858
D06	22400001	23400000	14692
D06	23200001	24200000	10903
D06	24000001	25000000	14924
D06	24800001	25800000	14313
D06	25600001	26600000	16374
D06	26400001	27400000	12648
D06	27200001	28200000	12782
D06	28000001	29000000	12951
D06	28800001	29800000	13512
D06	29600001	30600000	15819
D06	30400001	31400000	14303
D06	31200001	32200000	14337
D06	32000001	33000000	12122
D06	32800001	33800000	11475
D06	33600001	34600000	11911
D06	34400001	35400000	9550
D06	35200001	36200000	13268
D06	36000001	37000000	15880
D06	36800001	37800000	13132
D06	37600001	38600000	10812
D06	38400001	39400000	11332
D06	39200001	40200000	16608
D06	40000001	41000000	12033
D06	40800001	41800000	15324
D06	41600001	42600000	15257
D06	42400001	43400000	14195
D06	43200001	44200000	14722
D06	44000001	45000000	14586
D06	44800001	45800000	14441
D06	45600001	46600000	14854
D06	46400001	47400000	15555
D06	47200001	48200000	15583
D06	48000001	49000000	14836
D06	48800001	49800000	15534
D06	49600001	50600000	14789
D06	50400001	51400000	12514
D06	51200001	52200000	14134
D06	52000001	53000000	15077
D06	52800001	53800000	13779
D06	53600001	54600000	12284
D06	54400001	55400000	13454
D06	55200001	56200000	11205
D06	56000001	57000000	11994
D06	56800001	57800000	11249
D06	57600001	58600000	12053
D06	58400001	59400000	9946
D06	59200001	60200000	8020
D06	60000001	61000000	9350
D06	60800001	61800000	9963
D06	61600001	62600000	9491
D06	62400001	63400000	6671
D06	63200001	64200000	4876
D06	64000001	64294643	775
D07	1	1000000	4334
D07	800001	1800000	3059
D07	1600001	2600000	4636
D07	2400001	3400000	4493
D07	3200001	4200000	6022
D07	4000001	5000000	5185
D07	4800001	5800000	7729
D07	5600001	6600000	7127
D07	6400001	7400000	8598
D07	7200001	8200000	7150
D07	8000001	9000000	9189
D07	8800001	9800000	10393
D07	9600001	10600000	11420
D07	10400001	11400000	8400
D07	11200001	12200000	12275
D07	12000001	13000000	14020
D07	12800001	13800000	14066
D07	13600001	14600000	16018
D07	14400001	15400000	10849
D07	15200001	16200000	12510
D07	16000001	17000000	13604
D07	16800001	17800000	14252
D07	17600001	18600000	14345
D07	18400001	19400000	10375
D07	19200001	20200000	10348
D07	20000001	21000000	13933
D07	20800001	21800000	13525
D07	21600001	22600000	14033
D07	22400001	23400000	15345
D07	23200001	24200000	15130
D07	24000001	25000000	14087
D07	24800001	25800000	14535
D07	25600001	26600000	14911
D07	26400001	27400000	13996
D07	27200001	28200000	13111
D07	28000001	29000000	18884
D07	28800001	29800000	14737
D07	29600001	30600000	15557
D07	30400001	31400000	14576
D07	31200001	32200000	13058
D07	32000001	33000000	12799
D07	32800001	33800000	13022
D07	33600001	34600000	12841
D07	34400001	35400000	13758
D07	35200001	36200000	12176
D07	36000001	37000000	12471
D07	36800001	37800000	13310
D07	37600001	38600000	12810
D07	38400001	39400000	10037
D07	39200001	40200000	10137
D07	40000001	41000000	14651
D07	40800001	41800000	15710
D07	41600001	42600000	11557
D07	42400001	43400000	12320
D07	43200001	44200000	15139
D07	44000001	45000000	11263
D07	44800001	45800000	11589
D07	45600001	46600000	12079
D07	46400001	47400000	15923
D07	47200001	48200000	14861
D07	48000001	49000000	12572
D07	48800001	49800000	10338
D07	49600001	50600000	7387
D07	50400001	51400000	10163
D07	51200001	52200000	6081
D07	52000001	53000000	7968
D07	52800001	53800000	8932
D07	53600001	54600000	7221
D07	54400001	55400000	7705
D07	55200001	55312611	1749
D08	1	1000000	5627
D08	800001	1800000	4276
D08	1600001	2600000	5870
D08	2400001	3400000	6743
D08	3200001	4200000	7339
D08	4000001	5000000	8327
D08	4800001	5800000	7691
D08	5600001	6600000	11106
D08	6400001	7400000	12784
D08	7200001	8200000	12487
D08	8000001	9000000	13300
D08	8800001	9800000	12628
D08	9600001	10600000	13061
D08	10400001	11400000	15718
D08	11200001	12200000	14287
D08	12000001	13000000	15083
D08	12800001	13800000	17334
D08	13600001	14600000	17417
D08	14400001	15400000	15997
D08	15200001	16200000	20688
D08	16000001	17000000	14741
D08	16800001	17800000	15557
D08	17600001	18600000	14695
D08	18400001	19400000	14573
D08	19200001	20200000	15064
D08	20000001	21000000	13147
D08	20800001	21800000	11854
D08	21600001	22600000	14148
D08	22400001	23400000	12349
D08	23200001	24200000	13280
D08	24000001	25000000	13021
D08	24800001	25800000	12142
D08	25600001	26600000	7949
D08	26400001	27400000	10862
D08	27200001	28200000	10717
D08	28000001	29000000	9998
D08	28800001	29800000	12328
D08	29600001	30600000	13038
D08	30400001	31400000	14250
D08	31200001	32200000	15816
D08	32000001	33000000	13367
D08	32800001	33800000	14028
D08	33600001	34600000	14010
D08	34400001	35400000	13957
D08	35200001	36200000	14982
D08	36000001	37000000	14061
D08	36800001	37800000	16211
D08	37600001	38600000	15515
D08	38400001	39400000	13972
D08	39200001	40200000	15999
D08	40000001	41000000	15174
D08	40800001	41800000	15499
D08	41600001	42600000	13743
D08	42400001	43400000	15884
D08	43200001	44200000	13950
D08	44000001	45000000	14522
D08	44800001	45800000	15098
D08	45600001	46600000	14995
D08	46400001	47400000	12145
D08	47200001	48200000	11624
D08	48000001	49000000	12443
D08	48800001	49800000	12123
D08	49600001	50600000	9275
D08	50400001	51400000	11480
D08	51200001	52200000	13234
D08	52000001	53000000	13925
D08	52800001	53800000	9614
D08	53600001	54600000	11870
D08	54400001	55400000	13088
D08	55200001	56200000	16906
D08	56000001	57000000	13316
D08	56800001	57800000	12051
D08	57600001	58600000	8957
D08	58400001	59400000	8588
D08	59200001	60200000	5488
D08	60000001	61000000	8725
D08	60800001	61800000	8058
D08	61600001	62600000	8732
D08	62400001	63400000	7433
D08	63200001	64200000	4245
D08	64000001	65000000	3323
D08	64800001	65800000	3633
D08	65600001	65894135	839
D09	1	1000000	11568
D09	800001	1800000	9495
D09	1600001	2600000	8215
D09	2400001	3400000	11016
D09	3200001	4200000	13485
D09	4000001	5000000	12947
D09	4800001	5800000	14692
D09	5600001	6600000	11762
D09	6400001	7400000	12239
D09	7200001	8200000	10114
D09	8000001	9000000	11022
D09	8800001	9800000	13861
D09	9600001	10600000	13962
D09	10400001	11400000	11089
D09	11200001	12200000	13637
D09	12000001	13000000	13615
D09	12800001	13800000	14367
D09	13600001	14600000	12904
D09	14400001	15400000	16742
D09	15200001	16200000	9644
D09	16000001	17000000	12067
D09	16800001	17800000	13749
D09	17600001	18600000	12506
D09	18400001	19400000	12906
D09	19200001	20200000	10670
D09	20000001	21000000	14092
D09	20800001	21800000	14355
D09	21600001	22600000	13361
D09	22400001	23400000	15345
D09	23200001	24200000	13275
D09	24000001	25000000	14869
D09	24800001	25800000	12953
D09	25600001	26600000	13807
D09	26400001	27400000	16972
D09	27200001	28200000	15115
D09	28000001	29000000	13280
D09	28800001	29800000	11833
D09	29600001	30600000	14301
D09	30400001	31400000	12748
D09	31200001	32200000	10413
D09	32000001	33000000	8067
D09	32800001	33800000	9796
D09	33600001	34600000	10349
D09	34400001	35400000	10685
D09	35200001	36200000	8241
D09	36000001	37000000	7584
D09	36800001	37800000	7088
D09	37600001	38600000	5971
D09	38400001	39400000	6623
D09	39200001	40200000	6597
D09	40000001	41000000	8399
D09	40800001	41800000	8500
D09	41600001	42600000	4138
D09	42400001	43400000	5400
D09	43200001	44200000	6198
D09	44000001	45000000	6998
D09	44800001	45800000	7007
D09	45600001	46600000	4251
D09	46400001	47400000	3844
D09	47200001	48200000	2492
D09	48000001	49000000	2846
D09	48800001	49800000	3656
D09	49600001	50600000	4084
D09	50400001	50995436	1222
D10	1	1000000	3409
D10	800001	1800000	2939
D10	1600001	2600000	3782
D10	2400001	3400000	4226
D10	3200001	4200000	5833
D10	4000001	5000000	4759
D10	4800001	5800000	7531
D10	5600001	6600000	10525
D10	6400001	7400000	11359
D10	7200001	8200000	10000
D10	8000001	9000000	9417
D10	8800001	9800000	12041
D10	9600001	10600000	10516
D10	10400001	11400000	12909
D10	11200001	12200000	11795
D10	12000001	13000000	11998
D10	12800001	13800000	12772
D10	13600001	14600000	13881
D10	14400001	15400000	14510
D10	15200001	16200000	13137
D10	16000001	17000000	13304
D10	16800001	17800000	13051
D10	17600001	18600000	13920
D10	18400001	19400000	18285
D10	19200001	20200000	16050
D10	20000001	21000000	12589
D10	20800001	21800000	15417
D10	21600001	22600000	11327
D10	22400001	23400000	12414
D10	23200001	24200000	16413
D10	24000001	25000000	14741
D10	24800001	25800000	13114
D10	25600001	26600000	14829
D10	26400001	27400000	13540
D10	27200001	28200000	15524
D10	28000001	29000000	17694
D10	28800001	29800000	16012
D10	29600001	30600000	15150
D10	30400001	31400000	18093
D10	31200001	32200000	15312
D10	32000001	33000000	11984
D10	32800001	33800000	14324
D10	33600001	34600000	13310
D10	34400001	35400000	11703
D10	35200001	36200000	13401
D10	36000001	37000000	14348
D10	36800001	37800000	12553
D10	37600001	38600000	10109
D10	38400001	39400000	12984
D10	39200001	40200000	12835
D10	40000001	41000000	13751
D10	40800001	41800000	15519
D10	41600001	42600000	14201
D10	42400001	43400000	14175
D10	43200001	44200000	15426
D10	44000001	45000000	13726
D10	44800001	45800000	13193
D10	45600001	46600000	15700
D10	46400001	47400000	16369
D10	47200001	48200000	16684
D10	48000001	49000000	15028
D10	48800001	49800000	12886
D10	49600001	50600000	13642
D10	50400001	51400000	12127
D10	51200001	52200000	12511
D10	52000001	53000000	13981
D10	52800001	53800000	11743
D10	53600001	54600000	11017
D10	54400001	55400000	12584
D10	55200001	56200000	8130
D10	56000001	57000000	10960
D10	56800001	57800000	8464
D10	57600001	58600000	7303
D10	58400001	59400000	13577
D10	59200001	60200000	8156
D10	60000001	61000000	8970
D10	60800001	61800000	9467
D10	61600001	62600000	6304
D10	62400001	63400000	3540
D10	63200001	63374666	440
D11	1	1000000	5369
D11	800001	1800000	3885
D11	1600001	2600000	3225
D11	2400001	3400000	3044
D11	3200001	4200000	4398
D11	4000001	5000000	4917
D11	4800001	5800000	2249
D11	5600001	6600000	5123
D11	6400001	7400000	6512
D11	7200001	8200000	6005
D11	8000001	9000000	5639
D11	8800001	9800000	7040
D11	9600001	10600000	8251
D11	10400001	11400000	10263
D11	11200001	12200000	8355
D11	12000001	13000000	8263
D11	12800001	13800000	7539
D11	13600001	14600000	8211
D11	14400001	15400000	8408
D11	15200001	16200000	9441
D11	16000001	17000000	10493
D11	16800001	17800000	11697
D11	17600001	18600000	12040
D11	18400001	19400000	10121
D11	19200001	20200000	13255
D11	20000001	21000000	13126
D11	20800001	21800000	11602
D11	21600001	22600000	12352
D11	22400001	23400000	13486
D11	23200001	24200000	14372
D11	24000001	25000000	14164
D11	24800001	25800000	14344
D11	25600001	26600000	14938
D11	26400001	27400000	14780
D11	27200001	28200000	13418
D11	28000001	29000000	14886
D11	28800001	29800000	17666
D11	29600001	30600000	15223
D11	30400001	31400000	14886
D11	31200001	32200000	14929
D11	32000001	33000000	15018
D11	32800001	33800000	14597
D11	33600001	34600000	14963
D11	34400001	35400000	14552
D11	35200001	36200000	13280
D11	36000001	37000000	14423
D11	36800001	37800000	13854
D11	37600001	38600000	15349
D11	38400001	39400000	15608
D11	39200001	40200000	12568
D11	40000001	41000000	11879
D11	40800001	41800000	13770
D11	41600001	42600000	14962
D11	42400001	43400000	14105
D11	43200001	44200000	15005
D11	44000001	45000000	17121
D11	44800001	45800000	18205
D11	45600001	46600000	15210
D11	46400001	47400000	14361
D11	47200001	48200000	12039
D11	48000001	49000000	12309
D11	48800001	49800000	13322
D11	49600001	50600000	13625
D11	50400001	51400000	15334
D11	51200001	52200000	14169
D11	52000001	53000000	10194
D11	52800001	53800000	11267
D11	53600001	54600000	11426
D11	54400001	55400000	12097
D11	55200001	56200000	11361
D11	56000001	57000000	13237
D11	56800001	57800000	10768
D11	57600001	58600000	5484
D11	58400001	59400000	7894
D11	59200001	60200000	6255
D11	60000001	61000000	6703
D11	60800001	61800000	7591
D11	61600001	62600000	9699
D11	62400001	63400000	6422
D11	63200001	64200000	8473
D11	64000001	65000000	5444
D11	64800001	65800000	4396
D11	65600001	66087774	1454
D12	1	1000000	7179
D12	800001	1800000	6613
D12	1600001	2600000	7435
D12	2400001	3400000	8304
D12	3200001	4200000	9023
D12	4000001	5000000	12021
D12	4800001	5800000	12421
D12	5600001	6600000	10845
D12	6400001	7400000	11391
D12	7200001	8200000	13211
D12	8000001	9000000	13029
D12	8800001	9800000	17084
D12	9600001	10600000	14628
D12	10400001	11400000	12841
D12	11200001	12200000	13036
D12	12000001	13000000	16029
D12	12800001	13800000	17071
D12	13600001	14600000	14816
D12	14400001	15400000	14396
D12	15200001	16200000	14286
D12	16000001	17000000	14245
D12	16800001	17800000	15448
D12	17600001	18600000	15464
D12	18400001	19400000	14285
D12	19200001	20200000	15135
D12	20000001	21000000	15290
D12	20800001	21800000	14342
D12	21600001	22600000	15194
D12	22400001	23400000	17745
D12	23200001	24200000	10703
D12	24000001	25000000	13868
D12	24800001	25800000	12531
D12	25600001	26600000	14974
D12	26400001	27400000	15626
D12	27200001	28200000	13864
D12	28000001	29000000	11513
D12	28800001	29800000	13860
D12	29600001	30600000	13096
D12	30400001	31400000	13818
D12	31200001	32200000	13542
D12	32000001	33000000	13220
D12	32800001	33800000	12555
D12	33600001	34600000	16077
D12	34400001	35400000	13077
D12	35200001	36200000	12284
D12	36000001	37000000	13263
D12	36800001	37800000	13756
D12	37600001	38600000	14034
D12	38400001	39400000	14538
D12	39200001	40200000	9751
D12	40000001	41000000	13199
D12	40800001	41800000	12509
D12	41600001	42600000	12946
D12	42400001	43400000	12266
D12	43200001	44200000	10805
D12	44000001	45000000	11423
D12	44800001	45800000	12290
D12	45600001	46600000	11713
D12	46400001	47400000	9721
D12	47200001	48200000	8028
D12	48000001	49000000	10595
D12	48800001	49800000	9405
D12	49600001	50600000	6836
D12	50400001	51400000	9834
D12	51200001	52200000	9524
D12	52000001	53000000	7969
D12	52800001	53800000	7032
D12	53600001	54600000	5942
D12	54400001	55400000	8567
D12	55200001	56200000	5266
D12	56000001	57000000	4914
D12	56800001	57800000	3670
D12	57600001	58600000	4083
D12	58400001	59109837	3113
D13	1	1000000	4804
D13	800001	1800000	5677
D13	1600001	2600000	6135
D13	2400001	3400000	6745
D13	3200001	4200000	9119
D13	4000001	5000000	9437
D13	4800001	5800000	9406
D13	5600001	6600000	15228
D13	6400001	7400000	16051
D13	7200001	8200000	13951
D13	8000001	9000000	12585
D13	8800001	9800000	14988
D13	9600001	10600000	16115
D13	10400001	11400000	11425
D13	11200001	12200000	13320
D13	12000001	13000000	15189
D13	12800001	13800000	16500
D13	13600001	14600000	17416
D13	14400001	15400000	14063
D13	15200001	16200000	14790
D13	16000001	17000000	12560
D13	16800001	17800000	14297
D13	17600001	18600000	17225
D13	18400001	19400000	14238
D13	19200001	20200000	14290
D13	20000001	21000000	15186
D13	20800001	21800000	12142
D13	21600001	22600000	13465
D13	22400001	23400000	11387
D13	23200001	24200000	8337
D13	24000001	25000000	15012
D13	24800001	25800000	13216
D13	25600001	26600000	9907
D13	26400001	27400000	12008
D13	27200001	28200000	15231
D13	28000001	29000000	11864
D13	28800001	29800000	16983
D13	29600001	30600000	13059
D13	30400001	31400000	13910
D13	31200001	32200000	14387
D13	32000001	33000000	15575
D13	32800001	33800000	15462
D13	33600001	34600000	14271
D13	34400001	35400000	15454
D13	35200001	36200000	14685
D13	36000001	37000000	15702
D13	36800001	37800000	15842
D13	37600001	38600000	14759
D13	38400001	39400000	12198
D13	39200001	40200000	14295
D13	40000001	41000000	16267
D13	40800001	41800000	15066
D13	41600001	42600000	12098
D13	42400001	43400000	12039
D13	43200001	44200000	14000
D13	44000001	45000000	16230
D13	44800001	45800000	13490
D13	45600001	46600000	12718
D13	46400001	47400000	14758
D13	47200001	48200000	10690
D13	48000001	49000000	13640
D13	48800001	49800000	13723
D13	49600001	50600000	12732
D13	50400001	51400000	12526
D13	51200001	52200000	13276
D13	52000001	53000000	11490
D13	52800001	53800000	8628
D13	53600001	54600000	12088
D13	54400001	55400000	8582
D13	55200001	56200000	10023
D13	56000001	57000000	7435
D13	56800001	57800000	5339
D13	57600001	58600000	3888
D13	58400001	59400000	5952
D13	59200001	60200000	7724
D13	60000001	60534298	2163
