A01	1	1000000	2917
A01	800001	1800000	2939
A01	1600001	2600000	4506
A01	2400001	3400000	6773
A01	3200001	4200000	5218
A01	4000001	5000000	7501
A01	4800001	5800000	8325
A01	5600001	6600000	8305
A01	6400001	7400000	8626
A01	7200001	8200000	7064
A01	8000001	9000000	12572
A01	8800001	9800000	12849
A01	9600001	10600000	12671
A01	10400001	11400000	10719
A01	11200001	12200000	8945
A01	12000001	13000000	9860
A01	12800001	13800000	8850
A01	13600001	14600000	8776
A01	14400001	15400000	14616
A01	15200001	16200000	15102
A01	16000001	17000000	12579
A01	16800001	17800000	12569
A01	17600001	18600000	10681
A01	18400001	19400000	9437
A01	19200001	20200000	9565
A01	20000001	21000000	13112
A01	20800001	21800000	11805
A01	21600001	22600000	14121
A01	22400001	23400000	11211
A01	23200001	24200000	11611
A01	24000001	25000000	12981
A01	24800001	25800000	14375
A01	25600001	26600000	13279
A01	26400001	27400000	12336
A01	27200001	28200000	10441
A01	28000001	29000000	11004
A01	28800001	29800000	16500
A01	29600001	30600000	12855
A01	30400001	31400000	11401
A01	31200001	32200000	14555
A01	32000001	33000000	13285
A01	32800001	33800000	11640
A01	33600001	34600000	12364
A01	34400001	35400000	9549
A01	35200001	36200000	9731
A01	36000001	37000000	10323
A01	36800001	37800000	10455
A01	37600001	38600000	11143
A01	38400001	39400000	10114
A01	39200001	40200000	11318
A01	40000001	41000000	13736
A01	40800001	41800000	13182
A01	41600001	42600000	10085
A01	42400001	43400000	9747
A01	43200001	44200000	12696
A01	44000001	45000000	13519
A01	44800001	45800000	12219
A01	45600001	46600000	11784
A01	46400001	47400000	10128
A01	47200001	48200000	13155
A01	48000001	49000000	12484
A01	48800001	49800000	11287
A01	49600001	50600000	12381
A01	50400001	51400000	12188
A01	51200001	52200000	10454
A01	52000001	53000000	11178
A01	52800001	53800000	14382
A01	53600001	54600000	14701
A01	54400001	55400000	14156
A01	55200001	56200000	13466
A01	56000001	57000000	11171
A01	56800001	57800000	9857
A01	57600001	58600000	12524
A01	58400001	59400000	12381
A01	59200001	60200000	12916
A01	60000001	61000000	12505
A01	60800001	61800000	12919
A01	61600001	62600000	12291
A01	62400001	63400000	9635
A01	63200001	64200000	11421
A01	64000001	65000000	12153
A01	64800001	65800000	9317
A01	65600001	66600000	11106
A01	66400001	67400000	9442
A01	67200001	68200000	8665
A01	68000001	69000000	12568
A01	68800001	69800000	15135
A01	69600001	70600000	10294
A01	70400001	71400000	14365
A01	71200001	72200000	13241
A01	72000001	73000000	12682
A01	72800001	73800000	12000
A01	73600001	74600000	10148
A01	74400001	75400000	13812
A01	75200001	76200000	10075
A01	76000001	77000000	12734
A01	76800001	77800000	13222
A01	77600001	78600000	11781
A01	78400001	79400000	13006
A01	79200001	80200000	10579
A01	80000001	81000000	11359
A01	80800001	81800000	11271
A01	81600001	82600000	11084
A01	82400001	83400000	10944
A01	83200001	84200000	9465
A01	84000001	85000000	11279
A01	84800001	85800000	12928
A01	85600001	86600000	13417
A01	86400001	87400000	12414
A01	87200001	88200000	12112
A01	88000001	89000000	12749
A01	88800001	89800000	14282
A01	89600001	90600000	10771
A01	90400001	91400000	9161
A01	91200001	92200000	11751
A01	92000001	93000000	11807
A01	92800001	93800000	10614
A01	93600001	94600000	9910
A01	94400001	95400000	9564
A01	95200001	96200000	7871
A01	96000001	97000000	11788
A01	96800001	97800000	10392
A01	97600001	98600000	5383
A01	98400001	99400000	3082
A01	99200001	99884700	2065
A02	1	1000000	3477
A02	800001	1800000	3149
A02	1600001	2600000	5546
A02	2400001	3400000	6303
A02	3200001	4200000	6538
A02	4000001	5000000	11761
A02	4800001	5800000	11999
A02	5600001	6600000	12298
A02	6400001	7400000	9922
A02	7200001	8200000	9937
A02	8000001	9000000	13309
A02	8800001	9800000	15090
A02	9600001	10600000	15216
A02	10400001	11400000	12564
A02	11200001	12200000	12615
A02	12000001	13000000	16096
A02	12800001	13800000	14459
A02	13600001	14600000	13774
A02	14400001	15400000	12949
A02	15200001	16200000	12601
A02	16000001	17000000	15328
A02	16800001	17800000	13644
A02	17600001	18600000	14347
A02	18400001	19400000	12305
A02	19200001	20200000	16746
A02	20000001	21000000	13532
A02	20800001	21800000	15101
A02	21600001	22600000	13835
A02	22400001	23400000	11161
A02	23200001	24200000	15042
A02	24000001	25000000	12766
A02	24800001	25800000	14007
A02	25600001	26600000	13137
A02	26400001	27400000	12948
A02	27200001	28200000	13081
A02	28000001	29000000	11248
A02	28800001	29800000	15008
A02	29600001	30600000	13145
A02	30400001	31400000	13911
A02	31200001	32200000	14441
A02	32000001	33000000	14702
A02	32800001	33800000	11808
A02	33600001	34600000	13060
A02	34400001	35400000	12561
A02	35200001	36200000	11330
A02	36000001	37000000	14043
A02	36800001	37800000	14778
A02	37600001	38600000	15534
A02	38400001	39400000	15140
A02	39200001	40200000	13628
A02	40000001	41000000	11437
A02	40800001	41800000	11123
A02	41600001	42600000	14938
A02	42400001	43400000	16121
A02	43200001	44200000	14425
A02	44000001	45000000	12791
A02	44800001	45800000	14312
A02	45600001	46600000	14564
A02	46400001	47400000	13038
A02	47200001	48200000	12557
A02	48000001	49000000	12435
A02	48800001	49800000	13040
A02	49600001	50600000	15824
A02	50400001	51400000	13489
A02	51200001	52200000	13856
A02	52000001	53000000	12751
A02	52800001	53800000	14709
A02	53600001	54600000	13185
A02	54400001	55400000	14535
A02	55200001	56200000	12257
A02	56000001	57000000	12129
A02	56800001	57800000	12358
A02	57600001	58600000	14641
A02	58400001	59400000	12974
A02	59200001	60200000	15501
A02	60000001	61000000	11561
A02	60800001	61800000	12231
A02	61600001	62600000	13758
A02	62400001	63400000	13906
A02	63200001	64200000	11843
A02	64000001	65000000	10737
A02	64800001	65800000	12097
A02	65600001	66600000	13533
A02	66400001	67400000	13420
A02	67200001	68200000	12331
A02	68000001	69000000	11818
A02	68800001	69800000	15757
A02	69600001	70600000	10942
A02	70400001	71400000	13483
A02	71200001	72200000	15095
A02	72000001	73000000	18013
A02	72800001	73800000	15314
A02	73600001	74600000	15178
A02	74400001	75400000	13606
A02	75200001	76200000	12531
A02	76000001	77000000	15238
A02	76800001	77800000	16097
A02	77600001	78600000	12813
A02	78400001	79400000	8629
A02	79200001	80200000	9589
A02	80000001	81000000	10544
A02	80800001	81800000	8194
A02	81600001	82600000	6329
A02	82400001	83400000	2642
A02	83200001	83447906	329
A03	1	1000000	8849
A03	800001	1800000	6016
A03	1600001	2600000	4594
A03	2400001	3400000	4822
A03	3200001	4200000	6707
A03	4000001	5000000	9419
A03	4800001	5800000	12917
A03	5600001	6600000	11698
A03	6400001	7400000	9465
A03	7200001	8200000	12390
A03	8000001	9000000	12577
A03	8800001	9800000	13117
A03	9600001	10600000	11381
A03	10400001	11400000	13176
A03	11200001	12200000	11445
A03	12000001	13000000	12012
A03	12800001	13800000	14907
A03	13600001	14600000	14491
A03	14400001	15400000	14879
A03	15200001	16200000	14799
A03	16000001	17000000	12375
A03	16800001	17800000	13353
A03	17600001	18600000	15407
A03	18400001	19400000	13625
A03	19200001	20200000	11244
A03	20000001	21000000	14559
A03	20800001	21800000	14086
A03	21600001	22600000	10091
A03	22400001	23400000	14014
A03	23200001	24200000	12664
A03	24000001	25000000	14191
A03	24800001	25800000	12410
A03	25600001	26600000	10971
A03	26400001	27400000	10752
A03	27200001	28200000	13578
A03	28000001	29000000	11278
A03	28800001	29800000	12114
A03	29600001	30600000	12062
A03	30400001	31400000	13165
A03	31200001	32200000	10701
A03	32000001	33000000	13987
A03	32800001	33800000	16041
A03	33600001	34600000	10710
A03	34400001	35400000	13641
A03	35200001	36200000	6620
A03	36000001	37000000	10292
A03	36800001	37800000	9997
A03	37600001	38600000	10551
A03	38400001	39400000	13666
A03	39200001	40200000	14271
A03	40000001	41000000	12283
A03	40800001	41800000	10172
A03	41600001	42600000	11087
A03	42400001	43400000	9627
A03	43200001	44200000	13003
A03	44000001	45000000	14091
A03	44800001	45800000	14938
A03	45600001	46600000	12345
A03	46400001	47400000	10132
A03	47200001	48200000	10736
A03	48000001	49000000	13730
A03	48800001	49800000	12971
A03	49600001	50600000	8897
A03	50400001	51400000	8876
A03	51200001	52200000	10082
A03	52000001	53000000	9990
A03	52800001	53800000	9958
A03	53600001	54600000	9991
A03	54400001	55400000	9271
A03	55200001	56200000	11138
A03	56000001	57000000	10958
A03	56800001	57800000	10674
A03	57600001	58600000	11305
A03	58400001	59400000	13769
A03	59200001	60200000	12962
A03	60000001	61000000	11975
A03	60800001	61800000	12060
A03	61600001	62600000	11263
A03	62400001	63400000	13527
A03	63200001	64200000	12931
A03	64000001	65000000	14286
A03	64800001	65800000	13469
A03	65600001	66600000	14568
A03	66400001	67400000	13961
A03	67200001	68200000	13103
A03	68000001	69000000	11937
A03	68800001	69800000	11137
A03	69600001	70600000	10332
A03	70400001	71400000	11779
A03	71200001	72200000	13684
A03	72000001	73000000	13014
A03	72800001	73800000	10099
A03	73600001	74600000	11208
A03	74400001	75400000	9508
A03	75200001	76200000	10388
A03	76000001	77000000	11950
A03	76800001	77800000	14048
A03	77600001	78600000	12923
A03	78400001	79400000	12557
A03	79200001	80200000	13405
A03	80000001	81000000	9879
A03	80800001	81800000	10489
A03	81600001	82600000	14164
A03	82400001	83400000	13356
A03	83200001	84200000	14679
A03	84000001	85000000	12082
A03	84800001	85800000	10134
A03	85600001	86600000	11329
A03	86400001	87400000	11406
A03	87200001	88200000	15125
A03	88000001	89000000	13806
A03	88800001	89800000	13458
A03	89600001	90600000	13663
A03	90400001	91400000	10173
A03	91200001	92200000	10702
A03	92000001	93000000	10731
A03	92800001	93800000	11557
A03	93600001	94600000	9589
A03	94400001	95400000	8748
A03	95200001	96200000	7829
A03	96000001	97000000	10757
A03	96800001	97800000	5362
A03	97600001	98600000	7159
A03	98400001	99400000	3154
A03	99200001	100200000	2694
A03	100000001	100263045	924
A04	1	1000000	7786
A04	800001	1800000	6583
A04	1600001	2600000	8323
A04	2400001	3400000	10442
A04	3200001	4200000	7440
A04	4000001	5000000	7311
A04	4800001	5800000	11755
A04	5600001	6600000	10125
A04	6400001	7400000	10852
A04	7200001	8200000	11929
A04	8000001	9000000	12367
A04	8800001	9800000	12645
A04	9600001	10600000	14624
A04	10400001	11400000	12201
A04	11200001	12200000	11288
A04	12000001	13000000	12773
A04	12800001	13800000	12070
A04	13600001	14600000	13511
A04	14400001	15400000	16570
A04	15200001	16200000	13816
A04	16000001	17000000	13977
A04	16800001	17800000	12624
A04	17600001	18600000	12010
A04	18400001	19400000	12326
A04	19200001	20200000	11895
A04	20000001	21000000	14358
A04	20800001	21800000	10683
A04	21600001	22600000	12959
A04	22400001	23400000	9903
A04	23200001	24200000	13294
A04	24000001	25000000	12732
A04	24800001	25800000	13141
A04	25600001	26600000	13632
A04	26400001	27400000	13272
A04	27200001	28200000	16586
A04	28000001	29000000	11298
A04	28800001	29800000	10522
A04	29600001	30600000	13269
A04	30400001	31400000	13615
A04	31200001	32200000	12435
A04	32000001	33000000	12948
A04	32800001	33800000	9425
A04	33600001	34600000	10109
A04	34400001	35400000	12873
A04	35200001	36200000	14758
A04	36000001	37000000	13287
A04	36800001	37800000	14459
A04	37600001	38600000	12736
A04	38400001	39400000	14969
A04	39200001	40200000	13659
A04	40000001	41000000	16335
A04	40800001	41800000	13543
A04	41600001	42600000	10542
A04	42400001	43400000	11809
A04	43200001	44200000	14308
A04	44000001	45000000	15858
A04	44800001	45800000	14607
A04	45600001	46600000	17799
A04	46400001	47400000	14897
A04	47200001	48200000	18314
A04	48000001	49000000	17839
A04	48800001	49800000	17208
A04	49600001	50600000	14901
A04	50400001	51400000	18549
A04	51200001	52200000	17438
A04	52000001	53000000	14684
A04	52800001	53800000	14741
A04	53600001	54600000	12252
A04	54400001	55400000	15628
A04	55200001	56200000	13497
A04	56000001	57000000	15617
A04	56800001	57800000	14430
A04	57600001	58600000	15870
A04	58400001	59400000	10163
A04	59200001	60200000	9515
A04	60000001	61000000	6331
A04	60800001	61800000	6815
A04	61600001	62600000	4385
A04	62400001	62913772	1339
A05	1	1000000	4571
A05	800001	1800000	2913
A05	1600001	2600000	2646
A05	2400001	3400000	3097
A05	3200001	4200000	2369
A05	4000001	5000000	3328
A05	4800001	5800000	2127
A05	5600001	6600000	2814
A05	6400001	7400000	3894
A05	7200001	8200000	2784
A05	8000001	9000000	2161
A05	8800001	9800000	2983
A05	9600001	10600000	3799
A05	10400001	11400000	3113
A05	11200001	12200000	2585
A05	12000001	13000000	3832
A05	12800001	13800000	5424
A05	13600001	14600000	4582
A05	14400001	15400000	3910
A05	15200001	16200000	4560
A05	16000001	17000000	5745
A05	16800001	17800000	4719
A05	17600001	18600000	5985
A05	18400001	19400000	3674
A05	19200001	20200000	5643
A05	20000001	21000000	9035
A05	20800001	21800000	7388
A05	21600001	22600000	9013
A05	22400001	23400000	11751
A05	23200001	24200000	7847
A05	24000001	25000000	7654
A05	24800001	25800000	10281
A05	25600001	26600000	12571
A05	26400001	27400000	8538
A05	27200001	28200000	9342
A05	28000001	29000000	13455
A05	28800001	29800000	12244
A05	29600001	30600000	12578
A05	30400001	31400000	15427
A05	31200001	32200000	14028
A05	32000001	33000000	13859
A05	32800001	33800000	16221
A05	33600001	34600000	13975
A05	34400001	35400000	15548
A05	35200001	36200000	14329
A05	36000001	37000000	13028
A05	36800001	37800000	15596
A05	37600001	38600000	15318
A05	38400001	39400000	13881
A05	39200001	40200000	13927
A05	40000001	41000000	10522
A05	40800001	41800000	12431
A05	41600001	42600000	12808
A05	42400001	43400000	15223
A05	43200001	44200000	11665
A05	44000001	45000000	14727
A05	44800001	45800000	11803
A05	45600001	46600000	11751
A05	46400001	47400000	13846
A05	47200001	48200000	16823
A05	48000001	49000000	11875
A05	48800001	49800000	10455
A05	49600001	50600000	15311
A05	50400001	51400000	16865
A05	51200001	52200000	14878
A05	52000001	53000000	13773
A05	52800001	53800000	9911
A05	53600001	54600000	16321
A05	54400001	55400000	15012
A05	55200001	56200000	16113
A05	56000001	57000000	11750
A05	56800001	57800000	13999
A05	57600001	58600000	12944
A05	58400001	59400000	11264
A05	59200001	60200000	9811
A05	60000001	61000000	11446
A05	60800001	61800000	15108
A05	61600001	62600000	39810
A05	62400001	63400000	12857
A05	63200001	64200000	9662
A05	64000001	65000000	14195
A05	64800001	65800000	14699
A05	65600001	66600000	13146
A05	66400001	67400000	14941
A05	67200001	68200000	11845
A05	68000001	69000000	12856
A05	68800001	69800000	18234
A05	69600001	70600000	17716
A05	70400001	71400000	15391
A05	71200001	72200000	14225
A05	72000001	73000000	14961
A05	72800001	73800000	15659
A05	73600001	74600000	14614
A05	74400001	75400000	15959
A05	75200001	76200000	15124
A05	76000001	77000000	16216
A05	76800001	77800000	16712
A05	77600001	78600000	12572
A05	78400001	79400000	15322
A05	79200001	80200000	16827
A05	80000001	81000000	15827
A05	80800001	81800000	14106
A05	81600001	82600000	16192
A05	82400001	83400000	16506
A05	83200001	84200000	10900
A05	84000001	85000000	13469
A05	84800001	85800000	12403
A05	85600001	86600000	10157
A05	86400001	87400000	10769
A05	87200001	88200000	9145
A05	88000001	89000000	8873
A05	88800001	89800000	8127
A05	89600001	90600000	9966
A05	90400001	91400000	5545
A05	91200001	92200000	4039
A05	92000001	92047023	184
A06	1	1000000	4141
A06	800001	1800000	6946
A06	1600001	2600000	7109
A06	2400001	3400000	7357
A06	3200001	4200000	9894
A06	4000001	5000000	14686
A06	4800001	5800000	11768
A06	5600001	6600000	12697
A06	6400001	7400000	10913
A06	7200001	8200000	15086
A06	8000001	9000000	12801
A06	8800001	9800000	10149
A06	9600001	10600000	12640
A06	10400001	11400000	13463
A06	11200001	12200000	16115
A06	12000001	13000000	17439
A06	12800001	13800000	12292
A06	13600001	14600000	12407
A06	14400001	15400000	10222
A06	15200001	16200000	11954
A06	16000001	17000000	15165
A06	16800001	17800000	13251
A06	17600001	18600000	14992
A06	18400001	19400000	15787
A06	19200001	20200000	15499
A06	20000001	21000000	17582
A06	20800001	21800000	16008
A06	21600001	22600000	13444
A06	22400001	23400000	14654
A06	23200001	24200000	13230
A06	24000001	25000000	14040
A06	24800001	25800000	12788
A06	25600001	26600000	9856
A06	26400001	27400000	12830
A06	27200001	28200000	14708
A06	28000001	29000000	16562
A06	28800001	29800000	13806
A06	29600001	30600000	11060
A06	30400001	31400000	15629
A06	31200001	32200000	14715
A06	32000001	33000000	13145
A06	32800001	33800000	12258
A06	33600001	34600000	15284
A06	34400001	35400000	13251
A06	35200001	36200000	14430
A06	36000001	37000000	15172
A06	36800001	37800000	15651
A06	37600001	38600000	16142
A06	38400001	39400000	12938
A06	39200001	40200000	17005
A06	40000001	41000000	13123
A06	40800001	41800000	12506
A06	41600001	42600000	10834
A06	42400001	43400000	11907
A06	43200001	44200000	8509
A06	44000001	45000000	8365
A06	44800001	45800000	11849
A06	45600001	46600000	7685
A06	46400001	47400000	9412
A06	47200001	48200000	11056
A06	48000001	49000000	12280
A06	48800001	49800000	13850
A06	49600001	50600000	12390
A06	50400001	51400000	11780
A06	51200001	52200000	12598
A06	52000001	53000000	11188
A06	52800001	53800000	9642
A06	53600001	54600000	10904
A06	54400001	55400000	11305
A06	55200001	56200000	10879
A06	56000001	57000000	8849
A06	56800001	57800000	10714
A06	57600001	58600000	11108
A06	58400001	59400000	12950
A06	59200001	60200000	12057
A06	60000001	61000000	11570
A06	60800001	61800000	12668
A06	61600001	62600000	8499
A06	62400001	63400000	8773
A06	63200001	64200000	9950
A06	64000001	65000000	9285
A06	64800001	65800000	9678
A06	65600001	66600000	11321
A06	66400001	67400000	11123
A06	67200001	68200000	9846
A06	68000001	69000000	10162
A06	68800001	69800000	7693
A06	69600001	70600000	10381
A06	70400001	71400000	7813
A06	71200001	72200000	9259
A06	72000001	73000000	8848
A06	72800001	73800000	10232
A06	73600001	74600000	7811
A06	74400001	75400000	9985
A06	75200001	76200000	10859
A06	76000001	77000000	12309
A06	76800001	77800000	11792
A06	77600001	78600000	11460
A06	78400001	79400000	11478
A06	79200001	80200000	11137
A06	80000001	81000000	9578
A06	80800001	81800000	10199
A06	81600001	82600000	9784
A06	82400001	83400000	9813
A06	83200001	84200000	10275
A06	84000001	85000000	8690
A06	84800001	85800000	10046
A06	85600001	86600000	9721
A06	86400001	87400000	11512
A06	87200001	88200000	10277
A06	88000001	89000000	10980
A06	88800001	89800000	11205
A06	89600001	90600000	10384
A06	90400001	91400000	11963
A06	91200001	92200000	11492
A06	92000001	93000000	10709
A06	92800001	93800000	9249
A06	93600001	94600000	10934
A06	94400001	95400000	10031
A06	95200001	96200000	9231
A06	96000001	97000000	10133
A06	96800001	97800000	8876
A06	97600001	98600000	10110
A06	98400001	99400000	11606
A06	99200001	100200000	7881
A06	100000001	101000000	8857
A06	100800001	101800000	6661
A06	101600001	102600000	2602
A06	102400001	103170444	1921
A07	1	1000000	4862
A07	800001	1800000	3117
A07	1600001	2600000	3465
A07	2400001	3400000	5844
A07	3200001	4200000	6078
A07	4000001	5000000	3393
A07	4800001	5800000	6573
A07	5600001	6600000	7044
A07	6400001	7400000	11561
A07	7200001	8200000	9233
A07	8000001	9000000	7727
A07	8800001	9800000	10046
A07	9600001	10600000	15133
A07	10400001	11400000	16867
A07	11200001	12200000	14182
A07	12000001	13000000	13713
A07	12800001	13800000	13019
A07	13600001	14600000	10390
A07	14400001	15400000	16181
A07	15200001	16200000	15156
A07	16000001	17000000	10494
A07	16800001	17800000	13161
A07	17600001	18600000	10190
A07	18400001	19400000	14408
A07	19200001	20200000	14570
A07	20000001	21000000	13467
A07	20800001	21800000	15132
A07	21600001	22600000	15964
A07	22400001	23400000	11717
A07	23200001	24200000	14657
A07	24000001	25000000	16604
A07	24800001	25800000	13379
A07	25600001	26600000	11481
A07	26400001	27400000	13500
A07	27200001	28200000	18333
A07	28000001	29000000	12849
A07	28800001	29800000	12020
A07	29600001	30600000	16640
A07	30400001	31400000	14218
A07	31200001	32200000	12866
A07	32000001	33000000	12425
A07	32800001	33800000	14450
A07	33600001	34600000	10993
A07	34400001	35400000	11290
A07	35200001	36200000	13593
A07	36000001	37000000	11221
A07	36800001	37800000	13246
A07	37600001	38600000	15550
A07	38400001	39400000	16193
A07	39200001	40200000	13234
A07	40000001	41000000	16514
A07	40800001	41800000	14223
A07	41600001	42600000	12285
A07	42400001	43400000	9679
A07	43200001	44200000	10947
A07	44000001	45000000	14967
A07	44800001	45800000	15882
A07	45600001	46600000	13816
A07	46400001	47400000	10523
A07	47200001	48200000	13058
A07	48000001	49000000	12432
A07	48800001	49800000	9575
A07	49600001	50600000	11460
A07	50400001	51400000	12316
A07	51200001	52200000	14616
A07	52000001	53000000	14554
A07	52800001	53800000	12850
A07	53600001	54600000	11989
A07	54400001	55400000	14123
A07	55200001	56200000	14171
A07	56000001	57000000	12665
A07	56800001	57800000	12856
A07	57600001	58600000	14280
A07	58400001	59400000	12017
A07	59200001	60200000	9557
A07	60000001	61000000	14154
A07	60800001	61800000	14106
A07	61600001	62600000	15047
A07	62400001	63400000	13123
A07	63200001	64200000	13549
A07	64000001	65000000	13742
A07	64800001	65800000	13195
A07	65600001	66600000	17422
A07	66400001	67400000	12954
A07	67200001	68200000	14189
A07	68000001	69000000	29048
A07	68800001	69800000	19013
A07	69600001	70600000	11652
A07	70400001	71400000	12014
A07	71200001	72200000	10736
A07	72000001	73000000	11114
A07	72800001	73800000	7669
A07	73600001	74600000	9942
A07	74400001	75400000	8160
A07	75200001	76200000	9933
A07	76000001	77000000	7087
A07	76800001	77800000	7353
A07	77600001	78251018	5766
A08	1	1000000	4228
A08	800001	1800000	5712
A08	1600001	2600000	7811
A08	2400001	3400000	10115
A08	3200001	4200000	7217
A08	4000001	5000000	10986
A08	4800001	5800000	9346
A08	5600001	6600000	9024
A08	6400001	7400000	11710
A08	7200001	8200000	12580
A08	8000001	9000000	10552
A08	8800001	9800000	12667
A08	9600001	10600000	13056
A08	10400001	11400000	12378
A08	11200001	12200000	15996
A08	12000001	13000000	13695
A08	12800001	13800000	18392
A08	13600001	14600000	14164
A08	14400001	15400000	9800
A08	15200001	16200000	12290
A08	16000001	17000000	13712
A08	16800001	17800000	13869
A08	17600001	18600000	14141
A08	18400001	19400000	14924
A08	19200001	20200000	13195
A08	20000001	21000000	13175
A08	20800001	21800000	13011
A08	21600001	22600000	13608
A08	22400001	23400000	12514
A08	23200001	24200000	12620
A08	24000001	25000000	13175
A08	24800001	25800000	12654
A08	25600001	26600000	12623
A08	26400001	27400000	11724
A08	27200001	28200000	10908
A08	28000001	29000000	9298
A08	28800001	29800000	11327
A08	29600001	30600000	12531
A08	30400001	31400000	9838
A08	31200001	32200000	9187
A08	32000001	33000000	10073
A08	32800001	33800000	11045
A08	33600001	34600000	12676
A08	34400001	35400000	12467
A08	35200001	36200000	13035
A08	36000001	37000000	13120
A08	36800001	37800000	10770
A08	37600001	38600000	10841
A08	38400001	39400000	13256
A08	39200001	40200000	11451
A08	40000001	41000000	12827
A08	40800001	41800000	11007
A08	41600001	42600000	11360
A08	42400001	43400000	12510
A08	43200001	44200000	11744
A08	44000001	45000000	12560
A08	44800001	45800000	7170
A08	45600001	46600000	4957
A08	46400001	47400000	10153
A08	47200001	48200000	12164
A08	48000001	49000000	12110
A08	48800001	49800000	11773
A08	49600001	50600000	11183
A08	50400001	51400000	7980
A08	51200001	52200000	13773
A08	52000001	53000000	12070
A08	52800001	53800000	13250
A08	53600001	54600000	11407
A08	54400001	55400000	5400
A08	55200001	56200000	12360
A08	56000001	57000000	10866
A08	56800001	57800000	10457
A08	57600001	58600000	13880
A08	58400001	59400000	11208
A08	59200001	60200000	13400
A08	60000001	61000000	10951
A08	60800001	61800000	12302
A08	61600001	62600000	11425
A08	62400001	63400000	11288
A08	63200001	64200000	12035
A08	64000001	65000000	13443
A08	64800001	65800000	14113
A08	65600001	66600000	15735
A08	66400001	67400000	13216
A08	67200001	68200000	12935
A08	68000001	69000000	12625
A08	68800001	69800000	12510
A08	69600001	70600000	14636
A08	70400001	71400000	14586
A08	71200001	72200000	15214
A08	72000001	73000000	12667
A08	72800001	73800000	12562
A08	73600001	74600000	15406
A08	74400001	75400000	12181
A08	75200001	76200000	14355
A08	76000001	77000000	14838
A08	76800001	77800000	15066
A08	77600001	78600000	14338
A08	78400001	79400000	15307
A08	79200001	80200000	13820
A08	80000001	81000000	15522
A08	80800001	81800000	15566
A08	81600001	82600000	13155
A08	82400001	83400000	13286
A08	83200001	84200000	12671
A08	84000001	85000000	14986
A08	84800001	85800000	10643
A08	85600001	86600000	13948
A08	86400001	87400000	14721
A08	87200001	88200000	13527
A08	88000001	89000000	14302
A08	88800001	89800000	10912
A08	89600001	90600000	6411
A08	90400001	91400000	12246
A08	91200001	92200000	13676
A08	92000001	93000000	12513
A08	92800001	93800000	16633
A08	93600001	94600000	11896
A08	94400001	95400000	14256
A08	95200001	96200000	6744
A08	96000001	97000000	8629
A08	96800001	97800000	8192
A08	97600001	98600000	6402
A08	98400001	99400000	6304
A08	99200001	100200000	8136
A08	100000001	101000000	5840
A08	100800001	101800000	2707
A08	101600001	102600000	3179
A08	102400001	103400000	3341
A08	103200001	103626341	2855
A09	1	1000000	9065
A09	800001	1800000	10074
A09	1600001	2600000	9822
A09	2400001	3400000	8706
A09	3200001	4200000	11121
A09	4000001	5000000	9694
A09	4800001	5800000	11230
A09	5600001	6600000	6992
A09	6400001	7400000	9184
A09	7200001	8200000	9015
A09	8000001	9000000	8422
A09	8800001	9800000	7723
A09	9600001	10600000	8013
A09	10400001	11400000	8377
A09	11200001	12200000	7954
A09	12000001	13000000	8989
A09	12800001	13800000	12044
A09	13600001	14600000	10346
A09	14400001	15400000	10728
A09	15200001	16200000	10288
A09	16000001	17000000	8989
A09	16800001	17800000	12861
A09	17600001	18600000	11827
A09	18400001	19400000	11405
A09	19200001	20200000	12960
A09	20000001	21000000	11273
A09	20800001	21800000	8234
A09	21600001	22600000	8723
A09	22400001	23400000	11027
A09	23200001	24200000	8239
A09	24000001	25000000	11273
A09	24800001	25800000	7262
A09	25600001	26600000	9845
A09	26400001	27400000	10927
A09	27200001	28200000	11171
A09	28000001	29000000	10480
A09	28800001	29800000	9047
A09	29600001	30600000	9610
A09	30400001	31400000	12682
A09	31200001	32200000	11597
A09	32000001	33000000	10188
A09	32800001	33800000	11017
A09	33600001	34600000	12942
A09	34400001	35400000	10830
A09	35200001	36200000	9040
A09	36000001	37000000	9720
A09	36800001	37800000	12099
A09	37600001	38600000	11351
A09	38400001	39400000	11555
A09	39200001	40200000	12354
A09	40000001	41000000	13894
A09	40800001	41800000	11261
A09	41600001	42600000	13914
A09	42400001	43400000	11065
A09	43200001	44200000	14732
A09	44000001	45000000	13498
A09	44800001	45800000	10660
A09	45600001	46600000	11763
A09	46400001	47400000	11776
A09	47200001	48200000	10441
A09	48000001	49000000	8724
A09	48800001	49800000	13150
A09	49600001	50600000	12638
A09	50400001	51400000	13325
A09	51200001	52200000	12362
A09	52000001	53000000	9113
A09	52800001	53800000	9090
A09	53600001	54600000	11652
A09	54400001	55400000	7767
A09	55200001	56200000	6475
A09	56000001	57000000	10671
A09	56800001	57800000	10002
A09	57600001	58600000	9028
A09	58400001	59400000	8197
A09	59200001	60200000	7790
A09	60000001	61000000	6994
A09	60800001	61800000	8365
A09	61600001	62600000	9167
A09	62400001	63400000	6682
A09	63200001	64200000	8731
A09	64000001	65000000	7683
A09	64800001	65800000	5750
A09	65600001	66600000	8368
A09	66400001	67400000	7135
A09	67200001	68200000	3629
A09	68000001	69000000	3720
A09	68800001	69800000	2675
A09	69600001	70600000	2303
A09	70400001	71400000	3089
A09	71200001	72200000	3771
A09	72000001	73000000	2191
A09	72800001	73800000	1412
A09	73600001	74600000	3103
A09	74400001	74999931	681
A10	1	1000000	4326
A10	800001	1800000	5294
A10	1600001	2600000	2819
A10	2400001	3400000	2901
A10	3200001	4200000	5472
A10	4000001	5000000	6618
A10	4800001	5800000	7842
A10	5600001	6600000	10598
A10	6400001	7400000	10488
A10	7200001	8200000	15035
A10	8000001	9000000	16640
A10	8800001	9800000	15656
A10	9600001	10600000	12306
A10	10400001	11400000	11260
A10	11200001	12200000	9544
A10	12000001	13000000	7898
A10	12800001	13800000	12798
A10	13600001	14600000	14418
A10	14400001	15400000	13631
A10	15200001	16200000	14302
A10	16000001	17000000	13240
A10	16800001	17800000	13704
A10	17600001	18600000	13148
A10	18400001	19400000	12735
A10	19200001	20200000	15299
A10	20000001	21000000	10274
A10	20800001	21800000	12879
A10	21600001	22600000	13157
A10	22400001	23400000	12163
A10	23200001	24200000	10106
A10	24000001	25000000	10708
A10	24800001	25800000	13724
A10	25600001	26600000	12431
A10	26400001	27400000	12471
A10	27200001	28200000	12234
A10	28000001	29000000	14714
A10	28800001	29800000	11891
A10	29600001	30600000	11979
A10	30400001	31400000	10489
A10	31200001	32200000	13340
A10	32000001	33000000	11238
A10	32800001	33800000	9861
A10	33600001	34600000	15288
A10	34400001	35400000	14350
A10	35200001	36200000	11115
A10	36000001	37000000	9055
A10	36800001	37800000	10951
A10	37600001	38600000	11257
A10	38400001	39400000	11764
A10	39200001	40200000	10083
A10	40000001	41000000	10048
A10	40800001	41800000	7815
A10	41600001	42600000	10973
A10	42400001	43400000	13790
A10	43200001	44200000	11246
A10	44000001	45000000	11320
A10	44800001	45800000	10681
A10	45600001	46600000	12009
A10	46400001	47400000	11288
A10	47200001	48200000	12373
A10	48000001	49000000	12444
A10	48800001	49800000	12886
A10	49600001	50600000	11897
A10	50400001	51400000	10426
A10	51200001	52200000	9667
A10	52000001	53000000	12067
A10	52800001	53800000	9703
A10	53600001	54600000	9249
A10	54400001	55400000	10327
A10	55200001	56200000	8334
A10	56000001	57000000	9266
A10	56800001	57800000	9944
A10	57600001	58600000	11161
A10	58400001	59400000	10887
A10	59200001	60200000	11550
A10	60000001	61000000	12761
A10	60800001	61800000	13112
A10	61600001	62600000	11369
A10	62400001	63400000	8647
A10	63200001	64200000	10108
A10	64000001	65000000	9669
A10	64800001	65800000	10365
A10	65600001	66600000	11623
A10	66400001	67400000	11822
A10	67200001	68200000	9087
A10	68000001	69000000	11326
A10	68800001	69800000	10864
A10	69600001	70600000	10969
A10	70400001	71400000	10976
A10	71200001	72200000	10770
A10	72000001	73000000	9848
A10	72800001	73800000	9928
A10	73600001	74600000	10975
A10	74400001	75400000	10045
A10	75200001	76200000	9933
A10	76000001	77000000	11140
A10	76800001	77800000	11096
A10	77600001	78600000	12516
A10	78400001	79400000	11087
A10	79200001	80200000	11802
A10	80000001	81000000	12779
A10	80800001	81800000	10645
A10	81600001	82600000	12586
A10	82400001	83400000	12457
A10	83200001	84200000	10567
A10	84000001	85000000	12075
A10	84800001	85800000	8582
A10	85600001	86600000	9733
A10	86400001	87400000	9806
A10	87200001	88200000	9784
A10	88000001	89000000	11685
A10	88800001	89800000	13183
A10	89600001	90600000	10339
A10	90400001	91400000	8526
A10	91200001	92200000	7602
A10	92000001	93000000	10405
A10	92800001	93800000	8663
A10	93600001	94600000	9403
A10	94400001	95400000	6375
A10	95200001	96200000	5403
A10	96000001	97000000	5888
A10	96800001	97800000	6779
A10	97600001	98600000	6149
A10	98400001	99400000	5132
A10	99200001	100200000	4757
A10	100000001	101000000	3714
A10	100800001	100866604	64
A11	1	1000000	5474
A11	800001	1800000	3255
A11	1600001	2600000	3038
A11	2400001	3400000	2582
A11	3200001	4200000	4086
A11	4000001	5000000	4071
A11	4800001	5800000	4417
A11	5600001	6600000	3837
A11	6400001	7400000	5866
A11	7200001	8200000	3892
A11	8000001	9000000	4894
A11	8800001	9800000	7622
A11	9600001	10600000	8059
A11	10400001	11400000	6816
A11	11200001	12200000	6828
A11	12000001	13000000	7805
A11	12800001	13800000	9144
A11	13600001	14600000	10660
A11	14400001	15400000	7658
A11	15200001	16200000	8836
A11	16000001	17000000	12142
A11	16800001	17800000	8023
A11	17600001	18600000	9153
A11	18400001	19400000	12972
A11	19200001	20200000	10746
A11	20000001	21000000	9709
A11	20800001	21800000	12897
A11	21600001	22600000	9176
A11	22400001	23400000	11726
A11	23200001	24200000	12185
A11	24000001	25000000	12729
A11	24800001	25800000	12698
A11	25600001	26600000	13491
A11	26400001	27400000	14258
A11	27200001	28200000	12952
A11	28000001	29000000	11636
A11	28800001	29800000	12044
A11	29600001	30600000	13194
A11	30400001	31400000	10158
A11	31200001	32200000	11549
A11	32000001	33000000	13120
A11	32800001	33800000	13028
A11	33600001	34600000	12153
A11	34400001	35400000	10600
A11	35200001	36200000	12088
A11	36000001	37000000	13616
A11	36800001	37800000	13540
A11	37600001	38600000	10254
A11	38400001	39400000	9911
A11	39200001	40200000	9107
A11	40000001	41000000	13117
A11	40800001	41800000	9473
A11	41600001	42600000	8501
A11	42400001	43400000	13763
A11	43200001	44200000	12880
A11	44000001	45000000	10151
A11	44800001	45800000	9089
A11	45600001	46600000	13019
A11	46400001	47400000	12176
A11	47200001	48200000	11098
A11	48000001	49000000	8048
A11	48800001	49800000	12357
A11	49600001	50600000	11518
A11	50400001	51400000	11901
A11	51200001	52200000	12451
A11	52000001	53000000	14118
A11	52800001	53800000	13380
A11	53600001	54600000	11950
A11	54400001	55400000	9235
A11	55200001	56200000	10541
A11	56000001	57000000	12747
A11	56800001	57800000	11157
A11	57600001	58600000	11452
A11	58400001	59400000	10587
A11	59200001	60200000	11697
A11	60000001	61000000	14860
A11	60800001	61800000	11685
A11	61600001	62600000	12706
A11	62400001	63400000	14722
A11	63200001	64200000	14535
A11	64000001	65000000	12922
A11	64800001	65800000	13662
A11	65600001	66600000	11158
A11	66400001	67400000	10717
A11	67200001	68200000	13044
A11	68000001	69000000	14798
A11	68800001	69800000	14377
A11	69600001	70600000	11354
A11	70400001	71400000	15448
A11	71200001	72200000	10973
A11	72000001	73000000	12671
A11	72800001	73800000	12690
A11	73600001	74600000	10499
A11	74400001	75400000	11253
A11	75200001	76200000	11950
A11	76000001	77000000	10865
A11	76800001	77800000	12538
A11	77600001	78600000	14007
A11	78400001	79400000	12808
A11	79200001	80200000	14233
A11	80000001	81000000	11650
A11	80800001	81800000	9423
A11	81600001	82600000	11408
A11	82400001	83400000	9377
A11	83200001	84200000	7286
A11	84000001	85000000	10102
A11	84800001	85800000	9297
A11	85600001	86600000	9886
A11	86400001	87400000	9981
A11	87200001	88200000	7691
A11	88000001	89000000	4555
A11	88800001	89800000	8123
A11	89600001	90600000	8082
A11	90400001	91400000	6086
A11	91200001	92200000	6824
A11	92000001	93000000	6806
A11	92800001	93316192	1581
A12	1	1000000	6906
A12	800001	1800000	7923
A12	1600001	2600000	7400
A12	2400001	3400000	8710
A12	3200001	4200000	10170
A12	4000001	5000000	12459
A12	4800001	5800000	12223
A12	5600001	6600000	12566
A12	6400001	7400000	10085
A12	7200001	8200000	13444
A12	8000001	9000000	10668
A12	8800001	9800000	13334
A12	9600001	10600000	8669
A12	10400001	11400000	13054
A12	11200001	12200000	16622
A12	12000001	13000000	15030
A12	12800001	13800000	12608
A12	13600001	14600000	12814
A12	14400001	15400000	13464
A12	15200001	16200000	14659
A12	16000001	17000000	14851
A12	16800001	17800000	13996
A12	17600001	18600000	15965
A12	18400001	19400000	17617
A12	19200001	20200000	13371
A12	20000001	21000000	15704
A12	20800001	21800000	16712
A12	21600001	22600000	13647
A12	22400001	23400000	14597
A12	23200001	24200000	14701
A12	24000001	25000000	11169
A12	24800001	25800000	10578
A12	25600001	26600000	10252
A12	26400001	27400000	14544
A12	27200001	28200000	13992
A12	28000001	29000000	15488
A12	28800001	29800000	15459
A12	29600001	30600000	14872
A12	30400001	31400000	10782
A12	31200001	32200000	9915
A12	32000001	33000000	12440
A12	32800001	33800000	11424
A12	33600001	34600000	11016
A12	34400001	35400000	10718
A12	35200001	36200000	9457
A12	36000001	37000000	10661
A12	36800001	37800000	10906
A12	37600001	38600000	14908
A12	38400001	39400000	13439
A12	39200001	40200000	14845
A12	40000001	41000000	13856
A12	40800001	41800000	15093
A12	41600001	42600000	14495
A12	42400001	43400000	12328
A12	43200001	44200000	12965
A12	44000001	45000000	12970
A12	44800001	45800000	14247
A12	45600001	46600000	13797
A12	46400001	47400000	11334
A12	47200001	48200000	13686
A12	48000001	49000000	11560
A12	48800001	49800000	14978
A12	49600001	50600000	10077
A12	50400001	51400000	16927
A12	51200001	52200000	13571
A12	52000001	53000000	12643
A12	52800001	53800000	13844
A12	53600001	54600000	13494
A12	54400001	55400000	14812
A12	55200001	56200000	14534
A12	56000001	57000000	15073
A12	56800001	57800000	14503
A12	57600001	58600000	13165
A12	58400001	59400000	14514
A12	59200001	60200000	12080
A12	60000001	61000000	10615
A12	60800001	61800000	12133
A12	61600001	62600000	15159
A12	62400001	63400000	15686
A12	63200001	64200000	13355
A12	64000001	65000000	10650
A12	64800001	65800000	11651
A12	65600001	66600000	9931
A12	66400001	67400000	12710
A12	67200001	68200000	14498
A12	68000001	69000000	13142
A12	68800001	69800000	11629
A12	69600001	70600000	14623
A12	70400001	71400000	13748
A12	71200001	72200000	14792
A12	72000001	73000000	11457
A12	72800001	73800000	11858
A12	73600001	74600000	9291
A12	74400001	75400000	11936
A12	75200001	76200000	13398
A12	76000001	77000000	10574
A12	76800001	77800000	10828
A12	77600001	78600000	8167
A12	78400001	79400000	8635
A12	79200001	80200000	9905
A12	80000001	81000000	6885
A12	80800001	81800000	5251
A12	81600001	82600000	6558
A12	82400001	83400000	5749
A12	83200001	84200000	4057
A12	84000001	85000000	3034
A12	84800001	85800000	2691
A12	85600001	86600000	2938
A12	86400001	87400000	2781
A12	87200001	87484866	747
A13	1	1000000	6550
A13	800001	1800000	7686
A13	1600001	2600000	7477
A13	2400001	3400000	5943
A13	3200001	4200000	6389
A13	4000001	5000000	9390
A13	4800001	5800000	9921
A13	5600001	6600000	13867
A13	6400001	7400000	13205
A13	7200001	8200000	12314
A13	8000001	9000000	14592
A13	8800001	9800000	13910
A13	9600001	10600000	14161
A13	10400001	11400000	9405
A13	11200001	12200000	12400
A13	12000001	13000000	14061
A13	12800001	13800000	13022
A13	13600001	14600000	12038
A13	14400001	15400000	16465
A13	15200001	16200000	13236
A13	16000001	17000000	11160
A13	16800001	17800000	13768
A13	17600001	18600000	13228
A13	18400001	19400000	14983
A13	19200001	20200000	11352
A13	20000001	21000000	13195
A13	20800001	21800000	12866
A13	21600001	22600000	13439
A13	22400001	23400000	14073
A13	23200001	24200000	13006
A13	24000001	25000000	11469
A13	24800001	25800000	13124
A13	25600001	26600000	13397
A13	26400001	27400000	13864
A13	27200001	28200000	12948
A13	28000001	29000000	11693
A13	28800001	29800000	10964
A13	29600001	30600000	10293
A13	30400001	31400000	13271
A13	31200001	32200000	14722
A13	32000001	33000000	10581
A13	32800001	33800000	12484
A13	33600001	34600000	8000
A13	34400001	35400000	7997
A13	35200001	36200000	11822
A13	36000001	37000000	12829
A13	36800001	37800000	12864
A13	37600001	38600000	13584
A13	38400001	39400000	12627
A13	39200001	40200000	11132
A13	40000001	41000000	11270
A13	40800001	41800000	12139
A13	41600001	42600000	9843
A13	42400001	43400000	9918
A13	43200001	44200000	11859
A13	44000001	45000000	9778
A13	44800001	45800000	11014
A13	45600001	46600000	11705
A13	46400001	47400000	12064
A13	47200001	48200000	11677
A13	48000001	49000000	10589
A13	48800001	49800000	11457
A13	49600001	50600000	8725
A13	50400001	51400000	9837
A13	51200001	52200000	8070
A13	52000001	53000000	10717
A13	52800001	53800000	10501
A13	53600001	54600000	12731
A13	54400001	55400000	11322
A13	55200001	56200000	14448
A13	56000001	57000000	11565
A13	56800001	57800000	12927
A13	57600001	58600000	12507
A13	58400001	59400000	12303
A13	59200001	60200000	9135
A13	60000001	61000000	8772
A13	60800001	61800000	8003
A13	61600001	62600000	12557
A13	62400001	63400000	11495
A13	63200001	64200000	7892
A13	64000001	65000000	8596
A13	64800001	65800000	9066
A13	65600001	66600000	10027
A13	66400001	67400000	10090
A13	67200001	68200000	9304
A13	68000001	69000000	9454
A13	68800001	69800000	14240
A13	69600001	70600000	12688
A13	70400001	71400000	10827
A13	71200001	72200000	11908
A13	72000001	73000000	9469
A13	72800001	73800000	6079
A13	73600001	74600000	8210
A13	74400001	75400000	5209
A13	75200001	76200000	4490
A13	76000001	77000000	4048
A13	76800001	77800000	8379
A13	77600001	78600000	3642
A13	78400001	79400000	2033
A13	79200001	79961121	2343
D01	1	1000000	5160
D01	800001	1800000	4517
D01	1600001	2600000	5871
D01	2400001	3400000	6217
D01	3200001	4200000	5382
D01	4000001	5000000	7396
D01	4800001	5800000	6953
D01	5600001	6600000	11072
D01	6400001	7400000	12243
D01	7200001	8200000	11844
D01	8000001	9000000	9667
D01	8800001	9800000	9644
D01	9600001	10600000	9068
D01	10400001	11400000	11930
D01	11200001	12200000	14820
D01	12000001	13000000	12980
D01	12800001	13800000	12163
D01	13600001	14600000	10145
D01	14400001	15400000	13288
D01	15200001	16200000	12364
D01	16000001	17000000	14157
D01	16800001	17800000	13545
D01	17600001	18600000	14399
D01	18400001	19400000	13856
D01	19200001	20200000	13196
D01	20000001	21000000	12487
D01	20800001	21800000	12808
D01	21600001	22600000	13616
D01	22400001	23400000	11778
D01	23200001	24200000	13366
D01	24000001	25000000	12514
D01	24800001	25800000	12239
D01	25600001	26600000	11737
D01	26400001	27400000	10941
D01	27200001	28200000	10819
D01	28000001	29000000	12727
D01	28800001	29800000	11765
D01	29600001	30600000	11957
D01	30400001	31400000	13930
D01	31200001	32200000	12399
D01	32000001	33000000	12405
D01	32800001	33800000	9354
D01	33600001	34600000	10971
D01	34400001	35400000	9777
D01	35200001	36200000	11590
D01	36000001	37000000	9759
D01	36800001	37800000	9396
D01	37600001	38600000	12818
D01	38400001	39400000	13863
D01	39200001	40200000	13240
D01	40000001	41000000	10499
D01	40800001	41800000	11901
D01	41600001	42600000	11216
D01	42400001	43400000	14049
D01	43200001	44200000	13146
D01	44000001	45000000	13373
D01	44800001	45800000	12906
D01	45600001	46600000	10774
D01	46400001	47400000	10266
D01	47200001	48200000	12514
D01	48000001	49000000	14008
D01	48800001	49800000	13636
D01	49600001	50600000	10675
D01	50400001	51400000	12705
D01	51200001	52200000	12380
D01	52000001	53000000	13133
D01	52800001	53800000	10272
D01	53600001	54600000	11548
D01	54400001	55400000	11770
D01	55200001	56200000	11172
D01	56000001	57000000	11698
D01	56800001	57800000	8154
D01	57600001	58600000	9196
D01	58400001	59400000	8487
D01	59200001	60200000	7453
D01	60000001	61000000	4665
D01	60800001	61456009	1625
D02	1	1000000	4005
D02	800001	1800000	4050
D02	1600001	2600000	6109
D02	2400001	3400000	5454
D02	3200001	4200000	4543
D02	4000001	5000000	4956
D02	4800001	5800000	7981
D02	5600001	6600000	8020
D02	6400001	7400000	6118
D02	7200001	8200000	9229
D02	8000001	9000000	8777
D02	8800001	9800000	11054
D02	9600001	10600000	10248
D02	10400001	11400000	11441
D02	11200001	12200000	11616
D02	12000001	13000000	11024
D02	12800001	13800000	10120
D02	13600001	14600000	11684
D02	14400001	15400000	12384
D02	15200001	16200000	12592
D02	16000001	17000000	9690
D02	16800001	17800000	11411
D02	17600001	18600000	11959
D02	18400001	19400000	11719
D02	19200001	20200000	9567
D02	20000001	21000000	10435
D02	20800001	21800000	11948
D02	21600001	22600000	13337
D02	22400001	23400000	13460
D02	23200001	24200000	10388
D02	24000001	25000000	11422
D02	24800001	25800000	11345
D02	25600001	26600000	12521
D02	26400001	27400000	12298
D02	27200001	28200000	10268
D02	28000001	29000000	11451
D02	28800001	29800000	9580
D02	29600001	30600000	9548
D02	30400001	31400000	9995
D02	31200001	32200000	10542
D02	32000001	33000000	10976
D02	32800001	33800000	11244
D02	33600001	34600000	11387
D02	34400001	35400000	14049
D02	35200001	36200000	13585
D02	36000001	37000000	9738
D02	36800001	37800000	12123
D02	37600001	38600000	10154
D02	38400001	39400000	13426
D02	39200001	40200000	12891
D02	40000001	41000000	13566
D02	40800001	41800000	12790
D02	41600001	42600000	10867
D02	42400001	43400000	12502
D02	43200001	44200000	12433
D02	44000001	45000000	13516
D02	44800001	45800000	14738
D02	45600001	46600000	12539
D02	46400001	47400000	12036
D02	47200001	48200000	12833
D02	48000001	49000000	13230
D02	48800001	49800000	13652
D02	49600001	50600000	11278
D02	50400001	51400000	13460
D02	51200001	52200000	12907
D02	52000001	53000000	11241
D02	52800001	53800000	11808
D02	53600001	54600000	14088
D02	54400001	55400000	13665
D02	55200001	56200000	12702
D02	56000001	57000000	10335
D02	56800001	57800000	10348
D02	57600001	58600000	9845
D02	58400001	59400000	11980
D02	59200001	60200000	12996
D02	60000001	61000000	10307
D02	60800001	61800000	11043
D02	61600001	62600000	10324
D02	62400001	63400000	8616
D02	63200001	64200000	4588
D02	64000001	65000000	6706
D02	64800001	65800000	5004
D02	65600001	66600000	3830
D02	66400001	67400000	2806
D02	67200001	67284553	553
D03	1	1000000	4954
D03	800001	1800000	6096
D03	1600001	2600000	7537
D03	2400001	3400000	8368
D03	3200001	4200000	9453
D03	4000001	5000000	11448
D03	4800001	5800000	10666
D03	5600001	6600000	11953
D03	6400001	7400000	13985
D03	7200001	8200000	13468
D03	8000001	9000000	14830
D03	8800001	9800000	13569
D03	9600001	10600000	11703
D03	10400001	11400000	11776
D03	11200001	12200000	12346
D03	12000001	13000000	13244
D03	12800001	13800000	10871
D03	13600001	14600000	9435
D03	14400001	15400000	10741
D03	15200001	16200000	13106
D03	16000001	17000000	12666
D03	16800001	17800000	10984
D03	17600001	18600000	11153
D03	18400001	19400000	10666
D03	19200001	20200000	11129
D03	20000001	21000000	10864
D03	20800001	21800000	12432
D03	21600001	22600000	11476
D03	22400001	23400000	11087
D03	23200001	24200000	12792
D03	24000001	25000000	13747
D03	24800001	25800000	13349
D03	25600001	26600000	13706
D03	26400001	27400000	12799
D03	27200001	28200000	11897
D03	28000001	29000000	11948
D03	28800001	29800000	13988
D03	29600001	30600000	12395
D03	30400001	31400000	12537
D03	31200001	32200000	14104
D03	32000001	33000000	13865
D03	32800001	33800000	14125
D03	33600001	34600000	13163
D03	34400001	35400000	11232
D03	35200001	36200000	10542
D03	36000001	37000000	11772
D03	36800001	37800000	11207
D03	37600001	38600000	9911
D03	38400001	39400000	8868
D03	39200001	40200000	11730
D03	40000001	41000000	9476
D03	40800001	41800000	8360
D03	41600001	42600000	8865
D03	42400001	43400000	5595
D03	43200001	44200000	6166
D03	44000001	45000000	7104
D03	44800001	45800000	5593
D03	45600001	46600000	4448
D03	46400001	46690656	600
D04	1	1000000	5715
D04	800001	1800000	6314
D04	1600001	2600000	5874
D04	2400001	3400000	5643
D04	3200001	4200000	7917
D04	4000001	5000000	6275
D04	4800001	5800000	8710
D04	5600001	6600000	8853
D04	6400001	7400000	10746
D04	7200001	8200000	12287
D04	8000001	9000000	11282
D04	8800001	9800000	10315
D04	9600001	10600000	10419
D04	10400001	11400000	12203
D04	11200001	12200000	12950
D04	12000001	13000000	13404
D04	12800001	13800000	12832
D04	13600001	14600000	13186
D04	14400001	15400000	12199
D04	15200001	16200000	12453
D04	16000001	17000000	12584
D04	16800001	17800000	10314
D04	17600001	18600000	11255
D04	18400001	19400000	11440
D04	19200001	20200000	10077
D04	20000001	21000000	10109
D04	20800001	21800000	7883
D04	21600001	22600000	11527
D04	22400001	23400000	10513
D04	23200001	24200000	14266
D04	24000001	25000000	12445
D04	24800001	25800000	12064
D04	25600001	26600000	12046
D04	26400001	27400000	10902
D04	27200001	28200000	9594
D04	28000001	29000000	11528
D04	28800001	29800000	12669
D04	29600001	30600000	15698
D04	30400001	31400000	13408
D04	31200001	32200000	13355
D04	32000001	33000000	13237
D04	32800001	33800000	13164
D04	33600001	34600000	13657
D04	34400001	35400000	13724
D04	35200001	36200000	13313
D04	36000001	37000000	13683
D04	36800001	37800000	11117
D04	37600001	38600000	13205
D04	38400001	39400000	14960
D04	39200001	40200000	14523
D04	40000001	41000000	11659
D04	40800001	41800000	13429
D04	41600001	42600000	11230
D04	42400001	43400000	12338
D04	43200001	44200000	12119
D04	44000001	45000000	8685
D04	44800001	45800000	12378
D04	45600001	46600000	11147
D04	46400001	47400000	7500
D04	47200001	48200000	6512
D04	48000001	49000000	5599
D04	48800001	49800000	5926
D04	49600001	50600000	5372
D04	50400001	51400000	5015
D04	51200001	51454130	1149
D05	1	1000000	3784
D05	800001	1800000	3354
D05	1600001	2600000	3158
D05	2400001	3400000	2247
D05	3200001	4200000	3192
D05	4000001	5000000	3000
D05	4800001	5800000	3358
D05	5600001	6600000	3675
D05	6400001	7400000	2410
D05	7200001	8200000	3403
D05	8000001	9000000	2880
D05	8800001	9800000	2951
D05	9600001	10600000	3274
D05	10400001	11400000	2537
D05	11200001	12200000	2202
D05	12000001	13000000	2703
D05	12800001	13800000	3566
D05	13600001	14600000	4660
D05	14400001	15400000	4084
D05	15200001	16200000	4458
D05	16000001	17000000	3503
D05	16800001	17800000	3193
D05	17600001	18600000	5000
D05	18400001	19400000	4736
D05	19200001	20200000	5957
D05	20000001	21000000	8054
D05	20800001	21800000	4599
D05	21600001	22600000	6744
D05	22400001	23400000	7474
D05	23200001	24200000	5686
D05	24000001	25000000	7227
D05	24800001	25800000	7897
D05	25600001	26600000	7677
D05	26400001	27400000	7796
D05	27200001	28200000	8114
D05	28000001	29000000	10030
D05	28800001	29800000	10645
D05	29600001	30600000	11590
D05	30400001	31400000	12129
D05	31200001	32200000	9003
D05	32000001	33000000	9977
D05	32800001	33800000	10441
D05	33600001	34600000	13310
D05	34400001	35400000	13905
D05	35200001	36200000	12563
D05	36000001	37000000	11506
D05	36800001	37800000	11312
D05	37600001	38600000	10872
D05	38400001	39400000	11562
D05	39200001	40200000	8815
D05	40000001	41000000	10571
D05	40800001	41800000	12222
D05	41600001	42600000	12535
D05	42400001	43400000	11927
D05	43200001	44200000	12732
D05	44000001	45000000	12475
D05	44800001	45800000	12787
D05	45600001	46600000	29568
D05	46400001	47400000	28312
D05	47200001	48200000	11001
D05	48000001	49000000	10155
D05	48800001	49800000	11648
D05	49600001	50600000	11820
D05	50400001	51400000	9645
D05	51200001	52200000	13509
D05	52000001	53000000	9616
D05	52800001	53800000	6286
D05	53600001	54600000	8608
D05	54400001	55400000	8749
D05	55200001	56200000	6210
D05	56000001	57000000	12580
D05	56800001	57800000	9394
D05	57600001	58600000	11679
D05	58400001	59400000	11299
D05	59200001	60200000	4482
D05	60000001	61000000	6412
D05	60800001	61800000	6425
D05	61600001	61933047	1664
D06	1	1000000	6315
D06	800001	1800000	5603
D06	1600001	2600000	3541
D06	2400001	3400000	3655
D06	3200001	4200000	9975
D06	4000001	5000000	12615
D06	4800001	5800000	9097
D06	5600001	6600000	9163
D06	6400001	7400000	13625
D06	7200001	8200000	11849
D06	8000001	9000000	9282
D06	8800001	9800000	10835
D06	9600001	10600000	10824
D06	10400001	11400000	10524
D06	11200001	12200000	13075
D06	12000001	13000000	11628
D06	12800001	13800000	11705
D06	13600001	14600000	13416
D06	14400001	15400000	13145
D06	15200001	16200000	13921
D06	16000001	17000000	11386
D06	16800001	17800000	11113
D06	17600001	18600000	13224
D06	18400001	19400000	14376
D06	19200001	20200000	10858
D06	20000001	21000000	11776
D06	20800001	21800000	12491
D06	21600001	22600000	12026
D06	22400001	23400000	12918
D06	23200001	24200000	9070
D06	24000001	25000000	12568
D06	24800001	25800000	11666
D06	25600001	26600000	13608
D06	26400001	27400000	10578
D06	27200001	28200000	10549
D06	28000001	29000000	11422
D06	28800001	29800000	11133
D06	29600001	30600000	13280
D06	30400001	31400000	12092
D06	31200001	32200000	11643
D06	32000001	33000000	9600
D06	32800001	33800000	10232
D06	33600001	34600000	10999
D06	34400001	35400000	8528
D06	35200001	36200000	10955
D06	36000001	37000000	13296
D06	36800001	37800000	10996
D06	37600001	38600000	9086
D06	38400001	39400000	9291
D06	39200001	40200000	13736
D06	40000001	41000000	10697
D06	40800001	41800000	13505
D06	41600001	42600000	12395
D06	42400001	43400000	12138
D06	43200001	44200000	11942
D06	44000001	45000000	11960
D06	44800001	45800000	10990
D06	45600001	46600000	12044
D06	46400001	47400000	12736
D06	47200001	48200000	12795
D06	48000001	49000000	11715
D06	48800001	49800000	12779
D06	49600001	50600000	12324
D06	50400001	51400000	11193
D06	51200001	52200000	11772
D06	52000001	53000000	12211
D06	52800001	53800000	11117
D06	53600001	54600000	10271
D06	54400001	55400000	11324
D06	55200001	56200000	10255
D06	56000001	57000000	11477
D06	56800001	57800000	11108
D06	57600001	58600000	10665
D06	58400001	59400000	9326
D06	59200001	60200000	6405
D06	60000001	61000000	7894
D06	60800001	61800000	8699
D06	61600001	62600000	6540
D06	62400001	63400000	6606
D06	63200001	64200000	5644
D06	64000001	64294643	780
D07	1	1000000	4501
D07	800001	1800000	2982
D07	1600001	2600000	4550
D07	2400001	3400000	4405
D07	3200001	4200000	5820
D07	4000001	5000000	4545
D07	4800001	5800000	6915
D07	5600001	6600000	6738
D07	6400001	7400000	7662
D07	7200001	8200000	6439
D07	8000001	9000000	7626
D07	8800001	9800000	9004
D07	9600001	10600000	9272
D07	10400001	11400000	7027
D07	11200001	12200000	10622
D07	12000001	13000000	11904
D07	12800001	13800000	11618
D07	13600001	14600000	12912
D07	14400001	15400000	9723
D07	15200001	16200000	10676
D07	16000001	17000000	11380
D07	16800001	17800000	12011
D07	17600001	18600000	12308
D07	18400001	19400000	8911
D07	19200001	20200000	8979
D07	20000001	21000000	11988
D07	20800001	21800000	11858
D07	21600001	22600000	12469
D07	22400001	23400000	12838
D07	23200001	24200000	12377
D07	24000001	25000000	12368
D07	24800001	25800000	12286
D07	25600001	26600000	12354
D07	26400001	27400000	11125
D07	27200001	28200000	11708
D07	28000001	29000000	14072
D07	28800001	29800000	12448
D07	29600001	30600000	12192
D07	30400001	31400000	11272
D07	31200001	32200000	10856
D07	32000001	33000000	10901
D07	32800001	33800000	10211
D07	33600001	34600000	10500
D07	34400001	35400000	11374
D07	35200001	36200000	10295
D07	36000001	37000000	10902
D07	36800001	37800000	10900
D07	37600001	38600000	11034
D07	38400001	39400000	9401
D07	39200001	40200000	10070
D07	40000001	41000000	11626
D07	40800001	41800000	11366
D07	41600001	42600000	9950
D07	42400001	43400000	11041
D07	43200001	44200000	12837
D07	44000001	45000000	8775
D07	44800001	45800000	9189
D07	45600001	46600000	9654
D07	46400001	47400000	12891
D07	47200001	48200000	12470
D07	48000001	49000000	10699
D07	48800001	49800000	8173
D07	49600001	50600000	5617
D07	50400001	51400000	8653
D07	51200001	52200000	5986
D07	52000001	53000000	7183
D07	52800001	53800000	7598
D07	53600001	54600000	6798
D07	54400001	55400000	8227
D07	55200001	55312611	1844
D08	1	1000000	6290
D08	800001	1800000	4956
D08	1600001	2600000	5365
D08	2400001	3400000	6864
D08	3200001	4200000	7140
D08	4000001	5000000	8398
D08	4800001	5800000	7685
D08	5600001	6600000	10169
D08	6400001	7400000	11459
D08	7200001	8200000	10508
D08	8000001	9000000	11094
D08	8800001	9800000	11721
D08	9600001	10600000	10861
D08	10400001	11400000	13322
D08	11200001	12200000	12285
D08	12000001	13000000	13901
D08	12800001	13800000	14687
D08	13600001	14600000	13598
D08	14400001	15400000	12698
D08	15200001	16200000	19944
D08	16000001	17000000	12053
D08	16800001	17800000	12137
D08	17600001	18600000	12379
D08	18400001	19400000	11764
D08	19200001	20200000	12008
D08	20000001	21000000	10738
D08	20800001	21800000	9248
D08	21600001	22600000	11637
D08	22400001	23400000	10975
D08	23200001	24200000	11947
D08	24000001	25000000	11603
D08	24800001	25800000	10462
D08	25600001	26600000	7238
D08	26400001	27400000	9060
D08	27200001	28200000	8501
D08	28000001	29000000	8597
D08	28800001	29800000	10362
D08	29600001	30600000	11304
D08	30400001	31400000	13459
D08	31200001	32200000	12699
D08	32000001	33000000	10735
D08	32800001	33800000	11531
D08	33600001	34600000	11116
D08	34400001	35400000	12026
D08	35200001	36200000	13110
D08	36000001	37000000	12636
D08	36800001	37800000	13206
D08	37600001	38600000	13503
D08	38400001	39400000	11747
D08	39200001	40200000	13305
D08	40000001	41000000	12068
D08	40800001	41800000	12536
D08	41600001	42600000	11988
D08	42400001	43400000	14230
D08	43200001	44200000	12822
D08	44000001	45000000	12723
D08	44800001	45800000	13140
D08	45600001	46600000	12881
D08	46400001	47400000	11220
D08	47200001	48200000	11049
D08	48000001	49000000	11665
D08	48800001	49800000	11107
D08	49600001	50600000	8666
D08	50400001	51400000	11008
D08	51200001	52200000	11693
D08	52000001	53000000	11917
D08	52800001	53800000	8529
D08	53600001	54600000	11057
D08	54400001	55400000	12278
D08	55200001	56200000	14401
D08	56000001	57000000	11426
D08	56800001	57800000	11134
D08	57600001	58600000	8585
D08	58400001	59400000	8822
D08	59200001	60200000	5002
D08	60000001	61000000	8372
D08	60800001	61800000	6991
D08	61600001	62600000	7573
D08	62400001	63400000	6943
D08	63200001	64200000	4560
D08	64000001	65000000	3886
D08	64800001	65800000	4052
D08	65600001	65894135	842
D09	1	1000000	12060
D09	800001	1800000	9211
D09	1600001	2600000	7387
D09	2400001	3400000	9761
D09	3200001	4200000	12311
D09	4000001	5000000	10218
D09	4800001	5800000	9955
D09	5600001	6600000	9673
D09	6400001	7400000	9379
D09	7200001	8200000	8405
D09	8000001	9000000	8485
D09	8800001	9800000	11249
D09	9600001	10600000	11106
D09	10400001	11400000	8957
D09	11200001	12200000	10538
D09	12000001	13000000	10729
D09	12800001	13800000	11195
D09	13600001	14600000	9222
D09	14400001	15400000	11069
D09	15200001	16200000	7889
D09	16000001	17000000	9989
D09	16800001	17800000	11101
D09	17600001	18600000	10068
D09	18400001	19400000	11067
D09	19200001	20200000	10689
D09	20000001	21000000	11879
D09	20800001	21800000	11979
D09	21600001	22600000	11258
D09	22400001	23400000	12799
D09	23200001	24200000	12194
D09	24000001	25000000	12894
D09	24800001	25800000	10609
D09	25600001	26600000	12347
D09	26400001	27400000	14083
D09	27200001	28200000	13102
D09	28000001	29000000	11796
D09	28800001	29800000	10899
D09	29600001	30600000	11866
D09	30400001	31400000	10995
D09	31200001	32200000	9742
D09	32000001	33000000	8279
D09	32800001	33800000	9232
D09	33600001	34600000	9823
D09	34400001	35400000	10764
D09	35200001	36200000	8270
D09	36000001	37000000	6642
D09	36800001	37800000	6407
D09	37600001	38600000	5797
D09	38400001	39400000	6107
D09	39200001	40200000	5970
D09	40000001	41000000	7215
D09	40800001	41800000	7627
D09	41600001	42600000	3259
D09	42400001	43400000	5180
D09	43200001	44200000	5679
D09	44000001	45000000	5982
D09	44800001	45800000	6558
D09	45600001	46600000	3992
D09	46400001	47400000	3522
D09	47200001	48200000	2672
D09	48000001	49000000	3237
D09	48800001	49800000	4285
D09	49600001	50600000	4600
D09	50400001	50995436	1668
D10	1	1000000	4236
D10	800001	1800000	2878
D10	1600001	2600000	3695
D10	2400001	3400000	3797
D10	3200001	4200000	5473
D10	4000001	5000000	4644
D10	4800001	5800000	7668
D10	5600001	6600000	8481
D10	6400001	7400000	9212
D10	7200001	8200000	8518
D10	8000001	9000000	8973
D10	8800001	9800000	10525
D10	9600001	10600000	9523
D10	10400001	11400000	11065
D10	11200001	12200000	9564
D10	12000001	13000000	11062
D10	12800001	13800000	11553
D10	13600001	14600000	12406
D10	14400001	15400000	13290
D10	15200001	16200000	11623
D10	16000001	17000000	11097
D10	16800001	17800000	11353
D10	17600001	18600000	12450
D10	18400001	19400000	15524
D10	19200001	20200000	13507
D10	20000001	21000000	10684
D10	20800001	21800000	13764
D10	21600001	22600000	9461
D10	22400001	23400000	11210
D10	23200001	24200000	13845
D10	24000001	25000000	12764
D10	24800001	25800000	11119
D10	25600001	26600000	11768
D10	26400001	27400000	11550
D10	27200001	28200000	13537
D10	28000001	29000000	14429
D10	28800001	29800000	12546
D10	29600001	30600000	12815
D10	30400001	31400000	15692
D10	31200001	32200000	12000
D10	32000001	33000000	9535
D10	32800001	33800000	12352
D10	33600001	34600000	10811
D10	34400001	35400000	9667
D10	35200001	36200000	10825
D10	36000001	37000000	11451
D10	36800001	37800000	10263
D10	37600001	38600000	9831
D10	38400001	39400000	10921
D10	39200001	40200000	10779
D10	40000001	41000000	11663
D10	40800001	41800000	13030
D10	41600001	42600000	11388
D10	42400001	43400000	11829
D10	43200001	44200000	13064
D10	44000001	45000000	10426
D10	44800001	45800000	11208
D10	45600001	46600000	12632
D10	46400001	47400000	13762
D10	47200001	48200000	14605
D10	48000001	49000000	12966
D10	48800001	49800000	11254
D10	49600001	50600000	11750
D10	50400001	51400000	10901
D10	51200001	52200000	11833
D10	52000001	53000000	12140
D10	52800001	53800000	10304
D10	53600001	54600000	9225
D10	54400001	55400000	10026
D10	55200001	56200000	7032
D10	56000001	57000000	9359
D10	56800001	57800000	7443
D10	57600001	58600000	6805
D10	58400001	59400000	9116
D10	59200001	60200000	6375
D10	60000001	61000000	5755
D10	60800001	61800000	7815
D10	61600001	62600000	4172
D10	62400001	63400000	2307
D10	63200001	63374666	268
D11	1	1000000	5024
D11	800001	1800000	4708
D11	1600001	2600000	3259
D11	2400001	3400000	3320
D11	3200001	4200000	4159
D11	4000001	5000000	4453
D11	4800001	5800000	2489
D11	5600001	6600000	5554
D11	6400001	7400000	6480
D11	7200001	8200000	6223
D11	8000001	9000000	5477
D11	8800001	9800000	6570
D11	9600001	10600000	7163
D11	10400001	11400000	8657
D11	11200001	12200000	7786
D11	12000001	13000000	7958
D11	12800001	13800000	7414
D11	13600001	14600000	7746
D11	14400001	15400000	7727
D11	15200001	16200000	8976
D11	16000001	17000000	10048
D11	16800001	17800000	10321
D11	17600001	18600000	10643
D11	18400001	19400000	10046
D11	19200001	20200000	12765
D11	20000001	21000000	12361
D11	20800001	21800000	11057
D11	21600001	22600000	11145
D11	22400001	23400000	11503
D11	23200001	24200000	12724
D11	24000001	25000000	12643
D11	24800001	25800000	12651
D11	25600001	26600000	12350
D11	26400001	27400000	12687
D11	27200001	28200000	12336
D11	28000001	29000000	13747
D11	28800001	29800000	15529
D11	29600001	30600000	12753
D11	30400001	31400000	12229
D11	31200001	32200000	11859
D11	32000001	33000000	11973
D11	32800001	33800000	11832
D11	33600001	34600000	12097
D11	34400001	35400000	11705
D11	35200001	36200000	10205
D11	36000001	37000000	11555
D11	36800001	37800000	11266
D11	37600001	38600000	12011
D11	38400001	39400000	13801
D11	39200001	40200000	10032
D11	40000001	41000000	10254
D11	40800001	41800000	11515
D11	41600001	42600000	12737
D11	42400001	43400000	12144
D11	43200001	44200000	12487
D11	44000001	45000000	14345
D11	44800001	45800000	15114
D11	45600001	46600000	13058
D11	46400001	47400000	12096
D11	47200001	48200000	10817
D11	48000001	49000000	10551
D11	48800001	49800000	11593
D11	49600001	50600000	11593
D11	50400001	51400000	11445
D11	51200001	52200000	11642
D11	52000001	53000000	9647
D11	52800001	53800000	10356
D11	53600001	54600000	9933
D11	54400001	55400000	10834
D11	55200001	56200000	8947
D11	56000001	57000000	11006
D11	56800001	57800000	10892
D11	57600001	58600000	4891
D11	58400001	59400000	6442
D11	59200001	60200000	4808
D11	60000001	61000000	6199
D11	60800001	61800000	5752
D11	61600001	62600000	6558
D11	62400001	63400000	5534
D11	63200001	64200000	5271
D11	64000001	65000000	3692
D11	64800001	65800000	4178
D11	65600001	66087774	2074
D12	1	1000000	6990
D12	800001	1800000	6071
D12	1600001	2600000	7376
D12	2400001	3400000	7299
D12	3200001	4200000	8283
D12	4000001	5000000	11032
D12	4800001	5800000	9597
D12	5600001	6600000	9991
D12	6400001	7400000	9820
D12	7200001	8200000	11722
D12	8000001	9000000	12370
D12	8800001	9800000	13963
D12	9600001	10600000	13248
D12	10400001	11400000	11146
D12	11200001	12200000	10586
D12	12000001	13000000	13111
D12	12800001	13800000	14270
D12	13600001	14600000	12698
D12	14400001	15400000	12594
D12	15200001	16200000	12044
D12	16000001	17000000	12009
D12	16800001	17800000	12740
D12	17600001	18600000	13475
D12	18400001	19400000	11534
D12	19200001	20200000	12310
D12	20000001	21000000	12735
D12	20800001	21800000	12121
D12	21600001	22600000	13138
D12	22400001	23400000	18565
D12	23200001	24200000	9714
D12	24000001	25000000	11234
D12	24800001	25800000	10377
D12	25600001	26600000	12290
D12	26400001	27400000	12522
D12	27200001	28200000	12051
D12	28000001	29000000	9951
D12	28800001	29800000	11096
D12	29600001	30600000	10082
D12	30400001	31400000	11133
D12	31200001	32200000	11298
D12	32000001	33000000	10854
D12	32800001	33800000	10572
D12	33600001	34600000	13250
D12	34400001	35400000	11980
D12	35200001	36200000	11659
D12	36000001	37000000	12912
D12	36800001	37800000	14347
D12	37600001	38600000	13301
D12	38400001	39400000	12328
D12	39200001	40200000	9512
D12	40000001	41000000	12637
D12	40800001	41800000	11733
D12	41600001	42600000	11732
D12	42400001	43400000	10412
D12	43200001	44200000	9315
D12	44000001	45000000	10260
D12	44800001	45800000	11193
D12	45600001	46600000	10799
D12	46400001	47400000	8866
D12	47200001	48200000	7649
D12	48000001	49000000	9212
D12	48800001	49800000	8739
D12	49600001	50600000	6821
D12	50400001	51400000	8696
D12	51200001	52200000	8398
D12	52000001	53000000	7222
D12	52800001	53800000	6763
D12	53600001	54600000	5836
D12	54400001	55400000	7675
D12	55200001	56200000	4386
D12	56000001	57000000	4456
D12	56800001	57800000	3621
D12	57600001	58600000	4112
D12	58400001	59109837	3194
D13	1	1000000	3768
D13	800001	1800000	5029
D13	1600001	2600000	5618
D13	2400001	3400000	5627
D13	3200001	4200000	8053
D13	4000001	5000000	8943
D13	4800001	5800000	8907
D13	5600001	6600000	12447
D13	6400001	7400000	13220
D13	7200001	8200000	12976
D13	8000001	9000000	11967
D13	8800001	9800000	12722
D13	9600001	10600000	13585
D13	10400001	11400000	8936
D13	11200001	12200000	10659
D13	12000001	13000000	11583
D13	12800001	13800000	12523
D13	13600001	14600000	14042
D13	14400001	15400000	11864
D13	15200001	16200000	12447
D13	16000001	17000000	10449
D13	16800001	17800000	10999
D13	17600001	18600000	14508
D13	18400001	19400000	11914
D13	19200001	20200000	11944
D13	20000001	21000000	13041
D13	20800001	21800000	11281
D13	21600001	22600000	11133
D13	22400001	23400000	10076
D13	23200001	24200000	6840
D13	24000001	25000000	11873
D13	24800001	25800000	10641
D13	25600001	26600000	8476
D13	26400001	27400000	9836
D13	27200001	28200000	12573
D13	28000001	29000000	10363
D13	28800001	29800000	15823
D13	29600001	30600000	11115
D13	30400001	31400000	11025
D13	31200001	32200000	11348
D13	32000001	33000000	12562
D13	32800001	33800000	12522
D13	33600001	34600000	11958
D13	34400001	35400000	13260
D13	35200001	36200000	11862
D13	36000001	37000000	13352
D13	36800001	37800000	13052
D13	37600001	38600000	12178
D13	38400001	39400000	10040
D13	39200001	40200000	11943
D13	40000001	41000000	13086
D13	40800001	41800000	12431
D13	41600001	42600000	11061
D13	42400001	43400000	10459
D13	43200001	44200000	11698
D13	44000001	45000000	12473
D13	44800001	45800000	11449
D13	45600001	46600000	11278
D13	46400001	47400000	13934
D13	47200001	48200000	9302
D13	48000001	49000000	11740
D13	48800001	49800000	12168
D13	49600001	50600000	10508
D13	50400001	51400000	10948
D13	51200001	52200000	12124
D13	52000001	53000000	9564
D13	52800001	53800000	8564
D13	53600001	54600000	10144
D13	54400001	55400000	7778
D13	55200001	56200000	9028
D13	56000001	57000000	6578
D13	56800001	57800000	4859
D13	57600001	58600000	3573
D13	58400001	59400000	6289
D13	59200001	60200000	8035
D13	60000001	60534298	2452
