A01	1	1000000	9697
A01	800001	1800000	7445
A01	1600001	2600000	10145
A01	2400001	3400000	18272
A01	3200001	4200000	13050
A01	4000001	5000000	18339
A01	4800001	5800000	20031
A01	5600001	6600000	19936
A01	6400001	7400000	20273
A01	7200001	8200000	16893
A01	8000001	9000000	25900
A01	8800001	9800000	28114
A01	9600001	10600000	27076
A01	10400001	11400000	23175
A01	11200001	12200000	22487
A01	12000001	13000000	19164
A01	12800001	13800000	18252
A01	13600001	14600000	18684
A01	14400001	15400000	23985
A01	15200001	16200000	27047
A01	16000001	17000000	25583
A01	16800001	17800000	25832
A01	17600001	18600000	20752
A01	18400001	19400000	19294
A01	19200001	20200000	18814
A01	20000001	21000000	24019
A01	20800001	21800000	23990
A01	21600001	22600000	27451
A01	22400001	23400000	17983
A01	23200001	24200000	18427
A01	24000001	25000000	21260
A01	24800001	25800000	23696
A01	25600001	26600000	22908
A01	26400001	27400000	20296
A01	27200001	28200000	16172
A01	28000001	29000000	16754
A01	28800001	29800000	23041
A01	29600001	30600000	18339
A01	30400001	31400000	16856
A01	31200001	32200000	23478
A01	32000001	33000000	24108
A01	32800001	33800000	19773
A01	33600001	34600000	18641
A01	34400001	35400000	13711
A01	35200001	36200000	13604
A01	36000001	37000000	15225
A01	36800001	37800000	15312
A01	37600001	38600000	17719
A01	38400001	39400000	16547
A01	39200001	40200000	21155
A01	40000001	41000000	19948
A01	40800001	41800000	19742
A01	41600001	42600000	16243
A01	42400001	43400000	13870
A01	43200001	44200000	16847
A01	44000001	45000000	18599
A01	44800001	45800000	19859
A01	45600001	46600000	17862
A01	46400001	47400000	14060
A01	47200001	48200000	18251
A01	48000001	49000000	17879
A01	48800001	49800000	15069
A01	49600001	50600000	18715
A01	50400001	51400000	16771
A01	51200001	52200000	14524
A01	52000001	53000000	15185
A01	52800001	53800000	19463
A01	53600001	54600000	20737
A01	54400001	55400000	20294
A01	55200001	56200000	18588
A01	56000001	57000000	16364
A01	56800001	57800000	14028
A01	57600001	58600000	17698
A01	58400001	59400000	17052
A01	59200001	60200000	18286
A01	60000001	61000000	19172
A01	60800001	61800000	18431
A01	61600001	62600000	19800
A01	62400001	63400000	13506
A01	63200001	64200000	16244
A01	64000001	65000000	18917
A01	64800001	65800000	13666
A01	65600001	66600000	14368
A01	66400001	67400000	12773
A01	67200001	68200000	12299
A01	68000001	69000000	21500
A01	68800001	69800000	22819
A01	69600001	70600000	14813
A01	70400001	71400000	21095
A01	71200001	72200000	20676
A01	72000001	73000000	17312
A01	72800001	73800000	16956
A01	73600001	74600000	15042
A01	74400001	75400000	21682
A01	75200001	76200000	15663
A01	76000001	77000000	17733
A01	76800001	77800000	20667
A01	77600001	78600000	18747
A01	78400001	79400000	20990
A01	79200001	80200000	14924
A01	80000001	81000000	16161
A01	80800001	81800000	16063
A01	81600001	82600000	17423
A01	82400001	83400000	18363
A01	83200001	84200000	16900
A01	84000001	85000000	16594
A01	84800001	85800000	21728
A01	85600001	86600000	21807
A01	86400001	87400000	22916
A01	87200001	88200000	20663
A01	88000001	89000000	24191
A01	88800001	89800000	29423
A01	89600001	90600000	21979
A01	90400001	91400000	19052
A01	91200001	92200000	24922
A01	92000001	93000000	25657
A01	92800001	93800000	23887
A01	93600001	94600000	20746
A01	94400001	95400000	21025
A01	95200001	96200000	18941
A01	96000001	97000000	28638
A01	96800001	97800000	26539
A01	97600001	98600000	13988
A01	98400001	99400000	8132
A01	99200001	99884700	8177
A02	1	1000000	10017
A02	800001	1800000	6772
A02	1600001	2600000	19616
A02	2400001	3400000	17455
A02	3200001	4200000	14890
A02	4000001	5000000	31194
A02	4800001	5800000	25238
A02	5600001	6600000	27671
A02	6400001	7400000	22280
A02	7200001	8200000	22051
A02	8000001	9000000	30050
A02	8800001	9800000	34522
A02	9600001	10600000	33160
A02	10400001	11400000	28024
A02	11200001	12200000	29016
A02	12000001	13000000	32819
A02	12800001	13800000	27494
A02	13600001	14600000	26739
A02	14400001	15400000	26021
A02	15200001	16200000	22626
A02	16000001	17000000	25574
A02	16800001	17800000	22717
A02	17600001	18600000	23990
A02	18400001	19400000	20440
A02	19200001	20200000	24307
A02	20000001	21000000	22072
A02	20800001	21800000	22325
A02	21600001	22600000	19965
A02	22400001	23400000	16816
A02	23200001	24200000	21543
A02	24000001	25000000	19248
A02	24800001	25800000	20314
A02	25600001	26600000	19471
A02	26400001	27400000	17745
A02	27200001	28200000	18687
A02	28000001	29000000	17244
A02	28800001	29800000	22466
A02	29600001	30600000	19129
A02	30400001	31400000	19778
A02	31200001	32200000	19577
A02	32000001	33000000	23001
A02	32800001	33800000	18376
A02	33600001	34600000	18428
A02	34400001	35400000	20229
A02	35200001	36200000	17014
A02	36000001	37000000	19917
A02	36800001	37800000	20757
A02	37600001	38600000	21962
A02	38400001	39400000	23078
A02	39200001	40200000	19481
A02	40000001	41000000	18132
A02	40800001	41800000	18826
A02	41600001	42600000	24758
A02	42400001	43400000	27794
A02	43200001	44200000	26308
A02	44000001	45000000	22960
A02	44800001	45800000	22610
A02	45600001	46600000	21643
A02	46400001	47400000	19307
A02	47200001	48200000	17940
A02	48000001	49000000	17788
A02	48800001	49800000	17744
A02	49600001	50600000	21807
A02	50400001	51400000	19082
A02	51200001	52200000	22183
A02	52000001	53000000	17819
A02	52800001	53800000	20071
A02	53600001	54600000	17020
A02	54400001	55400000	20276
A02	55200001	56200000	21859
A02	56000001	57000000	20925
A02	56800001	57800000	17840
A02	57600001	58600000	20404
A02	58400001	59400000	16527
A02	59200001	60200000	21676
A02	60000001	61000000	18713
A02	60800001	61800000	22404
A02	61600001	62600000	23318
A02	62400001	63400000	20178
A02	63200001	64200000	17330
A02	64000001	65000000	16787
A02	64800001	65800000	19840
A02	65600001	66600000	23234
A02	66400001	67400000	24375
A02	67200001	68200000	19124
A02	68000001	69000000	18592
A02	68800001	69800000	24709
A02	69600001	70600000	16489
A02	70400001	71400000	22419
A02	71200001	72200000	23367
A02	72000001	73000000	26502
A02	72800001	73800000	26678
A02	73600001	74600000	31807
A02	74400001	75400000	30961
A02	75200001	76200000	27506
A02	76000001	77000000	29455
A02	76800001	77800000	25356
A02	77600001	78600000	23886
A02	78400001	79400000	17480
A02	79200001	80200000	21700
A02	80000001	81000000	23873
A02	80800001	81800000	18827
A02	81600001	82600000	14397
A02	82400001	83400000	4241
A02	83200001	83447906	675
A03	1	1000000	25675
A03	800001	1800000	13961
A03	1600001	2600000	11284
A03	2400001	3400000	11728
A03	3200001	4200000	16024
A03	4000001	5000000	22879
A03	4800001	5800000	28095
A03	5600001	6600000	25762
A03	6400001	7400000	21919
A03	7200001	8200000	26309
A03	8000001	9000000	25656
A03	8800001	9800000	28612
A03	9600001	10600000	23380
A03	10400001	11400000	21407
A03	11200001	12200000	21231
A03	12000001	13000000	25147
A03	12800001	13800000	26978
A03	13600001	14600000	27658
A03	14400001	15400000	30523
A03	15200001	16200000	27962
A03	16000001	17000000	21945
A03	16800001	17800000	28876
A03	17600001	18600000	31756
A03	18400001	19400000	23521
A03	19200001	20200000	18487
A03	20000001	21000000	20281
A03	20800001	21800000	21741
A03	21600001	22600000	14695
A03	22400001	23400000	18173
A03	23200001	24200000	16163
A03	24000001	25000000	21146
A03	24800001	25800000	17560
A03	25600001	26600000	16164
A03	26400001	27400000	15091
A03	27200001	28200000	19176
A03	28000001	29000000	15082
A03	28800001	29800000	16368
A03	29600001	30600000	16810
A03	30400001	31400000	19369
A03	31200001	32200000	15004
A03	32000001	33000000	22470
A03	32800001	33800000	24300
A03	33600001	34600000	14352
A03	34400001	35400000	18191
A03	35200001	36200000	9007
A03	36000001	37000000	15333
A03	36800001	37800000	16364
A03	37600001	38600000	16641
A03	38400001	39400000	18722
A03	39200001	40200000	19971
A03	40000001	41000000	20552
A03	40800001	41800000	14352
A03	41600001	42600000	16739
A03	42400001	43400000	14802
A03	43200001	44200000	20425
A03	44000001	45000000	20691
A03	44800001	45800000	21376
A03	45600001	46600000	17333
A03	46400001	47400000	15979
A03	47200001	48200000	14979
A03	48000001	49000000	18494
A03	48800001	49800000	17194
A03	49600001	50600000	11894
A03	50400001	51400000	11453
A03	51200001	52200000	14007
A03	52000001	53000000	12172
A03	52800001	53800000	12475
A03	53600001	54600000	12471
A03	54400001	55400000	12928
A03	55200001	56200000	16758
A03	56000001	57000000	17124
A03	56800001	57800000	18214
A03	57600001	58600000	19126
A03	58400001	59400000	20880
A03	59200001	60200000	21520
A03	60000001	61000000	20246
A03	60800001	61800000	18318
A03	61600001	62600000	20043
A03	62400001	63400000	20444
A03	63200001	64200000	20310
A03	64000001	65000000	21100
A03	64800001	65800000	20831
A03	65600001	66600000	23690
A03	66400001	67400000	21434
A03	67200001	68200000	17840
A03	68000001	69000000	15893
A03	68800001	69800000	15325
A03	69600001	70600000	13353
A03	70400001	71400000	15446
A03	71200001	72200000	19506
A03	72000001	73000000	21863
A03	72800001	73800000	15145
A03	73600001	74600000	18230
A03	74400001	75400000	14899
A03	75200001	76200000	19729
A03	76000001	77000000	20403
A03	76800001	77800000	20505
A03	77600001	78600000	17841
A03	78400001	79400000	18731
A03	79200001	80200000	20472
A03	80000001	81000000	17792
A03	80800001	81800000	22370
A03	81600001	82600000	29053
A03	82400001	83400000	22040
A03	83200001	84200000	25650
A03	84000001	85000000	19578
A03	84800001	85800000	16853
A03	85600001	86600000	22556
A03	86400001	87400000	19983
A03	87200001	88200000	22291
A03	88000001	89000000	25537
A03	88800001	89800000	26186
A03	89600001	90600000	23735
A03	90400001	91400000	19653
A03	91200001	92200000	18202
A03	92000001	93000000	19453
A03	92800001	93800000	24291
A03	93600001	94600000	21548
A03	94400001	95400000	19704
A03	95200001	96200000	16387
A03	96000001	97000000	19246
A03	96800001	97800000	13146
A03	97600001	98600000	15555
A03	98400001	99400000	8557
A03	99200001	100200000	6582
A03	100000001	100263045	2092
A04	1	1000000	27384
A04	800001	1800000	16951
A04	1600001	2600000	17379
A04	2400001	3400000	22003
A04	3200001	4200000	16694
A04	4000001	5000000	18516
A04	4800001	5800000	26254
A04	5600001	6600000	23491
A04	6400001	7400000	20812
A04	7200001	8200000	24870
A04	8000001	9000000	26268
A04	8800001	9800000	24595
A04	9600001	10600000	27982
A04	10400001	11400000	21918
A04	11200001	12200000	21964
A04	12000001	13000000	23165
A04	12800001	13800000	22046
A04	13600001	14600000	19881
A04	14400001	15400000	23202
A04	15200001	16200000	20524
A04	16000001	17000000	18865
A04	16800001	17800000	19335
A04	17600001	18600000	15733
A04	18400001	19400000	16426
A04	19200001	20200000	18086
A04	20000001	21000000	18854
A04	20800001	21800000	13799
A04	21600001	22600000	17110
A04	22400001	23400000	12429
A04	23200001	24200000	17492
A04	24000001	25000000	20880
A04	24800001	25800000	21156
A04	25600001	26600000	19196
A04	26400001	27400000	18437
A04	27200001	28200000	25308
A04	28000001	29000000	16248
A04	28800001	29800000	15848
A04	29600001	30600000	19534
A04	30400001	31400000	18040
A04	31200001	32200000	17320
A04	32000001	33000000	19100
A04	32800001	33800000	13807
A04	33600001	34600000	14057
A04	34400001	35400000	17732
A04	35200001	36200000	21096
A04	36000001	37000000	20290
A04	36800001	37800000	20616
A04	37600001	38600000	18663
A04	38400001	39400000	22431
A04	39200001	40200000	21171
A04	40000001	41000000	29980
A04	40800001	41800000	22404
A04	41600001	42600000	15757
A04	42400001	43400000	17398
A04	43200001	44200000	24611
A04	44000001	45000000	26262
A04	44800001	45800000	26717
A04	45600001	46600000	33651
A04	46400001	47400000	25135
A04	47200001	48200000	29925
A04	48000001	49000000	31728
A04	48800001	49800000	34375
A04	49600001	50600000	27949
A04	50400001	51400000	36920
A04	51200001	52200000	34891
A04	52000001	53000000	31482
A04	52800001	53800000	28189
A04	53600001	54600000	25767
A04	54400001	55400000	30337
A04	55200001	56200000	27191
A04	56000001	57000000	32462
A04	56800001	57800000	32451
A04	57600001	58600000	34146
A04	58400001	59400000	21455
A04	59200001	60200000	20692
A04	60000001	61000000	13732
A04	60800001	61800000	14503
A04	61600001	62600000	8721
A04	62400001	62913772	1966
A05	1	1000000	13212
A05	800001	1800000	5378
A05	1600001	2600000	5201
A05	2400001	3400000	6095
A05	3200001	4200000	3923
A05	4000001	5000000	5995
A05	4800001	5800000	3691
A05	5600001	6600000	5368
A05	6400001	7400000	7619
A05	7200001	8200000	5411
A05	8000001	9000000	3753
A05	8800001	9800000	5967
A05	9600001	10600000	8488
A05	10400001	11400000	6769
A05	11200001	12200000	6053
A05	12000001	13000000	8409
A05	12800001	13800000	12648
A05	13600001	14600000	9693
A05	14400001	15400000	7054
A05	15200001	16200000	8962
A05	16000001	17000000	11051
A05	16800001	17800000	8644
A05	17600001	18600000	11635
A05	18400001	19400000	7828
A05	19200001	20200000	12772
A05	20000001	21000000	22190
A05	20800001	21800000	16337
A05	21600001	22600000	20883
A05	22400001	23400000	22955
A05	23200001	24200000	15372
A05	24000001	25000000	15841
A05	24800001	25800000	22401
A05	25600001	26600000	27755
A05	26400001	27400000	18685
A05	27200001	28200000	18535
A05	28000001	29000000	31810
A05	28800001	29800000	29735
A05	29600001	30600000	26685
A05	30400001	31400000	32708
A05	31200001	32200000	28347
A05	32000001	33000000	27682
A05	32800001	33800000	32735
A05	33600001	34600000	29028
A05	34400001	35400000	31759
A05	35200001	36200000	27433
A05	36000001	37000000	27445
A05	36800001	37800000	29899
A05	37600001	38600000	29251
A05	38400001	39400000	25110
A05	39200001	40200000	25097
A05	40000001	41000000	19169
A05	40800001	41800000	21811
A05	41600001	42600000	21308
A05	42400001	43400000	22828
A05	43200001	44200000	18952
A05	44000001	45000000	27040
A05	44800001	45800000	18947
A05	45600001	46600000	16125
A05	46400001	47400000	19415
A05	47200001	48200000	25681
A05	48000001	49000000	17443
A05	48800001	49800000	14685
A05	49600001	50600000	21021
A05	50400001	51400000	25452
A05	51200001	52200000	22230
A05	52000001	53000000	20214
A05	52800001	53800000	14170
A05	53600001	54600000	28218
A05	54400001	55400000	24600
A05	55200001	56200000	26481
A05	56000001	57000000	17878
A05	56800001	57800000	23022
A05	57600001	58600000	20609
A05	58400001	59400000	16793
A05	59200001	60200000	13625
A05	60000001	61000000	16343
A05	60800001	61800000	25894
A05	61600001	62600000	60558
A05	62400001	63400000	19378
A05	63200001	64200000	13244
A05	64000001	65000000	21448
A05	64800001	65800000	23371
A05	65600001	66600000	20266
A05	66400001	67400000	26402
A05	67200001	68200000	22953
A05	68000001	69000000	22968
A05	68800001	69800000	29510
A05	69600001	70600000	32521
A05	70400001	71400000	28924
A05	71200001	72200000	23955
A05	72000001	73000000	28219
A05	72800001	73800000	32290
A05	73600001	74600000	26929
A05	74400001	75400000	26845
A05	75200001	76200000	24344
A05	76000001	77000000	29573
A05	76800001	77800000	38205
A05	77600001	78600000	28467
A05	78400001	79400000	33633
A05	79200001	80200000	35965
A05	80000001	81000000	34357
A05	80800001	81800000	30435
A05	81600001	82600000	36085
A05	82400001	83400000	40458
A05	83200001	84200000	25068
A05	84000001	85000000	34832
A05	84800001	85800000	30158
A05	85600001	86600000	23333
A05	86400001	87400000	28333
A05	87200001	88200000	21852
A05	88000001	89000000	21161
A05	88800001	89800000	20528
A05	89600001	90600000	27193
A05	90400001	91400000	13579
A05	91200001	92200000	8865
A05	92000001	92047023	634
A06	1	1000000	11876
A06	800001	1800000	17294
A06	1600001	2600000	17797
A06	2400001	3400000	17250
A06	3200001	4200000	23564
A06	4000001	5000000	32380
A06	4800001	5800000	28815
A06	5600001	6600000	29507
A06	6400001	7400000	23539
A06	7200001	8200000	34227
A06	8000001	9000000	26579
A06	8800001	9800000	23888
A06	9600001	10600000	24477
A06	10400001	11400000	23820
A06	11200001	12200000	24263
A06	12000001	13000000	24611
A06	12800001	13800000	19714
A06	13600001	14600000	21030
A06	14400001	15400000	19838
A06	15200001	16200000	25239
A06	16000001	17000000	26216
A06	16800001	17800000	23318
A06	17600001	18600000	27303
A06	18400001	19400000	28482
A06	19200001	20200000	23869
A06	20000001	21000000	26528
A06	20800001	21800000	25237
A06	21600001	22600000	21724
A06	22400001	23400000	22242
A06	23200001	24200000	20119
A06	24000001	25000000	21836
A06	24800001	25800000	18813
A06	25600001	26600000	15534
A06	26400001	27400000	23472
A06	27200001	28200000	22612
A06	28000001	29000000	23081
A06	28800001	29800000	25183
A06	29600001	30600000	19313
A06	30400001	31400000	26001
A06	31200001	32200000	26229
A06	32000001	33000000	22229
A06	32800001	33800000	23293
A06	33600001	34600000	24790
A06	34400001	35400000	20819
A06	35200001	36200000	24306
A06	36000001	37000000	25084
A06	36800001	37800000	24271
A06	37600001	38600000	24425
A06	38400001	39400000	18987
A06	39200001	40200000	23498
A06	40000001	41000000	18086
A06	40800001	41800000	19844
A06	41600001	42600000	15225
A06	42400001	43400000	15525
A06	43200001	44200000	11658
A06	44000001	45000000	10629
A06	44800001	45800000	14979
A06	45600001	46600000	9543
A06	46400001	47400000	12856
A06	47200001	48200000	18157
A06	48000001	49000000	19024
A06	48800001	49800000	20347
A06	49600001	50600000	17647
A06	50400001	51400000	17090
A06	51200001	52200000	18470
A06	52000001	53000000	16273
A06	52800001	53800000	13341
A06	53600001	54600000	14688
A06	54400001	55400000	15244
A06	55200001	56200000	15631
A06	56000001	57000000	12721
A06	56800001	57800000	15290
A06	57600001	58600000	17122
A06	58400001	59400000	18884
A06	59200001	60200000	16709
A06	60000001	61000000	15877
A06	60800001	61800000	16857
A06	61600001	62600000	10310
A06	62400001	63400000	10534
A06	63200001	64200000	13264
A06	64000001	65000000	12723
A06	64800001	65800000	11376
A06	65600001	66600000	14848
A06	66400001	67400000	13197
A06	67200001	68200000	13451
A06	68000001	69000000	13338
A06	68800001	69800000	9427
A06	69600001	70600000	12143
A06	70400001	71400000	10670
A06	71200001	72200000	11256
A06	72000001	73000000	11289
A06	72800001	73800000	13275
A06	73600001	74600000	9191
A06	74400001	75400000	13649
A06	75200001	76200000	12838
A06	76000001	77000000	14468
A06	76800001	77800000	14762
A06	77600001	78600000	13891
A06	78400001	79400000	15079
A06	79200001	80200000	14730
A06	80000001	81000000	12479
A06	80800001	81800000	13878
A06	81600001	82600000	12226
A06	82400001	83400000	12805
A06	83200001	84200000	12448
A06	84000001	85000000	12521
A06	84800001	85800000	14020
A06	85600001	86600000	13641
A06	86400001	87400000	16460
A06	87200001	88200000	14513
A06	88000001	89000000	20304
A06	88800001	89800000	16793
A06	89600001	90600000	14414
A06	90400001	91400000	16681
A06	91200001	92200000	18086
A06	92000001	93000000	16771
A06	92800001	93800000	15693
A06	93600001	94600000	17116
A06	94400001	95400000	17378
A06	95200001	96200000	17167
A06	96000001	97000000	20558
A06	96800001	97800000	19008
A06	97600001	98600000	19070
A06	98400001	99400000	23382
A06	99200001	100200000	17520
A06	100000001	101000000	19496
A06	100800001	101800000	15102
A06	101600001	102600000	5379
A06	102400001	103170444	3845
A07	1	1000000	14768
A07	800001	1800000	6742
A07	1600001	2600000	7649
A07	2400001	3400000	13655
A07	3200001	4200000	13272
A07	4000001	5000000	6932
A07	4800001	5800000	16342
A07	5600001	6600000	17701
A07	6400001	7400000	25632
A07	7200001	8200000	19489
A07	8000001	9000000	17820
A07	8800001	9800000	24794
A07	9600001	10600000	34968
A07	10400001	11400000	37763
A07	11200001	12200000	31131
A07	12000001	13000000	22556
A07	12800001	13800000	20743
A07	13600001	14600000	23532
A07	14400001	15400000	39643
A07	15200001	16200000	35364
A07	16000001	17000000	23548
A07	16800001	17800000	27083
A07	17600001	18600000	24240
A07	18400001	19400000	30001
A07	19200001	20200000	32929
A07	20000001	21000000	28048
A07	20800001	21800000	32347
A07	21600001	22600000	32087
A07	22400001	23400000	22285
A07	23200001	24200000	30831
A07	24000001	25000000	33065
A07	24800001	25800000	26701
A07	25600001	26600000	23818
A07	26400001	27400000	26854
A07	27200001	28200000	35490
A07	28000001	29000000	28611
A07	28800001	29800000	24205
A07	29600001	30600000	33714
A07	30400001	31400000	26758
A07	31200001	32200000	21229
A07	32000001	33000000	24412
A07	32800001	33800000	27032
A07	33600001	34600000	21138
A07	34400001	35400000	19816
A07	35200001	36200000	20502
A07	36000001	37000000	17224
A07	36800001	37800000	20207
A07	37600001	38600000	22618
A07	38400001	39400000	25755
A07	39200001	40200000	23078
A07	40000001	41000000	26910
A07	40800001	41800000	24376
A07	41600001	42600000	18265
A07	42400001	43400000	15826
A07	43200001	44200000	15138
A07	44000001	45000000	25579
A07	44800001	45800000	26645
A07	45600001	46600000	20698
A07	46400001	47400000	14729
A07	47200001	48200000	18336
A07	48000001	49000000	16815
A07	48800001	49800000	12422
A07	49600001	50600000	16255
A07	50400001	51400000	17318
A07	51200001	52200000	19182
A07	52000001	53000000	18992
A07	52800001	53800000	17885
A07	53600001	54600000	16297
A07	54400001	55400000	21066
A07	55200001	56200000	22928
A07	56000001	57000000	17330
A07	56800001	57800000	18353
A07	57600001	58600000	20465
A07	58400001	59400000	16447
A07	59200001	60200000	12811
A07	60000001	61000000	20008
A07	60800001	61800000	20173
A07	61600001	62600000	26363
A07	62400001	63400000	24219
A07	63200001	64200000	24270
A07	64000001	65000000	22785
A07	64800001	65800000	24019
A07	65600001	66600000	26659
A07	66400001	67400000	19233
A07	67200001	68200000	28021
A07	68000001	69000000	44862
A07	68800001	69800000	30645
A07	69600001	70600000	23706
A07	70400001	71400000	28234
A07	71200001	72200000	22593
A07	72000001	73000000	22747
A07	72800001	73800000	18248
A07	73600001	74600000	25131
A07	74400001	75400000	19314
A07	75200001	76200000	25131
A07	76000001	77000000	16857
A07	76800001	77800000	19408
A07	77600001	78251018	14379
A08	1	1000000	10689
A08	800001	1800000	13529
A08	1600001	2600000	19608
A08	2400001	3400000	20621
A08	3200001	4200000	15406
A08	4000001	5000000	26199
A08	4800001	5800000	23186
A08	5600001	6600000	21415
A08	6400001	7400000	22384
A08	7200001	8200000	24319
A08	8000001	9000000	21635
A08	8800001	9800000	24981
A08	9600001	10600000	26134
A08	10400001	11400000	24210
A08	11200001	12200000	31260
A08	12000001	13000000	23066
A08	12800001	13800000	30712
A08	13600001	14600000	23284
A08	14400001	15400000	18133
A08	15200001	16200000	21843
A08	16000001	17000000	21678
A08	16800001	17800000	26039
A08	17600001	18600000	25241
A08	18400001	19400000	26320
A08	19200001	20200000	21758
A08	20000001	21000000	18259
A08	20800001	21800000	23254
A08	21600001	22600000	19416
A08	22400001	23400000	18290
A08	23200001	24200000	17494
A08	24000001	25000000	17698
A08	24800001	25800000	19165
A08	25600001	26600000	18296
A08	26400001	27400000	16799
A08	27200001	28200000	15908
A08	28000001	29000000	14054
A08	28800001	29800000	16959
A08	29600001	30600000	15749
A08	30400001	31400000	12889
A08	31200001	32200000	12491
A08	32000001	33000000	14931
A08	32800001	33800000	16504
A08	33600001	34600000	18375
A08	34400001	35400000	18031
A08	35200001	36200000	19831
A08	36000001	37000000	20021
A08	36800001	37800000	15485
A08	37600001	38600000	14596
A08	38400001	39400000	18306
A08	39200001	40200000	16343
A08	40000001	41000000	17527
A08	40800001	41800000	14892
A08	41600001	42600000	17830
A08	42400001	43400000	19597
A08	43200001	44200000	16699
A08	44000001	45000000	17009
A08	44800001	45800000	10553
A08	45600001	46600000	7244
A08	46400001	47400000	13236
A08	47200001	48200000	15128
A08	48000001	49000000	16835
A08	48800001	49800000	17552
A08	49600001	50600000	17914
A08	50400001	51400000	12790
A08	51200001	52200000	21042
A08	52000001	53000000	18377
A08	52800001	53800000	17688
A08	53600001	54600000	15225
A08	54400001	55400000	8402
A08	55200001	56200000	16720
A08	56000001	57000000	15951
A08	56800001	57800000	14988
A08	57600001	58600000	20526
A08	58400001	59400000	17406
A08	59200001	60200000	21943
A08	60000001	61000000	17750
A08	60800001	61800000	19322
A08	61600001	62600000	15816
A08	62400001	63400000	16249
A08	63200001	64200000	16997
A08	64000001	65000000	18779
A08	64800001	65800000	18995
A08	65600001	66600000	23203
A08	66400001	67400000	18641
A08	67200001	68200000	23014
A08	68000001	69000000	20753
A08	68800001	69800000	21390
A08	69600001	70600000	25549
A08	70400001	71400000	24423
A08	71200001	72200000	25786
A08	72000001	73000000	26886
A08	72800001	73800000	23113
A08	73600001	74600000	26011
A08	74400001	75400000	17546
A08	75200001	76200000	20160
A08	76000001	77000000	22128
A08	76800001	77800000	25024
A08	77600001	78600000	21660
A08	78400001	79400000	25747
A08	79200001	80200000	26196
A08	80000001	81000000	31759
A08	80800001	81800000	30529
A08	81600001	82600000	27833
A08	82400001	83400000	24927
A08	83200001	84200000	26373
A08	84000001	85000000	29920
A08	84800001	85800000	22168
A08	85600001	86600000	27042
A08	86400001	87400000	27821
A08	87200001	88200000	26218
A08	88000001	89000000	26574
A08	88800001	89800000	22739
A08	89600001	90600000	13992
A08	90400001	91400000	25806
A08	91200001	92200000	30028
A08	92000001	93000000	26623
A08	92800001	93800000	33863
A08	93600001	94600000	27665
A08	94400001	95400000	30156
A08	95200001	96200000	14625
A08	96000001	97000000	20946
A08	96800001	97800000	19045
A08	97600001	98600000	15697
A08	98400001	99400000	17965
A08	99200001	100200000	18101
A08	100000001	101000000	12153
A08	100800001	101800000	5318
A08	101600001	102600000	5746
A08	102400001	103400000	5347
A08	103200001	103626341	6806
A09	1	1000000	19463
A09	800001	1800000	20426
A09	1600001	2600000	19795
A09	2400001	3400000	16589
A09	3200001	4200000	19732
A09	4000001	5000000	17639
A09	4800001	5800000	19417
A09	5600001	6600000	12791
A09	6400001	7400000	16901
A09	7200001	8200000	16762
A09	8000001	9000000	14140
A09	8800001	9800000	10627
A09	9600001	10600000	11811
A09	10400001	11400000	10528
A09	11200001	12200000	9244
A09	12000001	13000000	11963
A09	12800001	13800000	18008
A09	13600001	14600000	16449
A09	14400001	15400000	16709
A09	15200001	16200000	14029
A09	16000001	17000000	10346
A09	16800001	17800000	15312
A09	17600001	18600000	16339
A09	18400001	19400000	15354
A09	19200001	20200000	17036
A09	20000001	21000000	14411
A09	20800001	21800000	10349
A09	21600001	22600000	11670
A09	22400001	23400000	14013
A09	23200001	24200000	9834
A09	24000001	25000000	13849
A09	24800001	25800000	9815
A09	25600001	26600000	13021
A09	26400001	27400000	15285
A09	27200001	28200000	16928
A09	28000001	29000000	15999
A09	28800001	29800000	11492
A09	29600001	30600000	11647
A09	30400001	31400000	16989
A09	31200001	32200000	16169
A09	32000001	33000000	13747
A09	32800001	33800000	14838
A09	33600001	34600000	18269
A09	34400001	35400000	14702
A09	35200001	36200000	11154
A09	36000001	37000000	12165
A09	36800001	37800000	16367
A09	37600001	38600000	16871
A09	38400001	39400000	19566
A09	39200001	40200000	18367
A09	40000001	41000000	21782
A09	40800001	41800000	18592
A09	41600001	42600000	22733
A09	42400001	43400000	17283
A09	43200001	44200000	24218
A09	44000001	45000000	19913
A09	44800001	45800000	14458
A09	45600001	46600000	19975
A09	46400001	47400000	20295
A09	47200001	48200000	20941
A09	48000001	49000000	15888
A09	48800001	49800000	25447
A09	49600001	50600000	19994
A09	50400001	51400000	21856
A09	51200001	52200000	20860
A09	52000001	53000000	18543
A09	52800001	53800000	20532
A09	53600001	54600000	25425
A09	54400001	55400000	16003
A09	55200001	56200000	12728
A09	56000001	57000000	20353
A09	56800001	57800000	17450
A09	57600001	58600000	17428
A09	58400001	59400000	16645
A09	59200001	60200000	15937
A09	60000001	61000000	15077
A09	60800001	61800000	18355
A09	61600001	62600000	19658
A09	62400001	63400000	14430
A09	63200001	64200000	18089
A09	64000001	65000000	14883
A09	64800001	65800000	13867
A09	65600001	66600000	18331
A09	66400001	67400000	15765
A09	67200001	68200000	8264
A09	68000001	69000000	8085
A09	68800001	69800000	5826
A09	69600001	70600000	4732
A09	70400001	71400000	7143
A09	71200001	72200000	8764
A09	72000001	73000000	4828
A09	72800001	73800000	2447
A09	73600001	74600000	4670
A09	74400001	74999931	909
A10	1	1000000	12082
A10	800001	1800000	11600
A10	1600001	2600000	5101
A10	2400001	3400000	7068
A10	3200001	4200000	12723
A10	4000001	5000000	17272
A10	4800001	5800000	18191
A10	5600001	6600000	24227
A10	6400001	7400000	23089
A10	7200001	8200000	28942
A10	8000001	9000000	28158
A10	8800001	9800000	24209
A10	9600001	10600000	25985
A10	10400001	11400000	26774
A10	11200001	12200000	21386
A10	12000001	13000000	17545
A10	12800001	13800000	24199
A10	13600001	14600000	24984
A10	14400001	15400000	23570
A10	15200001	16200000	25625
A10	16000001	17000000	25850
A10	16800001	17800000	28415
A10	17600001	18600000	27197
A10	18400001	19400000	27567
A10	19200001	20200000	30779
A10	20000001	21000000	22524
A10	20800001	21800000	25567
A10	21600001	22600000	21241
A10	22400001	23400000	17874
A10	23200001	24200000	15920
A10	24000001	25000000	15078
A10	24800001	25800000	17304
A10	25600001	26600000	18069
A10	26400001	27400000	18495
A10	27200001	28200000	18104
A10	28000001	29000000	22442
A10	28800001	29800000	16492
A10	29600001	30600000	18970
A10	30400001	31400000	14776
A10	31200001	32200000	18750
A10	32000001	33000000	14828
A10	32800001	33800000	13948
A10	33600001	34600000	19002
A10	34400001	35400000	18025
A10	35200001	36200000	13861
A10	36000001	37000000	11535
A10	36800001	37800000	14584
A10	37600001	38600000	14828
A10	38400001	39400000	17362
A10	39200001	40200000	14736
A10	40000001	41000000	13260
A10	40800001	41800000	10660
A10	41600001	42600000	15316
A10	42400001	43400000	19923
A10	43200001	44200000	15418
A10	44000001	45000000	16195
A10	44800001	45800000	16251
A10	45600001	46600000	16151
A10	46400001	47400000	15461
A10	47200001	48200000	17363
A10	48000001	49000000	19632
A10	48800001	49800000	20727
A10	49600001	50600000	16268
A10	50400001	51400000	12786
A10	51200001	52200000	13048
A10	52000001	53000000	16227
A10	52800001	53800000	12306
A10	53600001	54600000	11843
A10	54400001	55400000	13442
A10	55200001	56200000	13064
A10	56000001	57000000	15431
A10	56800001	57800000	18546
A10	57600001	58600000	18232
A10	58400001	59400000	19038
A10	59200001	60200000	19833
A10	60000001	61000000	22986
A10	60800001	61800000	21195
A10	61600001	62600000	18986
A10	62400001	63400000	15369
A10	63200001	64200000	17721
A10	64000001	65000000	16558
A10	64800001	65800000	18383
A10	65600001	66600000	21297
A10	66400001	67400000	20575
A10	67200001	68200000	14181
A10	68000001	69000000	14680
A10	68800001	69800000	14276
A10	69600001	70600000	17495
A10	70400001	71400000	15932
A10	71200001	72200000	19627
A10	72000001	73000000	15465
A10	72800001	73800000	14048
A10	73600001	74600000	13553
A10	74400001	75400000	12532
A10	75200001	76200000	14294
A10	76000001	77000000	23566
A10	76800001	77800000	18960
A10	77600001	78600000	18719
A10	78400001	79400000	17928
A10	79200001	80200000	20080
A10	80000001	81000000	18651
A10	80800001	81800000	15948
A10	81600001	82600000	20550
A10	82400001	83400000	19230
A10	83200001	84200000	18879
A10	84000001	85000000	22082
A10	84800001	85800000	19872
A10	85600001	86600000	19039
A10	86400001	87400000	18919
A10	87200001	88200000	18596
A10	88000001	89000000	23878
A10	88800001	89800000	24328
A10	89600001	90600000	19197
A10	90400001	91400000	17848
A10	91200001	92200000	15059
A10	92000001	93000000	19489
A10	92800001	93800000	18726
A10	93600001	94600000	20196
A10	94400001	95400000	15250
A10	95200001	96200000	14485
A10	96000001	97000000	11542
A10	96800001	97800000	14808
A10	97600001	98600000	14669
A10	98400001	99400000	13650
A10	99200001	100200000	11079
A10	100000001	101000000	10369
A10	100800001	100866604	101
A11	1	1000000	15331
A11	800001	1800000	7098
A11	1600001	2600000	6379
A11	2400001	3400000	4973
A11	3200001	4200000	8864
A11	4000001	5000000	9182
A11	4800001	5800000	11182
A11	5600001	6600000	8535
A11	6400001	7400000	12751
A11	7200001	8200000	8452
A11	8000001	9000000	10880
A11	8800001	9800000	18222
A11	9600001	10600000	17334
A11	10400001	11400000	14057
A11	11200001	12200000	14232
A11	12000001	13000000	16181
A11	12800001	13800000	18957
A11	13600001	14600000	20243
A11	14400001	15400000	16751
A11	15200001	16200000	16856
A11	16000001	17000000	26439
A11	16800001	17800000	18186
A11	17600001	18600000	20395
A11	18400001	19400000	25446
A11	19200001	20200000	23327
A11	20000001	21000000	20516
A11	20800001	21800000	28814
A11	21600001	22600000	20622
A11	22400001	23400000	24875
A11	23200001	24200000	25082
A11	24000001	25000000	28799
A11	24800001	25800000	24293
A11	25600001	26600000	25418
A11	26400001	27400000	22691
A11	27200001	28200000	24333
A11	28000001	29000000	18003
A11	28800001	29800000	22946
A11	29600001	30600000	23802
A11	30400001	31400000	17447
A11	31200001	32200000	17828
A11	32000001	33000000	19175
A11	32800001	33800000	17483
A11	33600001	34600000	17239
A11	34400001	35400000	15665
A11	35200001	36200000	17090
A11	36000001	37000000	20873
A11	36800001	37800000	19227
A11	37600001	38600000	14565
A11	38400001	39400000	13941
A11	39200001	40200000	12449
A11	40000001	41000000	18711
A11	40800001	41800000	15374
A11	41600001	42600000	13648
A11	42400001	43400000	21900
A11	43200001	44200000	18150
A11	44000001	45000000	14833
A11	44800001	45800000	12805
A11	45600001	46600000	18486
A11	46400001	47400000	19599
A11	47200001	48200000	18297
A11	48000001	49000000	13997
A11	48800001	49800000	19892
A11	49600001	50600000	17340
A11	50400001	51400000	19373
A11	51200001	52200000	21277
A11	52000001	53000000	22998
A11	52800001	53800000	22988
A11	53600001	54600000	18774
A11	54400001	55400000	14664
A11	55200001	56200000	20010
A11	56000001	57000000	24885
A11	56800001	57800000	17575
A11	57600001	58600000	15870
A11	58400001	59400000	16815
A11	59200001	60200000	15795
A11	60000001	61000000	22996
A11	60800001	61800000	17234
A11	61600001	62600000	18469
A11	62400001	63400000	24835
A11	63200001	64200000	27425
A11	64000001	65000000	22646
A11	64800001	65800000	21469
A11	65600001	66600000	17340
A11	66400001	67400000	19450
A11	67200001	68200000	22837
A11	68000001	69000000	23148
A11	68800001	69800000	27111
A11	69600001	70600000	21744
A11	70400001	71400000	25759
A11	71200001	72200000	22709
A11	72000001	73000000	23177
A11	72800001	73800000	22607
A11	73600001	74600000	16544
A11	74400001	75400000	16305
A11	75200001	76200000	17461
A11	76000001	77000000	21609
A11	76800001	77800000	27575
A11	77600001	78600000	28989
A11	78400001	79400000	27325
A11	79200001	80200000	26527
A11	80000001	81000000	23339
A11	80800001	81800000	22176
A11	81600001	82600000	25852
A11	82400001	83400000	22617
A11	83200001	84200000	18201
A11	84000001	85000000	21429
A11	84800001	85800000	22186
A11	85600001	86600000	22533
A11	86400001	87400000	24550
A11	87200001	88200000	17500
A11	88000001	89000000	11720
A11	88800001	89800000	20665
A11	89600001	90600000	16887
A11	90400001	91400000	15770
A11	91200001	92200000	20109
A11	92000001	93000000	15282
A11	92800001	93316192	2377
A12	1	1000000	19537
A12	800001	1800000	16836
A12	1600001	2600000	15790
A12	2400001	3400000	20607
A12	3200001	4200000	23379
A12	4000001	5000000	29599
A12	4800001	5800000	27810
A12	5600001	6600000	26175
A12	6400001	7400000	25142
A12	7200001	8200000	30452
A12	8000001	9000000	23194
A12	8800001	9800000	29268
A12	9600001	10600000	18820
A12	10400001	11400000	27858
A12	11200001	12200000	31719
A12	12000001	13000000	34112
A12	12800001	13800000	27753
A12	13600001	14600000	24191
A12	14400001	15400000	25262
A12	15200001	16200000	24344
A12	16000001	17000000	24581
A12	16800001	17800000	23077
A12	17600001	18600000	25795
A12	18400001	19400000	25531
A12	19200001	20200000	20806
A12	20000001	21000000	26220
A12	20800001	21800000	29435
A12	21600001	22600000	22331
A12	22400001	23400000	23511
A12	23200001	24200000	20244
A12	24000001	25000000	14819
A12	24800001	25800000	14835
A12	25600001	26600000	14184
A12	26400001	27400000	20456
A12	27200001	28200000	20753
A12	28000001	29000000	23447
A12	28800001	29800000	22891
A12	29600001	30600000	21657
A12	30400001	31400000	14454
A12	31200001	32200000	13673
A12	32000001	33000000	19769
A12	32800001	33800000	18506
A12	33600001	34600000	16313
A12	34400001	35400000	13965
A12	35200001	36200000	13602
A12	36000001	37000000	14148
A12	36800001	37800000	16071
A12	37600001	38600000	22247
A12	38400001	39400000	18542
A12	39200001	40200000	19680
A12	40000001	41000000	18430
A12	40800001	41800000	19123
A12	41600001	42600000	19444
A12	42400001	43400000	16044
A12	43200001	44200000	18007
A12	44000001	45000000	17239
A12	44800001	45800000	19747
A12	45600001	46600000	19832
A12	46400001	47400000	17507
A12	47200001	48200000	21459
A12	48000001	49000000	15434
A12	48800001	49800000	20307
A12	49600001	50600000	13800
A12	50400001	51400000	23351
A12	51200001	52200000	18749
A12	52000001	53000000	19466
A12	52800001	53800000	19256
A12	53600001	54600000	21049
A12	54400001	55400000	23657
A12	55200001	56200000	18717
A12	56000001	57000000	21022
A12	56800001	57800000	24448
A12	57600001	58600000	22239
A12	58400001	59400000	24048
A12	59200001	60200000	25453
A12	60000001	61000000	21870
A12	60800001	61800000	22689
A12	61600001	62600000	28733
A12	62400001	63400000	29977
A12	63200001	64200000	29945
A12	64000001	65000000	23676
A12	64800001	65800000	23405
A12	65600001	66600000	20882
A12	66400001	67400000	31091
A12	67200001	68200000	33164
A12	68000001	69000000	25586
A12	68800001	69800000	24000
A12	69600001	70600000	29427
A12	70400001	71400000	27628
A12	71200001	72200000	30838
A12	72000001	73000000	23230
A12	72800001	73800000	25284
A12	73600001	74600000	18724
A12	74400001	75400000	25217
A12	75200001	76200000	28217
A12	76000001	77000000	23717
A12	76800001	77800000	24890
A12	77600001	78600000	19415
A12	78400001	79400000	19135
A12	79200001	80200000	21387
A12	80000001	81000000	14610
A12	80800001	81800000	11699
A12	81600001	82600000	14034
A12	82400001	83400000	11482
A12	83200001	84200000	8676
A12	84000001	85000000	7299
A12	84800001	85800000	5825
A12	85600001	86600000	6096
A12	86400001	87400000	4814
A12	87200001	87484866	1619
A13	1	1000000	21037
A13	800001	1800000	20006
A13	1600001	2600000	20648
A13	2400001	3400000	16803
A13	3200001	4200000	15434
A13	4000001	5000000	22142
A13	4800001	5800000	22608
A13	5600001	6600000	29493
A13	6400001	7400000	21372
A13	7200001	8200000	18010
A13	8000001	9000000	22862
A13	8800001	9800000	22387
A13	9600001	10600000	25190
A13	10400001	11400000	17766
A13	11200001	12200000	25582
A13	12000001	13000000	28841
A13	12800001	13800000	27094
A13	13600001	14600000	27215
A13	14400001	15400000	34689
A13	15200001	16200000	21580
A13	16000001	17000000	18216
A13	16800001	17800000	20464
A13	17600001	18600000	20716
A13	18400001	19400000	22655
A13	19200001	20200000	18599
A13	20000001	21000000	20586
A13	20800001	21800000	20079
A13	21600001	22600000	19270
A13	22400001	23400000	23366
A13	23200001	24200000	20586
A13	24000001	25000000	16729
A13	24800001	25800000	19124
A13	25600001	26600000	19461
A13	26400001	27400000	18394
A13	27200001	28200000	17677
A13	28000001	29000000	15456
A13	28800001	29800000	13093
A13	29600001	30600000	13324
A13	30400001	31400000	19875
A13	31200001	32200000	24553
A13	32000001	33000000	16618
A13	32800001	33800000	19800
A13	33600001	34600000	10697
A13	34400001	35400000	10558
A13	35200001	36200000	16422
A13	36000001	37000000	21255
A13	36800001	37800000	20299
A13	37600001	38600000	22845
A13	38400001	39400000	20629
A13	39200001	40200000	18188
A13	40000001	41000000	17960
A13	40800001	41800000	17254
A13	41600001	42600000	14382
A13	42400001	43400000	13129
A13	43200001	44200000	15319
A13	44000001	45000000	13632
A13	44800001	45800000	15710
A13	45600001	46600000	19212
A13	46400001	47400000	18613
A13	47200001	48200000	16468
A13	48000001	49000000	14843
A13	48800001	49800000	15843
A13	49600001	50600000	13283
A13	50400001	51400000	14494
A13	51200001	52200000	11826
A13	52000001	53000000	15115
A13	52800001	53800000	14732
A13	53600001	54600000	16717
A13	54400001	55400000	15468
A13	55200001	56200000	25410
A13	56000001	57000000	19838
A13	56800001	57800000	19860
A13	57600001	58600000	19968
A13	58400001	59400000	23948
A13	59200001	60200000	18119
A13	60000001	61000000	19869
A13	60800001	61800000	16637
A13	61600001	62600000	22542
A13	62400001	63400000	21273
A13	63200001	64200000	15204
A13	64000001	65000000	16620
A13	64800001	65800000	16467
A13	65600001	66600000	18092
A13	66400001	67400000	19356
A13	67200001	68200000	16997
A13	68000001	69000000	18987
A13	68800001	69800000	25395
A13	69600001	70600000	24500
A13	70400001	71400000	21936
A13	71200001	72200000	25457
A13	72000001	73000000	20043
A13	72800001	73800000	12347
A13	73600001	74600000	18137
A13	74400001	75400000	11255
A13	75200001	76200000	11053
A13	76000001	77000000	9033
A13	76800001	77800000	18157
A13	77600001	78600000	7724
A13	78400001	79400000	3213
A13	79200001	79961121	4596
D01	1	1000000	10674
D01	800001	1800000	9227
D01	1600001	2600000	10144
D01	2400001	3400000	15362
D01	3200001	4200000	14425
D01	4000001	5000000	16089
D01	4800001	5800000	14316
D01	5600001	6600000	23589
D01	6400001	7400000	25625
D01	7200001	8200000	25043
D01	8000001	9000000	19731
D01	8800001	9800000	25580
D01	9600001	10600000	21596
D01	10400001	11400000	23639
D01	11200001	12200000	31688
D01	12000001	13000000	27424
D01	12800001	13800000	26079
D01	13600001	14600000	23416
D01	14400001	15400000	27049
D01	15200001	16200000	24863
D01	16000001	17000000	30440
D01	16800001	17800000	30245
D01	17600001	18600000	28461
D01	18400001	19400000	30987
D01	19200001	20200000	26833
D01	20000001	21000000	25208
D01	20800001	21800000	28022
D01	21600001	22600000	28510
D01	22400001	23400000	23859
D01	23200001	24200000	26868
D01	24000001	25000000	25068
D01	24800001	25800000	26325
D01	25600001	26600000	26097
D01	26400001	27400000	24393
D01	27200001	28200000	22910
D01	28000001	29000000	25842
D01	28800001	29800000	21576
D01	29600001	30600000	22049
D01	30400001	31400000	28028
D01	31200001	32200000	24027
D01	32000001	33000000	22863
D01	32800001	33800000	14689
D01	33600001	34600000	18849
D01	34400001	35400000	18597
D01	35200001	36200000	21704
D01	36000001	37000000	17921
D01	36800001	37800000	16565
D01	37600001	38600000	24952
D01	38400001	39400000	29688
D01	39200001	40200000	26414
D01	40000001	41000000	22586
D01	40800001	41800000	24331
D01	41600001	42600000	22491
D01	42400001	43400000	27574
D01	43200001	44200000	26430
D01	44000001	45000000	29219
D01	44800001	45800000	34625
D01	45600001	46600000	24135
D01	46400001	47400000	22519
D01	47200001	48200000	26144
D01	48000001	49000000	31698
D01	48800001	49800000	27408
D01	49600001	50600000	22691
D01	50400001	51400000	25326
D01	51200001	52200000	25464
D01	52000001	53000000	26989
D01	52800001	53800000	21082
D01	53600001	54600000	26740
D01	54400001	55400000	26541
D01	55200001	56200000	24802
D01	56000001	57000000	25565
D01	56800001	57800000	17467
D01	57600001	58600000	21314
D01	58400001	59400000	20839
D01	59200001	60200000	17352
D01	60000001	61000000	9686
D01	60800001	61456009	4865
D02	1	1000000	9433
D02	800001	1800000	7383
D02	1600001	2600000	13571
D02	2400001	3400000	12112
D02	3200001	4200000	11881
D02	4000001	5000000	10680
D02	4800001	5800000	17964
D02	5600001	6600000	18084
D02	6400001	7400000	12948
D02	7200001	8200000	21812
D02	8000001	9000000	20222
D02	8800001	9800000	26350
D02	9600001	10600000	22058
D02	10400001	11400000	23426
D02	11200001	12200000	21066
D02	12000001	13000000	21800
D02	12800001	13800000	21707
D02	13600001	14600000	28905
D02	14400001	15400000	29520
D02	15200001	16200000	25769
D02	16000001	17000000	20944
D02	16800001	17800000	24287
D02	17600001	18600000	22975
D02	18400001	19400000	23661
D02	19200001	20200000	19285
D02	20000001	21000000	21083
D02	20800001	21800000	23850
D02	21600001	22600000	29045
D02	22400001	23400000	28802
D02	23200001	24200000	21738
D02	24000001	25000000	21990
D02	24800001	25800000	23519
D02	25600001	26600000	25349
D02	26400001	27400000	23108
D02	27200001	28200000	18182
D02	28000001	29000000	22535
D02	28800001	29800000	17990
D02	29600001	30600000	17177
D02	30400001	31400000	18600
D02	31200001	32200000	18310
D02	32000001	33000000	19642
D02	32800001	33800000	20842
D02	33600001	34600000	23761
D02	34400001	35400000	30403
D02	35200001	36200000	27260
D02	36000001	37000000	19360
D02	36800001	37800000	23641
D02	37600001	38600000	20594
D02	38400001	39400000	27316
D02	39200001	40200000	27605
D02	40000001	41000000	27218
D02	40800001	41800000	25125
D02	41600001	42600000	23688
D02	42400001	43400000	25748
D02	43200001	44200000	26005
D02	44000001	45000000	29142
D02	44800001	45800000	30770
D02	45600001	46600000	25865
D02	46400001	47400000	24933
D02	47200001	48200000	24362
D02	48000001	49000000	26192
D02	48800001	49800000	26948
D02	49600001	50600000	21578
D02	50400001	51400000	29207
D02	51200001	52200000	27545
D02	52000001	53000000	24578
D02	52800001	53800000	25783
D02	53600001	54600000	31517
D02	54400001	55400000	32598
D02	55200001	56200000	28832
D02	56000001	57000000	22045
D02	56800001	57800000	21183
D02	57600001	58600000	22031
D02	58400001	59400000	25562
D02	59200001	60200000	30129
D02	60000001	61000000	21951
D02	60800001	61800000	21146
D02	61600001	62600000	22985
D02	62400001	63400000	20151
D02	63200001	64200000	10041
D02	64000001	65000000	15014
D02	64800001	65800000	10073
D02	65600001	66600000	8538
D02	66400001	67400000	5519
D02	67200001	67284553	1489
D03	1	1000000	10113
D03	800001	1800000	12986
D03	1600001	2600000	16670
D03	2400001	3400000	17983
D03	3200001	4200000	20078
D03	4000001	5000000	23098
D03	4800001	5800000	24486
D03	5600001	6600000	26664
D03	6400001	7400000	29042
D03	7200001	8200000	26725
D03	8000001	9000000	31533
D03	8800001	9800000	30839
D03	9600001	10600000	26112
D03	10400001	11400000	24796
D03	11200001	12200000	25431
D03	12000001	13000000	27246
D03	12800001	13800000	19409
D03	13600001	14600000	18356
D03	14400001	15400000	21303
D03	15200001	16200000	25534
D03	16000001	17000000	22206
D03	16800001	17800000	19238
D03	17600001	18600000	19441
D03	18400001	19400000	18162
D03	19200001	20200000	17781
D03	20000001	21000000	21659
D03	20800001	21800000	19005
D03	21600001	22600000	20411
D03	22400001	23400000	19193
D03	23200001	24200000	23301
D03	24000001	25000000	30816
D03	24800001	25800000	28817
D03	25600001	26600000	30614
D03	26400001	27400000	27664
D03	27200001	28200000	25024
D03	28000001	29000000	23041
D03	28800001	29800000	27901
D03	29600001	30600000	25468
D03	30400001	31400000	29619
D03	31200001	32200000	30401
D03	32000001	33000000	29289
D03	32800001	33800000	31132
D03	33600001	34600000	29041
D03	34400001	35400000	25190
D03	35200001	36200000	24196
D03	36000001	37000000	25211
D03	36800001	37800000	25652
D03	37600001	38600000	22004
D03	38400001	39400000	22073
D03	39200001	40200000	26715
D03	40000001	41000000	21026
D03	40800001	41800000	18485
D03	41600001	42600000	19683
D03	42400001	43400000	13059
D03	43200001	44200000	13597
D03	44000001	45000000	15846
D03	44800001	45800000	11631
D03	45600001	46600000	10469
D03	46400001	46690656	1133
D04	1	1000000	16547
D04	800001	1800000	16558
D04	1600001	2600000	13552
D04	2400001	3400000	11271
D04	3200001	4200000	15255
D04	4000001	5000000	16293
D04	4800001	5800000	19049
D04	5600001	6600000	19575
D04	6400001	7400000	25294
D04	7200001	8200000	27313
D04	8000001	9000000	25844
D04	8800001	9800000	21170
D04	9600001	10600000	23695
D04	10400001	11400000	27819
D04	11200001	12200000	27066
D04	12000001	13000000	32295
D04	12800001	13800000	27638
D04	13600001	14600000	26592
D04	14400001	15400000	24459
D04	15200001	16200000	25737
D04	16000001	17000000	24601
D04	16800001	17800000	22768
D04	17600001	18600000	23360
D04	18400001	19400000	19821
D04	19200001	20200000	18057
D04	20000001	21000000	18511
D04	20800001	21800000	14281
D04	21600001	22600000	20422
D04	22400001	23400000	20386
D04	23200001	24200000	26508
D04	24000001	25000000	25283
D04	24800001	25800000	23545
D04	25600001	26600000	23203
D04	26400001	27400000	21789
D04	27200001	28200000	18178
D04	28000001	29000000	23220
D04	28800001	29800000	26886
D04	29600001	30600000	33893
D04	30400001	31400000	28139
D04	31200001	32200000	27621
D04	32000001	33000000	28079
D04	32800001	33800000	24673
D04	33600001	34600000	31396
D04	34400001	35400000	27204
D04	35200001	36200000	27494
D04	36000001	37000000	30124
D04	36800001	37800000	25097
D04	37600001	38600000	28578
D04	38400001	39400000	31299
D04	39200001	40200000	31295
D04	40000001	41000000	25167
D04	40800001	41800000	30943
D04	41600001	42600000	27192
D04	42400001	43400000	26648
D04	43200001	44200000	26556
D04	44000001	45000000	19464
D04	44800001	45800000	28094
D04	45600001	46600000	22409
D04	46400001	47400000	16380
D04	47200001	48200000	14236
D04	48000001	49000000	10601
D04	48800001	49800000	13387
D04	49600001	50600000	10301
D04	50400001	51400000	9799
D04	51200001	51454130	2396
D05	1	1000000	8937
D05	800001	1800000	6025
D05	1600001	2600000	6674
D05	2400001	3400000	4606
D05	3200001	4200000	5977
D05	4000001	5000000	6447
D05	4800001	5800000	6334
D05	5600001	6600000	7064
D05	6400001	7400000	4563
D05	7200001	8200000	7246
D05	8000001	9000000	5914
D05	8800001	9800000	5969
D05	9600001	10600000	6166
D05	10400001	11400000	5184
D05	11200001	12200000	4941
D05	12000001	13000000	4638
D05	12800001	13800000	8588
D05	13600001	14600000	9581
D05	14400001	15400000	8553
D05	15200001	16200000	8484
D05	16000001	17000000	6753
D05	16800001	17800000	5516
D05	17600001	18600000	9519
D05	18400001	19400000	9504
D05	19200001	20200000	13346
D05	20000001	21000000	18459
D05	20800001	21800000	8890
D05	21600001	22600000	12333
D05	22400001	23400000	16207
D05	23200001	24200000	12751
D05	24000001	25000000	15604
D05	24800001	25800000	16523
D05	25600001	26600000	14119
D05	26400001	27400000	16938
D05	27200001	28200000	16186
D05	28000001	29000000	19478
D05	28800001	29800000	21414
D05	29600001	30600000	24581
D05	30400001	31400000	22207
D05	31200001	32200000	18736
D05	32000001	33000000	19794
D05	32800001	33800000	19730
D05	33600001	34600000	25604
D05	34400001	35400000	27848
D05	35200001	36200000	25373
D05	36000001	37000000	23736
D05	36800001	37800000	21792
D05	37600001	38600000	20119
D05	38400001	39400000	22729
D05	39200001	40200000	15979
D05	40000001	41000000	19044
D05	40800001	41800000	22586
D05	41600001	42600000	23923
D05	42400001	43400000	23587
D05	43200001	44200000	23538
D05	44000001	45000000	23132
D05	44800001	45800000	24698
D05	45600001	46600000	45267
D05	46400001	47400000	44763
D05	47200001	48200000	20729
D05	48000001	49000000	18501
D05	48800001	49800000	25303
D05	49600001	50600000	24009
D05	50400001	51400000	17327
D05	51200001	52200000	24980
D05	52000001	53000000	19910
D05	52800001	53800000	10853
D05	53600001	54600000	18618
D05	54400001	55400000	15978
D05	55200001	56200000	15000
D05	56000001	57000000	25601
D05	56800001	57800000	22549
D05	57600001	58600000	24537
D05	58400001	59400000	23453
D05	59200001	60200000	8499
D05	60000001	61000000	16911
D05	60800001	61800000	19598
D05	61600001	61933047	3708
D06	1	1000000	14596
D06	800001	1800000	12312
D06	1600001	2600000	8340
D06	2400001	3400000	8432
D06	3200001	4200000	24057
D06	4000001	5000000	28689
D06	4800001	5800000	22103
D06	5600001	6600000	20790
D06	6400001	7400000	28789
D06	7200001	8200000	26998
D06	8000001	9000000	20094
D06	8800001	9800000	21898
D06	9600001	10600000	22546
D06	10400001	11400000	25020
D06	11200001	12200000	28155
D06	12000001	13000000	27090
D06	12800001	13800000	25892
D06	13600001	14600000	30585
D06	14400001	15400000	26693
D06	15200001	16200000	28748
D06	16000001	17000000	25828
D06	16800001	17800000	22388
D06	17600001	18600000	27407
D06	18400001	19400000	26671
D06	19200001	20200000	24093
D06	20000001	21000000	26353
D06	20800001	21800000	26477
D06	21600001	22600000	25436
D06	22400001	23400000	26858
D06	23200001	24200000	18346
D06	24000001	25000000	25284
D06	24800001	25800000	22423
D06	25600001	26600000	28779
D06	26400001	27400000	19631
D06	27200001	28200000	19701
D06	28000001	29000000	20010
D06	28800001	29800000	25116
D06	29600001	30600000	25589
D06	30400001	31400000	21363
D06	31200001	32200000	23127
D06	32000001	33000000	16729
D06	32800001	33800000	19265
D06	33600001	34600000	20284
D06	34400001	35400000	14093
D06	35200001	36200000	19764
D06	36000001	37000000	24838
D06	36800001	37800000	20369
D06	37600001	38600000	16127
D06	38400001	39400000	19180
D06	39200001	40200000	29205
D06	40000001	41000000	20922
D06	40800001	41800000	26027
D06	41600001	42600000	25254
D06	42400001	43400000	24242
D06	43200001	44200000	24095
D06	44000001	45000000	24055
D06	44800001	45800000	23832
D06	45600001	46600000	24885
D06	46400001	47400000	25971
D06	47200001	48200000	25443
D06	48000001	49000000	23363
D06	48800001	49800000	28121
D06	49600001	50600000	27819
D06	50400001	51400000	22764
D06	51200001	52200000	24465
D06	52000001	53000000	24854
D06	52800001	53800000	23677
D06	53600001	54600000	22942
D06	54400001	55400000	24937
D06	55200001	56200000	24209
D06	56000001	57000000	22183
D06	56800001	57800000	20379
D06	57600001	58600000	20462
D06	58400001	59400000	22047
D06	59200001	60200000	13713
D06	60000001	61000000	17233
D06	60800001	61800000	19811
D06	61600001	62600000	17300
D06	62400001	63400000	12159
D06	63200001	64200000	10622
D06	64000001	64294643	2368
D07	1	1000000	10425
D07	800001	1800000	6142
D07	1600001	2600000	10355
D07	2400001	3400000	10287
D07	3200001	4200000	13021
D07	4000001	5000000	10923
D07	4800001	5800000	14318
D07	5600001	6600000	14199
D07	6400001	7400000	18056
D07	7200001	8200000	13690
D07	8000001	9000000	18544
D07	8800001	9800000	21071
D07	9600001	10600000	21626
D07	10400001	11400000	15358
D07	11200001	12200000	21288
D07	12000001	13000000	26875
D07	12800001	13800000	25813
D07	13600001	14600000	29857
D07	14400001	15400000	21645
D07	15200001	16200000	23616
D07	16000001	17000000	26814
D07	16800001	17800000	26779
D07	17600001	18600000	26464
D07	18400001	19400000	20924
D07	19200001	20200000	21713
D07	20000001	21000000	28451
D07	20800001	21800000	25116
D07	21600001	22600000	26006
D07	22400001	23400000	30058
D07	23200001	24200000	25404
D07	24000001	25000000	26248
D07	24800001	25800000	25405
D07	25600001	26600000	24685
D07	26400001	27400000	23306
D07	27200001	28200000	23638
D07	28000001	29000000	33335
D07	28800001	29800000	25465
D07	29600001	30600000	24586
D07	30400001	31400000	21893
D07	31200001	32200000	21989
D07	32000001	33000000	22598
D07	32800001	33800000	20908
D07	33600001	34600000	18724
D07	34400001	35400000	23052
D07	35200001	36200000	20865
D07	36000001	37000000	20991
D07	36800001	37800000	21003
D07	37600001	38600000	21826
D07	38400001	39400000	16632
D07	39200001	40200000	15807
D07	40000001	41000000	20859
D07	40800001	41800000	22065
D07	41600001	42600000	18031
D07	42400001	43400000	22466
D07	43200001	44200000	24726
D07	44000001	45000000	16093
D07	44800001	45800000	17952
D07	45600001	46600000	19282
D07	46400001	47400000	29430
D07	47200001	48200000	28562
D07	48000001	49000000	19541
D07	48800001	49800000	17574
D07	49600001	50600000	13222
D07	50400001	51400000	19093
D07	51200001	52200000	13898
D07	52000001	53000000	17150
D07	52800001	53800000	17158
D07	53600001	54600000	15264
D07	54400001	55400000	20651
D07	55200001	55312611	4294
D08	1	1000000	13462
D08	800001	1800000	8788
D08	1600001	2600000	11784
D08	2400001	3400000	13778
D08	3200001	4200000	14809
D08	4000001	5000000	17069
D08	4800001	5800000	15760
D08	5600001	6600000	22876
D08	6400001	7400000	26080
D08	7200001	8200000	24163
D08	8000001	9000000	24676
D08	8800001	9800000	28483
D08	9600001	10600000	25607
D08	10400001	11400000	29437
D08	11200001	12200000	23220
D08	12000001	13000000	31414
D08	12800001	13800000	32585
D08	13600001	14600000	28902
D08	14400001	15400000	26160
D08	15200001	16200000	32837
D08	16000001	17000000	24092
D08	16800001	17800000	23624
D08	17600001	18600000	24078
D08	18400001	19400000	23180
D08	19200001	20200000	22302
D08	20000001	21000000	19652
D08	20800001	21800000	17544
D08	21600001	22600000	20685
D08	22400001	23400000	23167
D08	23200001	24200000	23839
D08	24000001	25000000	21070
D08	24800001	25800000	18769
D08	25600001	26600000	11666
D08	26400001	27400000	16419
D08	27200001	28200000	15062
D08	28000001	29000000	14003
D08	28800001	29800000	19144
D08	29600001	30600000	21620
D08	30400001	31400000	22941
D08	31200001	32200000	22882
D08	32000001	33000000	20591
D08	32800001	33800000	21985
D08	33600001	34600000	22784
D08	34400001	35400000	25497
D08	35200001	36200000	27246
D08	36000001	37000000	23491
D08	36800001	37800000	26710
D08	37600001	38600000	28076
D08	38400001	39400000	25604
D08	39200001	40200000	29061
D08	40000001	41000000	24474
D08	40800001	41800000	24280
D08	41600001	42600000	25067
D08	42400001	43400000	30827
D08	43200001	44200000	27193
D08	44000001	45000000	25758
D08	44800001	45800000	26501
D08	45600001	46600000	27061
D08	46400001	47400000	22912
D08	47200001	48200000	24757
D08	48000001	49000000	23151
D08	48800001	49800000	25212
D08	49600001	50600000	18447
D08	50400001	51400000	22779
D08	51200001	52200000	24916
D08	52000001	53000000	26443
D08	52800001	53800000	18569
D08	53600001	54600000	23316
D08	54400001	55400000	28095
D08	55200001	56200000	28308
D08	56000001	57000000	23734
D08	56800001	57800000	24208
D08	57600001	58600000	17680
D08	58400001	59400000	17271
D08	59200001	60200000	10701
D08	60000001	61000000	16844
D08	60800001	61800000	15512
D08	61600001	62600000	18011
D08	62400001	63400000	15456
D08	63200001	64200000	9103
D08	64000001	65000000	7644
D08	64800001	65800000	7892
D08	65600001	65894135	1867
D09	1	1000000	30429
D09	800001	1800000	23637
D09	1600001	2600000	14747
D09	2400001	3400000	22860
D09	3200001	4200000	26482
D09	4000001	5000000	18623
D09	4800001	5800000	21844
D09	5600001	6600000	22787
D09	6400001	7400000	22278
D09	7200001	8200000	18166
D09	8000001	9000000	16661
D09	8800001	9800000	22090
D09	9600001	10600000	21121
D09	10400001	11400000	18576
D09	11200001	12200000	23250
D09	12000001	13000000	22121
D09	12800001	13800000	20366
D09	13600001	14600000	16807
D09	14400001	15400000	23154
D09	15200001	16200000	13156
D09	16000001	17000000	17531
D09	16800001	17800000	21314
D09	17600001	18600000	18841
D09	18400001	19400000	17455
D09	19200001	20200000	16345
D09	20000001	21000000	20795
D09	20800001	21800000	23356
D09	21600001	22600000	21377
D09	22400001	23400000	26450
D09	23200001	24200000	25155
D09	24000001	25000000	26735
D09	24800001	25800000	23672
D09	25600001	26600000	23597
D09	26400001	27400000	29323
D09	27200001	28200000	24616
D09	28000001	29000000	27615
D09	28800001	29800000	24146
D09	29600001	30600000	27027
D09	30400001	31400000	26248
D09	31200001	32200000	20988
D09	32000001	33000000	16461
D09	32800001	33800000	19529
D09	33600001	34600000	22025
D09	34400001	35400000	22475
D09	35200001	36200000	18078
D09	36000001	37000000	16379
D09	36800001	37800000	15078
D09	37600001	38600000	11862
D09	38400001	39400000	13035
D09	39200001	40200000	13091
D09	40000001	41000000	15496
D09	40800001	41800000	17620
D09	41600001	42600000	7371
D09	42400001	43400000	11159
D09	43200001	44200000	12062
D09	44000001	45000000	12766
D09	44800001	45800000	14693
D09	45600001	46600000	9005
D09	46400001	47400000	8559
D09	47200001	48200000	5164
D09	48000001	49000000	5676
D09	48800001	49800000	6910
D09	49600001	50600000	7871
D09	50400001	50995436	2689
D10	1	1000000	9786
D10	800001	1800000	5856
D10	1600001	2600000	7843
D10	2400001	3400000	8661
D10	3200001	4200000	12947
D10	4000001	5000000	10948
D10	4800001	5800000	16379
D10	5600001	6600000	20167
D10	6400001	7400000	22747
D10	7200001	8200000	19813
D10	8000001	9000000	20103
D10	8800001	9800000	24724
D10	9600001	10600000	21204
D10	10400001	11400000	25415
D10	11200001	12200000	22188
D10	12000001	13000000	24923
D10	12800001	13800000	25894
D10	13600001	14600000	26436
D10	14400001	15400000	28641
D10	15200001	16200000	26350
D10	16000001	17000000	25136
D10	16800001	17800000	25330
D10	17600001	18600000	28893
D10	18400001	19400000	31278
D10	19200001	20200000	28638
D10	20000001	21000000	23039
D10	20800001	21800000	27338
D10	21600001	22600000	19805
D10	22400001	23400000	23241
D10	23200001	24200000	29873
D10	24000001	25000000	26381
D10	24800001	25800000	22003
D10	25600001	26600000	26717
D10	26400001	27400000	22767
D10	27200001	28200000	27387
D10	28000001	29000000	30625
D10	28800001	29800000	25765
D10	29600001	30600000	25240
D10	30400001	31400000	32561
D10	31200001	32200000	24347
D10	32000001	33000000	19317
D10	32800001	33800000	22797
D10	33600001	34600000	22899
D10	34400001	35400000	19141
D10	35200001	36200000	20962
D10	36000001	37000000	19802
D10	36800001	37800000	17748
D10	37600001	38600000	15908
D10	38400001	39400000	18775
D10	39200001	40200000	21396
D10	40000001	41000000	22158
D10	40800001	41800000	25294
D10	41600001	42600000	22349
D10	42400001	43400000	23052
D10	43200001	44200000	26484
D10	44000001	45000000	21699
D10	44800001	45800000	23897
D10	45600001	46600000	28157
D10	46400001	47400000	31468
D10	47200001	48200000	31670
D10	48000001	49000000	28751
D10	48800001	49800000	21431
D10	49600001	50600000	25645
D10	50400001	51400000	25738
D10	51200001	52200000	24234
D10	52000001	53000000	26577
D10	52800001	53800000	20909
D10	53600001	54600000	18640
D10	54400001	55400000	18017
D10	55200001	56200000	14799
D10	56000001	57000000	20931
D10	56800001	57800000	15886
D10	57600001	58600000	15029
D10	58400001	59400000	21729
D10	59200001	60200000	13652
D10	60000001	61000000	12415
D10	60800001	61800000	14935
D10	61600001	62600000	11713
D10	62400001	63400000	6303
D10	63200001	63374666	990
D11	1	1000000	13532
D11	800001	1800000	8502
D11	1600001	2600000	6761
D11	2400001	3400000	5661
D11	3200001	4200000	8098
D11	4000001	5000000	9104
D11	4800001	5800000	5541
D11	5600001	6600000	11527
D11	6400001	7400000	12914
D11	7200001	8200000	12882
D11	8000001	9000000	11994
D11	8800001	9800000	13728
D11	9600001	10600000	15888
D11	10400001	11400000	19804
D11	11200001	12200000	16061
D11	12000001	13000000	17509
D11	12800001	13800000	16267
D11	13600001	14600000	17236
D11	14400001	15400000	17225
D11	15200001	16200000	17215
D11	16000001	17000000	22495
D11	16800001	17800000	23683
D11	17600001	18600000	22866
D11	18400001	19400000	20538
D11	19200001	20200000	26356
D11	20000001	21000000	27157
D11	20800001	21800000	23029
D11	21600001	22600000	22111
D11	22400001	23400000	23869
D11	23200001	24200000	29493
D11	24000001	25000000	25103
D11	24800001	25800000	24737
D11	25600001	26600000	30991
D11	26400001	27400000	27810
D11	27200001	28200000	23978
D11	28000001	29000000	30915
D11	28800001	29800000	32532
D11	29600001	30600000	28354
D11	30400001	31400000	27228
D11	31200001	32200000	24190
D11	32000001	33000000	27384
D11	32800001	33800000	25402
D11	33600001	34600000	25801
D11	34400001	35400000	20823
D11	35200001	36200000	18987
D11	36000001	37000000	20051
D11	36800001	37800000	21432
D11	37600001	38600000	23659
D11	38400001	39400000	25320
D11	39200001	40200000	18021
D11	40000001	41000000	17137
D11	40800001	41800000	20371
D11	41600001	42600000	23348
D11	42400001	43400000	27427
D11	43200001	44200000	26621
D11	44000001	45000000	29269
D11	44800001	45800000	30428
D11	45600001	46600000	28563
D11	46400001	47400000	27567
D11	47200001	48200000	22802
D11	48000001	49000000	23217
D11	48800001	49800000	25810
D11	49600001	50600000	24558
D11	50400001	51400000	24435
D11	51200001	52200000	24462
D11	52000001	53000000	20586
D11	52800001	53800000	22253
D11	53600001	54600000	21539
D11	54400001	55400000	21779
D11	55200001	56200000	21548
D11	56000001	57000000	24831
D11	56800001	57800000	21059
D11	57600001	58600000	11584
D11	58400001	59400000	12311
D11	59200001	60200000	9896
D11	60000001	61000000	11895
D11	60800001	61800000	13538
D11	61600001	62600000	15400
D11	62400001	63400000	11707
D11	63200001	64200000	15744
D11	64000001	65000000	8521
D11	64800001	65800000	7338
D11	65600001	66087774	2597
D12	1	1000000	17616
D12	800001	1800000	13676
D12	1600001	2600000	14532
D12	2400001	3400000	15383
D12	3200001	4200000	20072
D12	4000001	5000000	23168
D12	4800001	5800000	20716
D12	5600001	6600000	19568
D12	6400001	7400000	22705
D12	7200001	8200000	26786
D12	8000001	9000000	28709
D12	8800001	9800000	33436
D12	9600001	10600000	28145
D12	10400001	11400000	24206
D12	11200001	12200000	22371
D12	12000001	13000000	26508
D12	12800001	13800000	28961
D12	13600001	14600000	26293
D12	14400001	15400000	23524
D12	15200001	16200000	22416
D12	16000001	17000000	23354
D12	16800001	17800000	24909
D12	17600001	18600000	27300
D12	18400001	19400000	23789
D12	19200001	20200000	26546
D12	20000001	21000000	23189
D12	20800001	21800000	21405
D12	21600001	22600000	24203
D12	22400001	23400000	31326
D12	23200001	24200000	15967
D12	24000001	25000000	18865
D12	24800001	25800000	20293
D12	25600001	26600000	25410
D12	26400001	27400000	27538
D12	27200001	28200000	26202
D12	28000001	29000000	20968
D12	28800001	29800000	22681
D12	29600001	30600000	18899
D12	30400001	31400000	21258
D12	31200001	32200000	21344
D12	32000001	33000000	21143
D12	32800001	33800000	21746
D12	33600001	34600000	27165
D12	34400001	35400000	23439
D12	35200001	36200000	22707
D12	36000001	37000000	24520
D12	36800001	37800000	26725
D12	37600001	38600000	27637
D12	38400001	39400000	28821
D12	39200001	40200000	18470
D12	40000001	41000000	26984
D12	40800001	41800000	23950
D12	41600001	42600000	27059
D12	42400001	43400000	24157
D12	43200001	44200000	21923
D12	44000001	45000000	23552
D12	44800001	45800000	23387
D12	45600001	46600000	23491
D12	46400001	47400000	18764
D12	47200001	48200000	13811
D12	48000001	49000000	20802
D12	48800001	49800000	18107
D12	49600001	50600000	14052
D12	50400001	51400000	18570
D12	51200001	52200000	18004
D12	52000001	53000000	14467
D12	52800001	53800000	13827
D12	53600001	54600000	11105
D12	54400001	55400000	16975
D12	55200001	56200000	12034
D12	56000001	57000000	11038
D12	56800001	57800000	6683
D12	57600001	58600000	8600
D12	58400001	59109837	7684
D13	1	1000000	12182
D13	800001	1800000	12326
D13	1600001	2600000	13448
D13	2400001	3400000	13562
D13	3200001	4200000	19692
D13	4000001	5000000	20494
D13	4800001	5800000	18386
D13	5600001	6600000	24356
D13	6400001	7400000	26991
D13	7200001	8200000	27421
D13	8000001	9000000	26075
D13	8800001	9800000	27027
D13	9600001	10600000	29295
D13	10400001	11400000	20730
D13	11200001	12200000	25002
D13	12000001	13000000	25279
D13	12800001	13800000	27715
D13	13600001	14600000	30900
D13	14400001	15400000	22369
D13	15200001	16200000	26133
D13	16000001	17000000	20122
D13	16800001	17800000	21157
D13	17600001	18600000	30207
D13	18400001	19400000	22569
D13	19200001	20200000	23332
D13	20000001	21000000	23235
D13	20800001	21800000	21415
D13	21600001	22600000	24273
D13	22400001	23400000	18569
D13	23200001	24200000	13020
D13	24000001	25000000	21633
D13	24800001	25800000	19280
D13	25600001	26600000	14010
D13	26400001	27400000	17948
D13	27200001	28200000	27736
D13	28000001	29000000	19432
D13	28800001	29800000	30587
D13	29600001	30600000	24492
D13	30400001	31400000	21872
D13	31200001	32200000	20870
D13	32000001	33000000	24742
D13	32800001	33800000	27604
D13	33600001	34600000	24171
D13	34400001	35400000	26219
D13	35200001	36200000	26633
D13	36000001	37000000	29054
D13	36800001	37800000	27050
D13	37600001	38600000	22781
D13	38400001	39400000	21817
D13	39200001	40200000	24671
D13	40000001	41000000	25096
D13	40800001	41800000	26694
D13	41600001	42600000	25026
D13	42400001	43400000	22279
D13	43200001	44200000	22702
D13	44000001	45000000	27649
D13	44800001	45800000	26191
D13	45600001	46600000	23020
D13	46400001	47400000	28473
D13	47200001	48200000	20225
D13	48000001	49000000	26616
D13	48800001	49800000	26980
D13	49600001	50600000	23660
D13	50400001	51400000	22313
D13	51200001	52200000	27981
D13	52000001	53000000	21540
D13	52800001	53800000	17476
D13	53600001	54600000	22586
D13	54400001	55400000	17137
D13	55200001	56200000	21069
D13	56000001	57000000	13989
D13	56800001	57800000	9246
D13	57600001	58600000	7335
D13	58400001	59400000	11253
D13	59200001	60200000	14339
D13	60000001	60534298	4560
