A01	1	1000000	2645
A01	800001	1800000	3335
A01	1600001	2600000	3793
A01	2400001	3400000	8006
A01	3200001	4200000	6561
A01	4000001	5000000	8657
A01	4800001	5800000	9514
A01	5600001	6600000	9350
A01	6400001	7400000	9418
A01	7200001	8200000	7720
A01	8000001	9000000	13644
A01	8800001	9800000	14121
A01	9600001	10600000	13273
A01	10400001	11400000	11611
A01	11200001	12200000	9675
A01	12000001	13000000	10100
A01	12800001	13800000	9888
A01	13600001	14600000	9284
A01	14400001	15400000	16112
A01	15200001	16200000	15101
A01	16000001	17000000	13322
A01	16800001	17800000	13385
A01	17600001	18600000	11381
A01	18400001	19400000	9752
A01	19200001	20200000	9839
A01	20000001	21000000	14091
A01	20800001	21800000	12867
A01	21600001	22600000	15134
A01	22400001	23400000	11740
A01	23200001	24200000	11886
A01	24000001	25000000	13680
A01	24800001	25800000	14777
A01	25600001	26600000	13866
A01	26400001	27400000	12792
A01	27200001	28200000	10852
A01	28000001	29000000	12621
A01	28800001	29800000	17338
A01	29600001	30600000	13270
A01	30400001	31400000	12016
A01	31200001	32200000	15303
A01	32000001	33000000	14428
A01	32800001	33800000	11782
A01	33600001	34600000	13011
A01	34400001	35400000	10482
A01	35200001	36200000	10506
A01	36000001	37000000	11472
A01	36800001	37800000	11742
A01	37600001	38600000	12554
A01	38400001	39400000	10766
A01	39200001	40200000	12418
A01	40000001	41000000	14920
A01	40800001	41800000	13742
A01	41600001	42600000	10020
A01	42400001	43400000	10155
A01	43200001	44200000	13362
A01	44000001	45000000	14924
A01	44800001	45800000	12778
A01	45600001	46600000	12007
A01	46400001	47400000	10225
A01	47200001	48200000	14118
A01	48000001	49000000	13484
A01	48800001	49800000	12096
A01	49600001	50600000	12862
A01	50400001	51400000	12937
A01	51200001	52200000	11206
A01	52000001	53000000	12161
A01	52800001	53800000	15043
A01	53600001	54600000	15029
A01	54400001	55400000	15599
A01	55200001	56200000	14125
A01	56000001	57000000	11371
A01	56800001	57800000	10346
A01	57600001	58600000	12885
A01	58400001	59400000	13026
A01	59200001	60200000	13965
A01	60000001	61000000	13515
A01	60800001	61800000	13852
A01	61600001	62600000	12648
A01	62400001	63400000	10062
A01	63200001	64200000	12628
A01	64000001	65000000	12772
A01	64800001	65800000	10364
A01	65600001	66600000	11378
A01	66400001	67400000	9790
A01	67200001	68200000	9060
A01	68000001	69000000	13706
A01	68800001	69800000	15969
A01	69600001	70600000	10585
A01	70400001	71400000	15366
A01	71200001	72200000	13892
A01	72000001	73000000	12971
A01	72800001	73800000	12224
A01	73600001	74600000	11146
A01	74400001	75400000	14656
A01	75200001	76200000	10103
A01	76000001	77000000	12801
A01	76800001	77800000	13191
A01	77600001	78600000	12862
A01	78400001	79400000	13823
A01	79200001	80200000	10887
A01	80000001	81000000	11610
A01	80800001	81800000	11592
A01	81600001	82600000	11491
A01	82400001	83400000	12227
A01	83200001	84200000	9898
A01	84000001	85000000	11992
A01	84800001	85800000	14094
A01	85600001	86600000	14419
A01	86400001	87400000	13253
A01	87200001	88200000	12557
A01	88000001	89000000	12665
A01	88800001	89800000	15463
A01	89600001	90600000	11578
A01	90400001	91400000	9578
A01	91200001	92200000	12360
A01	92000001	93000000	12557
A01	92800001	93800000	11273
A01	93600001	94600000	10260
A01	94400001	95400000	9981
A01	95200001	96200000	8760
A01	96000001	97000000	12364
A01	96800001	97800000	10772
A01	97600001	98600000	5147
A01	98400001	99400000	3643
A01	99200001	99884700	3554
A02	1	1000000	3239
A02	800001	1800000	2881
A02	1600001	2600000	8209
A02	2400001	3400000	7102
A02	3200001	4200000	6054
A02	4000001	5000000	12712
A02	4800001	5800000	12654
A02	5600001	6600000	12754
A02	6400001	7400000	10330
A02	7200001	8200000	10651
A02	8000001	9000000	13589
A02	8800001	9800000	15723
A02	9600001	10600000	15528
A02	10400001	11400000	12633
A02	11200001	12200000	12561
A02	12000001	13000000	17887
A02	12800001	13800000	15894
A02	13600001	14600000	14992
A02	14400001	15400000	13721
A02	15200001	16200000	13209
A02	16000001	17000000	15090
A02	16800001	17800000	14524
A02	17600001	18600000	14610
A02	18400001	19400000	12760
A02	19200001	20200000	16774
A02	20000001	21000000	13449
A02	20800001	21800000	15272
A02	21600001	22600000	14903
A02	22400001	23400000	12124
A02	23200001	24200000	15920
A02	24000001	25000000	13400
A02	24800001	25800000	15527
A02	25600001	26600000	13535
A02	26400001	27400000	12666
A02	27200001	28200000	12930
A02	28000001	29000000	11591
A02	28800001	29800000	15548
A02	29600001	30600000	14099
A02	30400001	31400000	15338
A02	31200001	32200000	15381
A02	32000001	33000000	15462
A02	32800001	33800000	13192
A02	33600001	34600000	13979
A02	34400001	35400000	13070
A02	35200001	36200000	11785
A02	36000001	37000000	14846
A02	36800001	37800000	15589
A02	37600001	38600000	16368
A02	38400001	39400000	15289
A02	39200001	40200000	13776
A02	40000001	41000000	11780
A02	40800001	41800000	11305
A02	41600001	42600000	15691
A02	42400001	43400000	17076
A02	43200001	44200000	15266
A02	44000001	45000000	14413
A02	44800001	45800000	15131
A02	45600001	46600000	14257
A02	46400001	47400000	14079
A02	47200001	48200000	13999
A02	48000001	49000000	13595
A02	48800001	49800000	13712
A02	49600001	50600000	16854
A02	50400001	51400000	14699
A02	51200001	52200000	14581
A02	52000001	53000000	12496
A02	52800001	53800000	15538
A02	53600001	54600000	13640
A02	54400001	55400000	14594
A02	55200001	56200000	12201
A02	56000001	57000000	13191
A02	56800001	57800000	13842
A02	57600001	58600000	15556
A02	58400001	59400000	13231
A02	59200001	60200000	16768
A02	60000001	61000000	12337
A02	60800001	61800000	13312
A02	61600001	62600000	13810
A02	62400001	63400000	14751
A02	63200001	64200000	12504
A02	64000001	65000000	11907
A02	64800001	65800000	12828
A02	65600001	66600000	14627
A02	66400001	67400000	14630
A02	67200001	68200000	13022
A02	68000001	69000000	12982
A02	68800001	69800000	17806
A02	69600001	70600000	11805
A02	70400001	71400000	14915
A02	71200001	72200000	16548
A02	72000001	73000000	18587
A02	72800001	73800000	15128
A02	73600001	74600000	15674
A02	74400001	75400000	14159
A02	75200001	76200000	12604
A02	76000001	77000000	15530
A02	76800001	77800000	16218
A02	77600001	78600000	12522
A02	78400001	79400000	8938
A02	79200001	80200000	9691
A02	80000001	81000000	9864
A02	80800001	81800000	8437
A02	81600001	82600000	5806
A02	82400001	83400000	1291
A02	83200001	83447906	285
A03	1	1000000	9235
A03	800001	1800000	5744
A03	1600001	2600000	4442
A03	2400001	3400000	4496
A03	3200001	4200000	7186
A03	4000001	5000000	9333
A03	4800001	5800000	13422
A03	5600001	6600000	12012
A03	6400001	7400000	9779
A03	7200001	8200000	12251
A03	8000001	9000000	13128
A03	8800001	9800000	14409
A03	9600001	10600000	11867
A03	10400001	11400000	13365
A03	11200001	12200000	12462
A03	12000001	13000000	13371
A03	12800001	13800000	16164
A03	13600001	14600000	14491
A03	14400001	15400000	15366
A03	15200001	16200000	15713
A03	16000001	17000000	12746
A03	16800001	17800000	14535
A03	17600001	18600000	17081
A03	18400001	19400000	15445
A03	19200001	20200000	13132
A03	20000001	21000000	15687
A03	20800001	21800000	14326
A03	21600001	22600000	10111
A03	22400001	23400000	14103
A03	23200001	24200000	12450
A03	24000001	25000000	14617
A03	24800001	25800000	13182
A03	25600001	26600000	11565
A03	26400001	27400000	10789
A03	27200001	28200000	13454
A03	28000001	29000000	11302
A03	28800001	29800000	12623
A03	29600001	30600000	11818
A03	30400001	31400000	12905
A03	31200001	32200000	11523
A03	32000001	33000000	14307
A03	32800001	33800000	16716
A03	33600001	34600000	10512
A03	34400001	35400000	14102
A03	35200001	36200000	6692
A03	36000001	37000000	10807
A03	36800001	37800000	10522
A03	37600001	38600000	11890
A03	38400001	39400000	13666
A03	39200001	40200000	14707
A03	40000001	41000000	13099
A03	40800001	41800000	10060
A03	41600001	42600000	12214
A03	42400001	43400000	9597
A03	43200001	44200000	13384
A03	44000001	45000000	14842
A03	44800001	45800000	15654
A03	45600001	46600000	12486
A03	46400001	47400000	10468
A03	47200001	48200000	10981
A03	48000001	49000000	14332
A03	48800001	49800000	12820
A03	49600001	50600000	8820
A03	50400001	51400000	8968
A03	51200001	52200000	10596
A03	52000001	53000000	10746
A03	52800001	53800000	10246
A03	53600001	54600000	10150
A03	54400001	55400000	9553
A03	55200001	56200000	11487
A03	56000001	57000000	11687
A03	56800001	57800000	10929
A03	57600001	58600000	12003
A03	58400001	59400000	14426
A03	59200001	60200000	13435
A03	60000001	61000000	12322
A03	60800001	61800000	12468
A03	61600001	62600000	11892
A03	62400001	63400000	13933
A03	63200001	64200000	13461
A03	64000001	65000000	15137
A03	64800001	65800000	14575
A03	65600001	66600000	16492
A03	66400001	67400000	14397
A03	67200001	68200000	13552
A03	68000001	69000000	11994
A03	68800001	69800000	11512
A03	69600001	70600000	10465
A03	70400001	71400000	12181
A03	71200001	72200000	14465
A03	72000001	73000000	13785
A03	72800001	73800000	10643
A03	73600001	74600000	12420
A03	74400001	75400000	9699
A03	75200001	76200000	11657
A03	76000001	77000000	13460
A03	76800001	77800000	15421
A03	77600001	78600000	13500
A03	78400001	79400000	12701
A03	79200001	80200000	14577
A03	80000001	81000000	9739
A03	80800001	81800000	10620
A03	81600001	82600000	14746
A03	82400001	83400000	14004
A03	83200001	84200000	14787
A03	84000001	85000000	12796
A03	84800001	85800000	11271
A03	85600001	86600000	11888
A03	86400001	87400000	11508
A03	87200001	88200000	15927
A03	88000001	89000000	13549
A03	88800001	89800000	13585
A03	89600001	90600000	14552
A03	90400001	91400000	11064
A03	91200001	92200000	11559
A03	92000001	93000000	11454
A03	92800001	93800000	11954
A03	93600001	94600000	10293
A03	94400001	95400000	9106
A03	95200001	96200000	7948
A03	96000001	97000000	11634
A03	96800001	97800000	4403
A03	97600001	98600000	5986
A03	98400001	99400000	3773
A03	99200001	100200000	2371
A03	100000001	100263045	868
A04	1	1000000	9776
A04	800001	1800000	6835
A04	1600001	2600000	8524
A04	2400001	3400000	11426
A04	3200001	4200000	8637
A04	4000001	5000000	7813
A04	4800001	5800000	14101
A04	5600001	6600000	12890
A04	6400001	7400000	11753
A04	7200001	8200000	14241
A04	8000001	9000000	15026
A04	8800001	9800000	14545
A04	9600001	10600000	16421
A04	10400001	11400000	13290
A04	11200001	12200000	13004
A04	12000001	13000000	13523
A04	12800001	13800000	13186
A04	13600001	14600000	14039
A04	14400001	15400000	17247
A04	15200001	16200000	14880
A04	16000001	17000000	14968
A04	16800001	17800000	13501
A04	17600001	18600000	12927
A04	18400001	19400000	13045
A04	19200001	20200000	12559
A04	20000001	21000000	14090
A04	20800001	21800000	11120
A04	21600001	22600000	13407
A04	22400001	23400000	9558
A04	23200001	24200000	13100
A04	24000001	25000000	13508
A04	24800001	25800000	13589
A04	25600001	26600000	13949
A04	26400001	27400000	13647
A04	27200001	28200000	16237
A04	28000001	29000000	11690
A04	28800001	29800000	11351
A04	29600001	30600000	14332
A04	30400001	31400000	13899
A04	31200001	32200000	13411
A04	32000001	33000000	13228
A04	32800001	33800000	9550
A04	33600001	34600000	10870
A04	34400001	35400000	13749
A04	35200001	36200000	15265
A04	36000001	37000000	13486
A04	36800001	37800000	14764
A04	37600001	38600000	13658
A04	38400001	39400000	15047
A04	39200001	40200000	13885
A04	40000001	41000000	16881
A04	40800001	41800000	13169
A04	41600001	42600000	10905
A04	42400001	43400000	11045
A04	43200001	44200000	13679
A04	44000001	45000000	15388
A04	44800001	45800000	14912
A04	45600001	46600000	18076
A04	46400001	47400000	15221
A04	47200001	48200000	18837
A04	48000001	49000000	17149
A04	48800001	49800000	16810
A04	49600001	50600000	14957
A04	50400001	51400000	18876
A04	51200001	52200000	17775
A04	52000001	53000000	15152
A04	52800001	53800000	15064
A04	53600001	54600000	12460
A04	54400001	55400000	16062
A04	55200001	56200000	13033
A04	56000001	57000000	16079
A04	56800001	57800000	14591
A04	57600001	58600000	16331
A04	58400001	59400000	11133
A04	59200001	60200000	9563
A04	60000001	61000000	5826
A04	60800001	61800000	6744
A04	61600001	62600000	3471
A04	62400001	62913772	734
A05	1	1000000	4886
A05	800001	1800000	2624
A05	1600001	2600000	2893
A05	2400001	3400000	2928
A05	3200001	4200000	2028
A05	4000001	5000000	3111
A05	4800001	5800000	1890
A05	5600001	6600000	2407
A05	6400001	7400000	3649
A05	7200001	8200000	2739
A05	8000001	9000000	1858
A05	8800001	9800000	2757
A05	9600001	10600000	3497
A05	10400001	11400000	2891
A05	11200001	12200000	2635
A05	12000001	13000000	3983
A05	12800001	13800000	5784
A05	13600001	14600000	4719
A05	14400001	15400000	3664
A05	15200001	16200000	4451
A05	16000001	17000000	5750
A05	16800001	17800000	4561
A05	17600001	18600000	6453
A05	18400001	19400000	3588
A05	19200001	20200000	4917
A05	20000001	21000000	8564
A05	20800001	21800000	7348
A05	21600001	22600000	9312
A05	22400001	23400000	12634
A05	23200001	24200000	8107
A05	24000001	25000000	7738
A05	24800001	25800000	10393
A05	25600001	26600000	12815
A05	26400001	27400000	8660
A05	27200001	28200000	9811
A05	28000001	29000000	13935
A05	28800001	29800000	13260
A05	29600001	30600000	13138
A05	30400001	31400000	16958
A05	31200001	32200000	15904
A05	32000001	33000000	14219
A05	32800001	33800000	18323
A05	33600001	34600000	15396
A05	34400001	35400000	15925
A05	35200001	36200000	15557
A05	36000001	37000000	14481
A05	36800001	37800000	17364
A05	37600001	38600000	16875
A05	38400001	39400000	16330
A05	39200001	40200000	14956
A05	40000001	41000000	12347
A05	40800001	41800000	13493
A05	41600001	42600000	13304
A05	42400001	43400000	15487
A05	43200001	44200000	12592
A05	44000001	45000000	15729
A05	44800001	45800000	12296
A05	45600001	46600000	11617
A05	46400001	47400000	14939
A05	47200001	48200000	17453
A05	48000001	49000000	12658
A05	48800001	49800000	11301
A05	49600001	50600000	16591
A05	50400001	51400000	19022
A05	51200001	52200000	16431
A05	52000001	53000000	15294
A05	52800001	53800000	10696
A05	53600001	54600000	17274
A05	54400001	55400000	16270
A05	55200001	56200000	16169
A05	56000001	57000000	12279
A05	56800001	57800000	15349
A05	57600001	58600000	13780
A05	58400001	59400000	11933
A05	59200001	60200000	10047
A05	60000001	61000000	12900
A05	60800001	61800000	16096
A05	61600001	62600000	31817
A05	62400001	63400000	13577
A05	63200001	64200000	9958
A05	64000001	65000000	15575
A05	64800001	65800000	16342
A05	65600001	66600000	14828
A05	66400001	67400000	15543
A05	67200001	68200000	12106
A05	68000001	69000000	13271
A05	68800001	69800000	19392
A05	69600001	70600000	18482
A05	70400001	71400000	15705
A05	71200001	72200000	14373
A05	72000001	73000000	15640
A05	72800001	73800000	16537
A05	73600001	74600000	14786
A05	74400001	75400000	15836
A05	75200001	76200000	15594
A05	76000001	77000000	17025
A05	76800001	77800000	17577
A05	77600001	78600000	12962
A05	78400001	79400000	15192
A05	79200001	80200000	16885
A05	80000001	81000000	14959
A05	80800001	81800000	14494
A05	81600001	82600000	17593
A05	82400001	83400000	17715
A05	83200001	84200000	10864
A05	84000001	85000000	13856
A05	84800001	85800000	12816
A05	85600001	86600000	10171
A05	86400001	87400000	10497
A05	87200001	88200000	9258
A05	88000001	89000000	9002
A05	88800001	89800000	8460
A05	89600001	90600000	10173
A05	90400001	91400000	5028
A05	91200001	92200000	3051
A05	92000001	92047023	152
A06	1	1000000	3549
A06	800001	1800000	6526
A06	1600001	2600000	6752
A06	2400001	3400000	6962
A06	3200001	4200000	9753
A06	4000001	5000000	16417
A06	4800001	5800000	12477
A06	5600001	6600000	13695
A06	6400001	7400000	10974
A06	7200001	8200000	15948
A06	8000001	9000000	13380
A06	8800001	9800000	11546
A06	9600001	10600000	13084
A06	10400001	11400000	13484
A06	11200001	12200000	16511
A06	12000001	13000000	17346
A06	12800001	13800000	13074
A06	13600001	14600000	12454
A06	14400001	15400000	10614
A06	15200001	16200000	12426
A06	16000001	17000000	16260
A06	16800001	17800000	13564
A06	17600001	18600000	15857
A06	18400001	19400000	15768
A06	19200001	20200000	15825
A06	20000001	21000000	18172
A06	20800001	21800000	16331
A06	21600001	22600000	14140
A06	22400001	23400000	14521
A06	23200001	24200000	13690
A06	24000001	25000000	14339
A06	24800001	25800000	13258
A06	25600001	26600000	9548
A06	26400001	27400000	14181
A06	27200001	28200000	15364
A06	28000001	29000000	17284
A06	28800001	29800000	15002
A06	29600001	30600000	11436
A06	30400001	31400000	15444
A06	31200001	32200000	15355
A06	32000001	33000000	13490
A06	32800001	33800000	12527
A06	33600001	34600000	15793
A06	34400001	35400000	13454
A06	35200001	36200000	15001
A06	36000001	37000000	15842
A06	36800001	37800000	16311
A06	37600001	38600000	16967
A06	38400001	39400000	14031
A06	39200001	40200000	17981
A06	40000001	41000000	13746
A06	40800001	41800000	12983
A06	41600001	42600000	11262
A06	42400001	43400000	12964
A06	43200001	44200000	8812
A06	44000001	45000000	9040
A06	44800001	45800000	12677
A06	45600001	46600000	8211
A06	46400001	47400000	10034
A06	47200001	48200000	11215
A06	48000001	49000000	13445
A06	48800001	49800000	14455
A06	49600001	50600000	11827
A06	50400001	51400000	11693
A06	51200001	52200000	13375
A06	52000001	53000000	12434
A06	52800001	53800000	10596
A06	53600001	54600000	12007
A06	54400001	55400000	11493
A06	55200001	56200000	11714
A06	56000001	57000000	10016
A06	56800001	57800000	10958
A06	57600001	58600000	11842
A06	58400001	59400000	13353
A06	59200001	60200000	12149
A06	60000001	61000000	12183
A06	60800001	61800000	13517
A06	61600001	62600000	9139
A06	62400001	63400000	8784
A06	63200001	64200000	10553
A06	64000001	65000000	9748
A06	64800001	65800000	9818
A06	65600001	66600000	12055
A06	66400001	67400000	11585
A06	67200001	68200000	9905
A06	68000001	69000000	10224
A06	68800001	69800000	7923
A06	69600001	70600000	10510
A06	70400001	71400000	8247
A06	71200001	72200000	10081
A06	72000001	73000000	9033
A06	72800001	73800000	10460
A06	73600001	74600000	8018
A06	74400001	75400000	10301
A06	75200001	76200000	10856
A06	76000001	77000000	12682
A06	76800001	77800000	12244
A06	77600001	78600000	11551
A06	78400001	79400000	12242
A06	79200001	80200000	11010
A06	80000001	81000000	9832
A06	80800001	81800000	11018
A06	81600001	82600000	10549
A06	82400001	83400000	10865
A06	83200001	84200000	10232
A06	84000001	85000000	9261
A06	84800001	85800000	10743
A06	85600001	86600000	9745
A06	86400001	87400000	11990
A06	87200001	88200000	10703
A06	88000001	89000000	12069
A06	88800001	89800000	11729
A06	89600001	90600000	10727
A06	90400001	91400000	12837
A06	91200001	92200000	13175
A06	92000001	93000000	11841
A06	92800001	93800000	10103
A06	93600001	94600000	11648
A06	94400001	95400000	10454
A06	95200001	96200000	9654
A06	96000001	97000000	10598
A06	96800001	97800000	9328
A06	97600001	98600000	10850
A06	98400001	99400000	12293
A06	99200001	100200000	8488
A06	100000001	101000000	9123
A06	100800001	101800000	7090
A06	101600001	102600000	2433
A06	102400001	103170444	1429
A07	1	1000000	4817
A07	800001	1800000	2450
A07	1600001	2600000	3057
A07	2400001	3400000	5635
A07	3200001	4200000	5729
A07	4000001	5000000	3117
A07	4800001	5800000	6249
A07	5600001	6600000	6917
A07	6400001	7400000	12049
A07	7200001	8200000	9219
A07	8000001	9000000	7691
A07	8800001	9800000	11079
A07	9600001	10600000	15792
A07	10400001	11400000	18198
A07	11200001	12200000	15678
A07	12000001	13000000	14265
A07	12800001	13800000	13154
A07	13600001	14600000	11233
A07	14400001	15400000	17012
A07	15200001	16200000	15204
A07	16000001	17000000	11302
A07	16800001	17800000	13844
A07	17600001	18600000	10617
A07	18400001	19400000	14793
A07	19200001	20200000	15324
A07	20000001	21000000	13687
A07	20800001	21800000	16228
A07	21600001	22600000	17077
A07	22400001	23400000	11994
A07	23200001	24200000	15478
A07	24000001	25000000	16550
A07	24800001	25800000	13295
A07	25600001	26600000	12298
A07	26400001	27400000	13933
A07	27200001	28200000	19387
A07	28000001	29000000	13625
A07	28800001	29800000	12587
A07	29600001	30600000	16232
A07	30400001	31400000	14496
A07	31200001	32200000	13082
A07	32000001	33000000	13538
A07	32800001	33800000	15381
A07	33600001	34600000	11636
A07	34400001	35400000	11692
A07	35200001	36200000	13466
A07	36000001	37000000	11998
A07	36800001	37800000	13823
A07	37600001	38600000	16465
A07	38400001	39400000	17054
A07	39200001	40200000	13387
A07	40000001	41000000	17455
A07	40800001	41800000	15349
A07	41600001	42600000	12709
A07	42400001	43400000	9749
A07	43200001	44200000	11005
A07	44000001	45000000	15351
A07	44800001	45800000	16362
A07	45600001	46600000	14765
A07	46400001	47400000	11420
A07	47200001	48200000	13648
A07	48000001	49000000	13328
A07	48800001	49800000	10052
A07	49600001	50600000	12229
A07	50400001	51400000	11693
A07	51200001	52200000	15474
A07	52000001	53000000	15505
A07	52800001	53800000	13688
A07	53600001	54600000	12236
A07	54400001	55400000	14829
A07	55200001	56200000	14915
A07	56000001	57000000	12819
A07	56800001	57800000	13040
A07	57600001	58600000	15184
A07	58400001	59400000	12685
A07	59200001	60200000	9869
A07	60000001	61000000	14368
A07	60800001	61800000	15208
A07	61600001	62600000	15791
A07	62400001	63400000	14061
A07	63200001	64200000	14199
A07	64000001	65000000	14651
A07	64800001	65800000	14917
A07	65600001	66600000	16837
A07	66400001	67400000	13545
A07	67200001	68200000	16013
A07	68000001	69000000	24090
A07	68800001	69800000	18322
A07	69600001	70600000	12868
A07	70400001	71400000	14003
A07	71200001	72200000	12312
A07	72000001	73000000	11084
A07	72800001	73800000	7781
A07	73600001	74600000	10167
A07	74400001	75400000	7709
A07	75200001	76200000	10533
A07	76000001	77000000	6922
A07	76800001	77800000	7730
A07	77600001	78251018	5659
A08	1	1000000	3246
A08	800001	1800000	5182
A08	1600001	2600000	7456
A08	2400001	3400000	9897
A08	3200001	4200000	6535
A08	4000001	5000000	11343
A08	4800001	5800000	9496
A08	5600001	6600000	8679
A08	6400001	7400000	11431
A08	7200001	8200000	12513
A08	8000001	9000000	10897
A08	8800001	9800000	14931
A08	9600001	10600000	13585
A08	10400001	11400000	12840
A08	11200001	12200000	16933
A08	12000001	13000000	14158
A08	12800001	13800000	17484
A08	13600001	14600000	14513
A08	14400001	15400000	10210
A08	15200001	16200000	12603
A08	16000001	17000000	13609
A08	16800001	17800000	15121
A08	17600001	18600000	15379
A08	18400001	19400000	16080
A08	19200001	20200000	13936
A08	20000001	21000000	13577
A08	20800001	21800000	14269
A08	21600001	22600000	14624
A08	22400001	23400000	13912
A08	23200001	24200000	12719
A08	24000001	25000000	13645
A08	24800001	25800000	13841
A08	25600001	26600000	13423
A08	26400001	27400000	12589
A08	27200001	28200000	11728
A08	28000001	29000000	9885
A08	28800001	29800000	12957
A08	29600001	30600000	12532
A08	30400001	31400000	9864
A08	31200001	32200000	9280
A08	32000001	33000000	9654
A08	32800001	33800000	11515
A08	33600001	34600000	13071
A08	34400001	35400000	13539
A08	35200001	36200000	13507
A08	36000001	37000000	13517
A08	36800001	37800000	11547
A08	37600001	38600000	11468
A08	38400001	39400000	13619
A08	39200001	40200000	11873
A08	40000001	41000000	13138
A08	40800001	41800000	10792
A08	41600001	42600000	11472
A08	42400001	43400000	13718
A08	43200001	44200000	12860
A08	44000001	45000000	13233
A08	44800001	45800000	7284
A08	45600001	46600000	5159
A08	46400001	47400000	9917
A08	47200001	48200000	12363
A08	48000001	49000000	12254
A08	48800001	49800000	12473
A08	49600001	50600000	12052
A08	50400001	51400000	8592
A08	51200001	52200000	14023
A08	52000001	53000000	12135
A08	52800001	53800000	13913
A08	53600001	54600000	11568
A08	54400001	55400000	5989
A08	55200001	56200000	13086
A08	56000001	57000000	10796
A08	56800001	57800000	11321
A08	57600001	58600000	14106
A08	58400001	59400000	11142
A08	59200001	60200000	13095
A08	60000001	61000000	10429
A08	60800001	61800000	12417
A08	61600001	62600000	11576
A08	62400001	63400000	11655
A08	63200001	64200000	13223
A08	64000001	65000000	14480
A08	64800001	65800000	15601
A08	65600001	66600000	17269
A08	66400001	67400000	13835
A08	67200001	68200000	12961
A08	68000001	69000000	13382
A08	68800001	69800000	13715
A08	69600001	70600000	15632
A08	70400001	71400000	14923
A08	71200001	72200000	15975
A08	72000001	73000000	13010
A08	72800001	73800000	12496
A08	73600001	74600000	16050
A08	74400001	75400000	12606
A08	75200001	76200000	14323
A08	76000001	77000000	15353
A08	76800001	77800000	14927
A08	77600001	78600000	14479
A08	78400001	79400000	15869
A08	79200001	80200000	13990
A08	80000001	81000000	16666
A08	80800001	81800000	15438
A08	81600001	82600000	13051
A08	82400001	83400000	13359
A08	83200001	84200000	13534
A08	84000001	85000000	15712
A08	84800001	85800000	11051
A08	85600001	86600000	14609
A08	86400001	87400000	14785
A08	87200001	88200000	14159
A08	88000001	89000000	15511
A08	88800001	89800000	11802
A08	89600001	90600000	6648
A08	90400001	91400000	12090
A08	91200001	92200000	14354
A08	92000001	93000000	13352
A08	92800001	93800000	17032
A08	93600001	94600000	13049
A08	94400001	95400000	14741
A08	95200001	96200000	6916
A08	96000001	97000000	8532
A08	96800001	97800000	8086
A08	97600001	98600000	6889
A08	98400001	99400000	7085
A08	99200001	100200000	8712
A08	100000001	101000000	5715
A08	100800001	101800000	2020
A08	101600001	102600000	2017
A08	102400001	103400000	2470
A08	103200001	103626341	2707
A09	1	1000000	9780
A09	800001	1800000	10201
A09	1600001	2600000	10156
A09	2400001	3400000	8434
A09	3200001	4200000	11159
A09	4000001	5000000	11360
A09	4800001	5800000	11921
A09	5600001	6600000	7868
A09	6400001	7400000	10535
A09	7200001	8200000	9993
A09	8000001	9000000	9389
A09	8800001	9800000	7982
A09	9600001	10600000	8775
A09	10400001	11400000	9199
A09	11200001	12200000	8867
A09	12000001	13000000	9876
A09	12800001	13800000	13117
A09	13600001	14600000	10935
A09	14400001	15400000	10906
A09	15200001	16200000	10390
A09	16000001	17000000	8700
A09	16800001	17800000	13395
A09	17600001	18600000	13145
A09	18400001	19400000	11661
A09	19200001	20200000	13320
A09	20000001	21000000	11175
A09	20800001	21800000	8507
A09	21600001	22600000	9340
A09	22400001	23400000	11586
A09	23200001	24200000	8558
A09	24000001	25000000	10864
A09	24800001	25800000	7305
A09	25600001	26600000	10314
A09	26400001	27400000	11562
A09	27200001	28200000	11600
A09	28000001	29000000	10887
A09	28800001	29800000	8881
A09	29600001	30600000	10520
A09	30400001	31400000	13258
A09	31200001	32200000	12344
A09	32000001	33000000	10369
A09	32800001	33800000	11088
A09	33600001	34600000	14321
A09	34400001	35400000	11536
A09	35200001	36200000	9342
A09	36000001	37000000	10393
A09	36800001	37800000	13111
A09	37600001	38600000	11738
A09	38400001	39400000	12131
A09	39200001	40200000	12894
A09	40000001	41000000	14330
A09	40800001	41800000	11956
A09	41600001	42600000	15625
A09	42400001	43400000	11535
A09	43200001	44200000	15665
A09	44000001	45000000	15360
A09	44800001	45800000	11521
A09	45600001	46600000	13758
A09	46400001	47400000	13047
A09	47200001	48200000	10724
A09	48000001	49000000	9124
A09	48800001	49800000	13225
A09	49600001	50600000	12794
A09	50400001	51400000	14748
A09	51200001	52200000	13843
A09	52000001	53000000	9329
A09	52800001	53800000	10190
A09	53600001	54600000	13223
A09	54400001	55400000	7891
A09	55200001	56200000	6356
A09	56000001	57000000	11396
A09	56800001	57800000	9688
A09	57600001	58600000	8760
A09	58400001	59400000	8176
A09	59200001	60200000	7703
A09	60000001	61000000	6743
A09	60800001	61800000	8321
A09	61600001	62600000	10164
A09	62400001	63400000	6788
A09	63200001	64200000	8866
A09	64000001	65000000	6833
A09	64800001	65800000	5882
A09	65600001	66600000	8428
A09	66400001	67400000	7180
A09	67200001	68200000	4081
A09	68000001	69000000	3941
A09	68800001	69800000	2535
A09	69600001	70600000	2158
A09	70400001	71400000	3478
A09	71200001	72200000	3593
A09	72000001	73000000	1939
A09	72800001	73800000	1300
A09	73600001	74600000	2850
A09	74400001	74999931	461
A10	1	1000000	3709
A10	800001	1800000	5694
A10	1600001	2600000	2376
A10	2400001	3400000	2405
A10	3200001	4200000	5615
A10	4000001	5000000	7423
A10	4800001	5800000	7587
A10	5600001	6600000	11093
A10	6400001	7400000	11229
A10	7200001	8200000	15650
A10	8000001	9000000	17173
A10	8800001	9800000	15081
A10	9600001	10600000	12095
A10	10400001	11400000	11967
A10	11200001	12200000	9579
A10	12000001	13000000	8268
A10	12800001	13800000	12875
A10	13600001	14600000	15060
A10	14400001	15400000	14374
A10	15200001	16200000	14139
A10	16000001	17000000	13192
A10	16800001	17800000	14302
A10	17600001	18600000	13780
A10	18400001	19400000	13427
A10	19200001	20200000	17610
A10	20000001	21000000	10779
A10	20800001	21800000	14079
A10	21600001	22600000	14244
A10	22400001	23400000	12403
A10	23200001	24200000	10152
A10	24000001	25000000	10647
A10	24800001	25800000	13829
A10	25600001	26600000	13138
A10	26400001	27400000	12319
A10	27200001	28200000	12560
A10	28000001	29000000	15167
A10	28800001	29800000	12213
A10	29600001	30600000	12053
A10	30400001	31400000	10434
A10	31200001	32200000	13543
A10	32000001	33000000	11950
A10	32800001	33800000	10933
A10	33600001	34600000	15991
A10	34400001	35400000	16240
A10	35200001	36200000	12069
A10	36000001	37000000	9764
A10	36800001	37800000	11574
A10	37600001	38600000	11809
A10	38400001	39400000	13120
A10	39200001	40200000	12289
A10	40000001	41000000	11262
A10	40800001	41800000	8546
A10	41600001	42600000	10966
A10	42400001	43400000	14565
A10	43200001	44200000	12218
A10	44000001	45000000	11829
A10	44800001	45800000	11353
A10	45600001	46600000	13216
A10	46400001	47400000	11206
A10	47200001	48200000	13056
A10	48000001	49000000	13458
A10	48800001	49800000	13039
A10	49600001	50600000	12398
A10	50400001	51400000	11192
A10	51200001	52200000	10758
A10	52000001	53000000	12909
A10	52800001	53800000	10412
A10	53600001	54600000	10029
A10	54400001	55400000	10616
A10	55200001	56200000	9072
A10	56000001	57000000	10371
A10	56800001	57800000	10235
A10	57600001	58600000	12096
A10	58400001	59400000	11601
A10	59200001	60200000	12995
A10	60000001	61000000	14584
A10	60800001	61800000	14226
A10	61600001	62600000	12492
A10	62400001	63400000	9475
A10	63200001	64200000	11176
A10	64000001	65000000	10274
A10	64800001	65800000	10562
A10	65600001	66600000	12741
A10	66400001	67400000	12850
A10	67200001	68200000	9795
A10	68000001	69000000	12011
A10	68800001	69800000	11030
A10	69600001	70600000	10976
A10	70400001	71400000	11317
A10	71200001	72200000	10943
A10	72000001	73000000	9807
A10	72800001	73800000	9772
A10	73600001	74600000	11336
A10	74400001	75400000	10558
A10	75200001	76200000	10507
A10	76000001	77000000	11914
A10	76800001	77800000	11804
A10	77600001	78600000	13454
A10	78400001	79400000	11888
A10	79200001	80200000	12605
A10	80000001	81000000	13249
A10	80800001	81800000	10716
A10	81600001	82600000	13137
A10	82400001	83400000	14023
A10	83200001	84200000	11333
A10	84000001	85000000	12865
A10	84800001	85800000	9282
A10	85600001	86600000	10675
A10	86400001	87400000	10897
A10	87200001	88200000	10435
A10	88000001	89000000	12401
A10	88800001	89800000	13971
A10	89600001	90600000	11184
A10	90400001	91400000	8809
A10	91200001	92200000	8526
A10	92000001	93000000	10973
A10	92800001	93800000	9990
A10	93600001	94600000	10532
A10	94400001	95400000	6713
A10	95200001	96200000	7972
A10	96000001	97000000	6624
A10	96800001	97800000	7672
A10	97600001	98600000	7762
A10	98400001	99400000	8391
A10	99200001	100200000	5702
A10	100000001	101000000	4996
A10	100800001	100866604	59
A11	1	1000000	5484
A11	800001	1800000	2819
A11	1600001	2600000	2860
A11	2400001	3400000	2348
A11	3200001	4200000	4201
A11	4000001	5000000	3968
A11	4800001	5800000	5126
A11	5600001	6600000	3749
A11	6400001	7400000	5786
A11	7200001	8200000	3611
A11	8000001	9000000	4882
A11	8800001	9800000	8267
A11	9600001	10600000	8223
A11	10400001	11400000	6750
A11	11200001	12200000	6689
A11	12000001	13000000	8127
A11	12800001	13800000	9410
A11	13600001	14600000	10861
A11	14400001	15400000	7939
A11	15200001	16200000	9148
A11	16000001	17000000	13194
A11	16800001	17800000	8037
A11	17600001	18600000	9781
A11	18400001	19400000	13908
A11	19200001	20200000	11341
A11	20000001	21000000	10373
A11	20800001	21800000	13790
A11	21600001	22600000	10144
A11	22400001	23400000	12241
A11	23200001	24200000	12301
A11	24000001	25000000	13105
A11	24800001	25800000	12839
A11	25600001	26600000	14070
A11	26400001	27400000	14053
A11	27200001	28200000	13863
A11	28000001	29000000	12092
A11	28800001	29800000	12784
A11	29600001	30600000	14332
A11	30400001	31400000	10355
A11	31200001	32200000	12504
A11	32000001	33000000	13388
A11	32800001	33800000	13487
A11	33600001	34600000	12172
A11	34400001	35400000	10594
A11	35200001	36200000	12463
A11	36000001	37000000	14767
A11	36800001	37800000	14081
A11	37600001	38600000	10280
A11	38400001	39400000	10420
A11	39200001	40200000	9729
A11	40000001	41000000	13567
A11	40800001	41800000	9391
A11	41600001	42600000	8829
A11	42400001	43400000	14764
A11	43200001	44200000	14190
A11	44000001	45000000	11166
A11	44800001	45800000	8889
A11	45600001	46600000	13300
A11	46400001	47400000	12225
A11	47200001	48200000	12123
A11	48000001	49000000	9251
A11	48800001	49800000	12825
A11	49600001	50600000	12096
A11	50400001	51400000	12570
A11	51200001	52200000	12168
A11	52000001	53000000	15013
A11	52800001	53800000	13860
A11	53600001	54600000	12374
A11	54400001	55400000	9833
A11	55200001	56200000	10335
A11	56000001	57000000	12951
A11	56800001	57800000	11647
A11	57600001	58600000	12332
A11	58400001	59400000	11548
A11	59200001	60200000	12268
A11	60000001	61000000	16729
A11	60800001	61800000	12731
A11	61600001	62600000	13388
A11	62400001	63400000	15526
A11	63200001	64200000	14690
A11	64000001	65000000	13409
A11	64800001	65800000	14237
A11	65600001	66600000	12878
A11	66400001	67400000	11729
A11	67200001	68200000	14304
A11	68000001	69000000	16259
A11	68800001	69800000	15944
A11	69600001	70600000	11759
A11	70400001	71400000	15422
A11	71200001	72200000	12098
A11	72000001	73000000	13679
A11	72800001	73800000	14170
A11	73600001	74600000	10795
A11	74400001	75400000	12158
A11	75200001	76200000	12937
A11	76000001	77000000	11013
A11	76800001	77800000	12709
A11	77600001	78600000	14620
A11	78400001	79400000	13998
A11	79200001	80200000	14304
A11	80000001	81000000	12453
A11	80800001	81800000	10142
A11	81600001	82600000	11904
A11	82400001	83400000	9359
A11	83200001	84200000	7647
A11	84000001	85000000	11443
A11	84800001	85800000	11759
A11	85600001	86600000	12949
A11	86400001	87400000	12378
A11	87200001	88200000	9846
A11	88000001	89000000	5698
A11	88800001	89800000	8759
A11	89600001	90600000	8257
A11	90400001	91400000	8210
A11	91200001	92200000	8861
A11	92000001	93000000	6554
A11	92800001	93316192	1029
A12	1	1000000	6728
A12	800001	1800000	7965
A12	1600001	2600000	7644
A12	2400001	3400000	9046
A12	3200001	4200000	10421
A12	4000001	5000000	12850
A12	4800001	5800000	14840
A12	5600001	6600000	13003
A12	6400001	7400000	10415
A12	7200001	8200000	14237
A12	8000001	9000000	11293
A12	8800001	9800000	13414
A12	9600001	10600000	8909
A12	10400001	11400000	14348
A12	11200001	12200000	17436
A12	12000001	13000000	15043
A12	12800001	13800000	12536
A12	13600001	14600000	13419
A12	14400001	15400000	13925
A12	15200001	16200000	15164
A12	16000001	17000000	15140
A12	16800001	17800000	14883
A12	17600001	18600000	16556
A12	18400001	19400000	18908
A12	19200001	20200000	14458
A12	20000001	21000000	16352
A12	20800001	21800000	17381
A12	21600001	22600000	14694
A12	22400001	23400000	15328
A12	23200001	24200000	14944
A12	24000001	25000000	11372
A12	24800001	25800000	11524
A12	25600001	26600000	11022
A12	26400001	27400000	14976
A12	27200001	28200000	15152
A12	28000001	29000000	16001
A12	28800001	29800000	16447
A12	29600001	30600000	15850
A12	30400001	31400000	11352
A12	31200001	32200000	10300
A12	32000001	33000000	13122
A12	32800001	33800000	12321
A12	33600001	34600000	11705
A12	34400001	35400000	11278
A12	35200001	36200000	9955
A12	36000001	37000000	10618
A12	36800001	37800000	11318
A12	37600001	38600000	15945
A12	38400001	39400000	14123
A12	39200001	40200000	15581
A12	40000001	41000000	14639
A12	40800001	41800000	15149
A12	41600001	42600000	14759
A12	42400001	43400000	12467
A12	43200001	44200000	12491
A12	44000001	45000000	13399
A12	44800001	45800000	14347
A12	45600001	46600000	13777
A12	46400001	47400000	11304
A12	47200001	48200000	14224
A12	48000001	49000000	11986
A12	48800001	49800000	15707
A12	49600001	50600000	10586
A12	50400001	51400000	16882
A12	51200001	52200000	13592
A12	52000001	53000000	13865
A12	52800001	53800000	14656
A12	53600001	54600000	15508
A12	54400001	55400000	16963
A12	55200001	56200000	14788
A12	56000001	57000000	15395
A12	56800001	57800000	13876
A12	57600001	58600000	13197
A12	58400001	59400000	14130
A12	59200001	60200000	12438
A12	60000001	61000000	11065
A12	60800001	61800000	11203
A12	61600001	62600000	16231
A12	62400001	63400000	15815
A12	63200001	64200000	13087
A12	64000001	65000000	10973
A12	64800001	65800000	11536
A12	65600001	66600000	9614
A12	66400001	67400000	13747
A12	67200001	68200000	15454
A12	68000001	69000000	14349
A12	68800001	69800000	12105
A12	69600001	70600000	15465
A12	70400001	71400000	14681
A12	71200001	72200000	15233
A12	72000001	73000000	11908
A12	72800001	73800000	11702
A12	73600001	74600000	9543
A12	74400001	75400000	12422
A12	75200001	76200000	14029
A12	76000001	77000000	11397
A12	76800001	77800000	11427
A12	77600001	78600000	8532
A12	78400001	79400000	9135
A12	79200001	80200000	10018
A12	80000001	81000000	7048
A12	80800001	81800000	4792
A12	81600001	82600000	6420
A12	82400001	83400000	5563
A12	83200001	84200000	3560
A12	84000001	85000000	2866
A12	84800001	85800000	2323
A12	85600001	86600000	2768
A12	86400001	87400000	2414
A12	87200001	87484866	630
A13	1	1000000	7934
A13	800001	1800000	8031
A13	1600001	2600000	8185
A13	2400001	3400000	6172
A13	3200001	4200000	6009
A13	4000001	5000000	9698
A13	4800001	5800000	9428
A13	5600001	6600000	14283
A13	6400001	7400000	14155
A13	7200001	8200000	13276
A13	8000001	9000000	15735
A13	8800001	9800000	13979
A13	9600001	10600000	14407
A13	10400001	11400000	9757
A13	11200001	12200000	13643
A13	12000001	13000000	15495
A13	12800001	13800000	14124
A13	13600001	14600000	13384
A13	14400001	15400000	18409
A13	15200001	16200000	13934
A13	16000001	17000000	11947
A13	16800001	17800000	13841
A13	17600001	18600000	13095
A13	18400001	19400000	16052
A13	19200001	20200000	12675
A13	20000001	21000000	13104
A13	20800001	21800000	13486
A13	21600001	22600000	13484
A13	22400001	23400000	14605
A13	23200001	24200000	13703
A13	24000001	25000000	11724
A13	24800001	25800000	13586
A13	25600001	26600000	14126
A13	26400001	27400000	14706
A13	27200001	28200000	13110
A13	28000001	29000000	12345
A13	28800001	29800000	11934
A13	29600001	30600000	11150
A13	30400001	31400000	14307
A13	31200001	32200000	16089
A13	32000001	33000000	10749
A13	32800001	33800000	13268
A13	33600001	34600000	7900
A13	34400001	35400000	7784
A13	35200001	36200000	12267
A13	36000001	37000000	13906
A13	36800001	37800000	13440
A13	37600001	38600000	14684
A13	38400001	39400000	13599
A13	39200001	40200000	11905
A13	40000001	41000000	12129
A13	40800001	41800000	13439
A13	41600001	42600000	10768
A13	42400001	43400000	10277
A13	43200001	44200000	12620
A13	44000001	45000000	10460
A13	44800001	45800000	12056
A13	45600001	46600000	13076
A13	46400001	47400000	12844
A13	47200001	48200000	11620
A13	48000001	49000000	10967
A13	48800001	49800000	11430
A13	49600001	50600000	9432
A13	50400001	51400000	9489
A13	51200001	52200000	8190
A13	52000001	53000000	11400
A13	52800001	53800000	11777
A13	53600001	54600000	13834
A13	54400001	55400000	11752
A13	55200001	56200000	15857
A13	56000001	57000000	11778
A13	56800001	57800000	13252
A13	57600001	58600000	12909
A13	58400001	59400000	13047
A13	59200001	60200000	9692
A13	60000001	61000000	9478
A13	60800001	61800000	8442
A13	61600001	62600000	13342
A13	62400001	63400000	12955
A13	63200001	64200000	8876
A13	64000001	65000000	9500
A13	64800001	65800000	8987
A13	65600001	66600000	10662
A13	66400001	67400000	10263
A13	67200001	68200000	9639
A13	68000001	69000000	9699
A13	68800001	69800000	14903
A13	69600001	70600000	13429
A13	70400001	71400000	11321
A13	71200001	72200000	12365
A13	72000001	73000000	10776
A13	72800001	73800000	6135
A13	73600001	74600000	9237
A13	74400001	75400000	5517
A13	75200001	76200000	4872
A13	76000001	77000000	4221
A13	76800001	77800000	8649
A13	77600001	78600000	3052
A13	78400001	79400000	1143
A13	79200001	79961121	1846
D01	1	1000000	3740
D01	800001	1800000	3971
D01	1600001	2600000	5120
D01	2400001	3400000	7755
D01	3200001	4200000	7397
D01	4000001	5000000	7922
D01	4800001	5800000	7290
D01	5600001	6600000	11638
D01	6400001	7400000	13377
D01	7200001	8200000	11880
D01	8000001	9000000	9668
D01	8800001	9800000	9909
D01	9600001	10600000	9850
D01	10400001	11400000	12398
D01	11200001	12200000	15925
D01	12000001	13000000	14058
D01	12800001	13800000	12518
D01	13600001	14600000	9464
D01	14400001	15400000	12638
D01	15200001	16200000	12185
D01	16000001	17000000	14817
D01	16800001	17800000	14197
D01	17600001	18600000	13997
D01	18400001	19400000	14529
D01	19200001	20200000	14761
D01	20000001	21000000	14670
D01	20800001	21800000	13758
D01	21600001	22600000	14606
D01	22400001	23400000	13471
D01	23200001	24200000	15000
D01	24000001	25000000	13237
D01	24800001	25800000	12499
D01	25600001	26600000	12032
D01	26400001	27400000	12229
D01	27200001	28200000	11151
D01	28000001	29000000	12881
D01	28800001	29800000	13618
D01	29600001	30600000	13496
D01	30400001	31400000	14844
D01	31200001	32200000	13368
D01	32000001	33000000	12404
D01	32800001	33800000	9392
D01	33600001	34600000	11303
D01	34400001	35400000	10483
D01	35200001	36200000	12806
D01	36000001	37000000	10006
D01	36800001	37800000	9976
D01	37600001	38600000	14167
D01	38400001	39400000	14338
D01	39200001	40200000	13710
D01	40000001	41000000	10554
D01	40800001	41800000	12082
D01	41600001	42600000	11106
D01	42400001	43400000	14786
D01	43200001	44200000	14386
D01	44000001	45000000	15109
D01	44800001	45800000	15427
D01	45600001	46600000	11247
D01	46400001	47400000	11377
D01	47200001	48200000	13066
D01	48000001	49000000	15440
D01	48800001	49800000	13295
D01	49600001	50600000	10903
D01	50400001	51400000	13360
D01	51200001	52200000	12990
D01	52000001	53000000	13022
D01	52800001	53800000	11293
D01	53600001	54600000	12413
D01	54400001	55400000	12371
D01	55200001	56200000	11765
D01	56000001	57000000	11355
D01	56800001	57800000	7863
D01	57600001	58600000	8495
D01	58400001	59400000	8433
D01	59200001	60200000	7059
D01	60000001	61000000	3863
D01	60800001	61456009	1680
D02	1	1000000	3438
D02	800001	1800000	3902
D02	1600001	2600000	7264
D02	2400001	3400000	5804
D02	3200001	4200000	5430
D02	4000001	5000000	4011
D02	4800001	5800000	7208
D02	5600001	6600000	7572
D02	6400001	7400000	5700
D02	7200001	8200000	9544
D02	8000001	9000000	9031
D02	8800001	9800000	12431
D02	9600001	10600000	10526
D02	10400001	11400000	11380
D02	11200001	12200000	12438
D02	12000001	13000000	11855
D02	12800001	13800000	10585
D02	13600001	14600000	12514
D02	14400001	15400000	13958
D02	15200001	16200000	13550
D02	16000001	17000000	10455
D02	16800001	17800000	11956
D02	17600001	18600000	13378
D02	18400001	19400000	13338
D02	19200001	20200000	10952
D02	20000001	21000000	11493
D02	20800001	21800000	12270
D02	21600001	22600000	14634
D02	22400001	23400000	14534
D02	23200001	24200000	10834
D02	24000001	25000000	11830
D02	24800001	25800000	12519
D02	25600001	26600000	14470
D02	26400001	27400000	13478
D02	27200001	28200000	10462
D02	28000001	29000000	12375
D02	28800001	29800000	10484
D02	29600001	30600000	9913
D02	30400001	31400000	10893
D02	31200001	32200000	10865
D02	32000001	33000000	11748
D02	32800001	33800000	11515
D02	33600001	34600000	11537
D02	34400001	35400000	13795
D02	35200001	36200000	13397
D02	36000001	37000000	9907
D02	36800001	37800000	13109
D02	37600001	38600000	10978
D02	38400001	39400000	14354
D02	39200001	40200000	14054
D02	40000001	41000000	15481
D02	40800001	41800000	13986
D02	41600001	42600000	10773
D02	42400001	43400000	13007
D02	43200001	44200000	13536
D02	44000001	45000000	15560
D02	44800001	45800000	15610
D02	45600001	46600000	13869
D02	46400001	47400000	12349
D02	47200001	48200000	14425
D02	48000001	49000000	14598
D02	48800001	49800000	14579
D02	49600001	50600000	11416
D02	50400001	51400000	14654
D02	51200001	52200000	14936
D02	52000001	53000000	11747
D02	52800001	53800000	11790
D02	53600001	54600000	14414
D02	54400001	55400000	15206
D02	55200001	56200000	14133
D02	56000001	57000000	10824
D02	56800001	57800000	10753
D02	57600001	58600000	9870
D02	58400001	59400000	12033
D02	59200001	60200000	12803
D02	60000001	61000000	9956
D02	60800001	61800000	11715
D02	61600001	62600000	10904
D02	62400001	63400000	8996
D02	63200001	64200000	4053
D02	64000001	65000000	6025
D02	64800001	65800000	3774
D02	65600001	66600000	3615
D02	66400001	67400000	2095
D02	67200001	67284553	532
D03	1	1000000	3349
D03	800001	1800000	5448
D03	1600001	2600000	7687
D03	2400001	3400000	7460
D03	3200001	4200000	8729
D03	4000001	5000000	11881
D03	4800001	5800000	11235
D03	5600001	6600000	12206
D03	6400001	7400000	14489
D03	7200001	8200000	14602
D03	8000001	9000000	15543
D03	8800001	9800000	15101
D03	9600001	10600000	12032
D03	10400001	11400000	12262
D03	11200001	12200000	13722
D03	12000001	13000000	14551
D03	12800001	13800000	11567
D03	13600001	14600000	9827
D03	14400001	15400000	11441
D03	15200001	16200000	14348
D03	16000001	17000000	12707
D03	16800001	17800000	12421
D03	17600001	18600000	12191
D03	18400001	19400000	10436
D03	19200001	20200000	10027
D03	20000001	21000000	11965
D03	20800001	21800000	11157
D03	21600001	22600000	11792
D03	22400001	23400000	10959
D03	23200001	24200000	12161
D03	24000001	25000000	14890
D03	24800001	25800000	14137
D03	25600001	26600000	14029
D03	26400001	27400000	13432
D03	27200001	28200000	12698
D03	28000001	29000000	12259
D03	28800001	29800000	14005
D03	29600001	30600000	11995
D03	30400001	31400000	12584
D03	31200001	32200000	14961
D03	32000001	33000000	15102
D03	32800001	33800000	14483
D03	33600001	34600000	12993
D03	34400001	35400000	11832
D03	35200001	36200000	11653
D03	36000001	37000000	12371
D03	36800001	37800000	11652
D03	37600001	38600000	9935
D03	38400001	39400000	9281
D03	39200001	40200000	11841
D03	40000001	41000000	9639
D03	40800001	41800000	7752
D03	41600001	42600000	8030
D03	42400001	43400000	5258
D03	43200001	44200000	5338
D03	44000001	45000000	6915
D03	44800001	45800000	6320
D03	45600001	46600000	4226
D03	46400001	46690656	422
D04	1	1000000	5445
D04	800001	1800000	5980
D04	1600001	2600000	5449
D04	2400001	3400000	5060
D04	3200001	4200000	7418
D04	4000001	5000000	6229
D04	4800001	5800000	8743
D04	5600001	6600000	8031
D04	6400001	7400000	11679
D04	7200001	8200000	13246
D04	8000001	9000000	11011
D04	8800001	9800000	9640
D04	9600001	10600000	10511
D04	10400001	11400000	12339
D04	11200001	12200000	12583
D04	12000001	13000000	14839
D04	12800001	13800000	13016
D04	13600001	14600000	13307
D04	14400001	15400000	12401
D04	15200001	16200000	13430
D04	16000001	17000000	13124
D04	16800001	17800000	10778
D04	17600001	18600000	12729
D04	18400001	19400000	12869
D04	19200001	20200000	10951
D04	20000001	21000000	10864
D04	20800001	21800000	8608
D04	21600001	22600000	12158
D04	22400001	23400000	10922
D04	23200001	24200000	14968
D04	24000001	25000000	13717
D04	24800001	25800000	12641
D04	25600001	26600000	11947
D04	26400001	27400000	11136
D04	27200001	28200000	8994
D04	28000001	29000000	12175
D04	28800001	29800000	13277
D04	29600001	30600000	16530
D04	30400001	31400000	14269
D04	31200001	32200000	14449
D04	32000001	33000000	14144
D04	32800001	33800000	13513
D04	33600001	34600000	14179
D04	34400001	35400000	13053
D04	35200001	36200000	14013
D04	36000001	37000000	13979
D04	36800001	37800000	11123
D04	37600001	38600000	13084
D04	38400001	39400000	15096
D04	39200001	40200000	14945
D04	40000001	41000000	12534
D04	40800001	41800000	14195
D04	41600001	42600000	11158
D04	42400001	43400000	11514
D04	43200001	44200000	12129
D04	44000001	45000000	7882
D04	44800001	45800000	12783
D04	45600001	46600000	11612
D04	46400001	47400000	7172
D04	47200001	48200000	6302
D04	48000001	49000000	4301
D04	48800001	49800000	5904
D04	49600001	50600000	4642
D04	50400001	51400000	4998
D04	51200001	51454130	876
D05	1	1000000	3183
D05	800001	1800000	2653
D05	1600001	2600000	2765
D05	2400001	3400000	1769
D05	3200001	4200000	2744
D05	4000001	5000000	2515
D05	4800001	5800000	2781
D05	5600001	6600000	3274
D05	6400001	7400000	2083
D05	7200001	8200000	2854
D05	8000001	9000000	2347
D05	8800001	9800000	2527
D05	9600001	10600000	2788
D05	10400001	11400000	2188
D05	11200001	12200000	1719
D05	12000001	13000000	2176
D05	12800001	13800000	3815
D05	13600001	14600000	4700
D05	14400001	15400000	4052
D05	15200001	16200000	3579
D05	16000001	17000000	3112
D05	16800001	17800000	2757
D05	17600001	18600000	4004
D05	18400001	19400000	3867
D05	19200001	20200000	5540
D05	20000001	21000000	7192
D05	20800001	21800000	4036
D05	21600001	22600000	6246
D05	22400001	23400000	7167
D05	23200001	24200000	5537
D05	24000001	25000000	6827
D05	24800001	25800000	7377
D05	25600001	26600000	6802
D05	26400001	27400000	7793
D05	27200001	28200000	8047
D05	28000001	29000000	10246
D05	28800001	29800000	10984
D05	29600001	30600000	12936
D05	30400001	31400000	13415
D05	31200001	32200000	9138
D05	32000001	33000000	10409
D05	32800001	33800000	11293
D05	33600001	34600000	14526
D05	34400001	35400000	14196
D05	35200001	36200000	13792
D05	36000001	37000000	12081
D05	36800001	37800000	12001
D05	37600001	38600000	11905
D05	38400001	39400000	12373
D05	39200001	40200000	9130
D05	40000001	41000000	10699
D05	40800001	41800000	13377
D05	41600001	42600000	15081
D05	42400001	43400000	12955
D05	43200001	44200000	13432
D05	44000001	45000000	13208
D05	44800001	45800000	14207
D05	45600001	46600000	24057
D05	46400001	47400000	23624
D05	47200001	48200000	11993
D05	48000001	49000000	10739
D05	48800001	49800000	12503
D05	49600001	50600000	12276
D05	50400001	51400000	10099
D05	51200001	52200000	15180
D05	52000001	53000000	11465
D05	52800001	53800000	6968
D05	53600001	54600000	10021
D05	54400001	55400000	11372
D05	55200001	56200000	10138
D05	56000001	57000000	14520
D05	56800001	57800000	9830
D05	57600001	58600000	12265
D05	58400001	59400000	13255
D05	59200001	60200000	4795
D05	60000001	61000000	9070
D05	60800001	61800000	9165
D05	61600001	61933047	1216
D06	1	1000000	4801
D06	800001	1800000	4592
D06	1600001	2600000	2749
D06	2400001	3400000	3227
D06	3200001	4200000	11538
D06	4000001	5000000	15619
D06	4800001	5800000	9247
D06	5600001	6600000	9243
D06	6400001	7400000	12679
D06	7200001	8200000	12338
D06	8000001	9000000	9048
D06	8800001	9800000	10817
D06	9600001	10600000	11900
D06	10400001	11400000	11310
D06	11200001	12200000	13073
D06	12000001	13000000	12205
D06	12800001	13800000	12435
D06	13600001	14600000	13504
D06	14400001	15400000	13214
D06	15200001	16200000	14678
D06	16000001	17000000	12141
D06	16800001	17800000	11266
D06	17600001	18600000	14404
D06	18400001	19400000	13184
D06	19200001	20200000	11083
D06	20000001	21000000	12146
D06	20800001	21800000	12178
D06	21600001	22600000	12227
D06	22400001	23400000	13066
D06	23200001	24200000	9844
D06	24000001	25000000	13367
D06	24800001	25800000	12791
D06	25600001	26600000	14806
D06	26400001	27400000	11116
D06	27200001	28200000	11281
D06	28000001	29000000	11539
D06	28800001	29800000	12079
D06	29600001	30600000	14186
D06	30400001	31400000	12808
D06	31200001	32200000	12253
D06	32000001	33000000	10528
D06	32800001	33800000	10099
D06	33600001	34600000	10576
D06	34400001	35400000	8218
D06	35200001	36200000	11686
D06	36000001	37000000	13908
D06	36800001	37800000	11571
D06	37600001	38600000	9391
D06	38400001	39400000	10071
D06	39200001	40200000	14868
D06	40000001	41000000	10622
D06	40800001	41800000	13890
D06	41600001	42600000	13556
D06	42400001	43400000	12542
D06	43200001	44200000	13191
D06	44000001	45000000	13042
D06	44800001	45800000	12734
D06	45600001	46600000	13167
D06	46400001	47400000	13895
D06	47200001	48200000	13940
D06	48000001	49000000	13374
D06	48800001	49800000	14198
D06	49600001	50600000	13066
D06	50400001	51400000	11110
D06	51200001	52200000	12471
D06	52000001	53000000	13388
D06	52800001	53800000	12353
D06	53600001	54600000	10925
D06	54400001	55400000	12074
D06	55200001	56200000	10035
D06	56000001	57000000	10736
D06	56800001	57800000	10058
D06	57600001	58600000	10754
D06	58400001	59400000	8993
D06	59200001	60200000	7160
D06	60000001	61000000	8247
D06	60800001	61800000	8861
D06	61600001	62600000	8396
D06	62400001	63400000	5309
D06	63200001	64200000	3769
D06	64000001	64294643	611
D07	1	1000000	3719
D07	800001	1800000	2235
D07	1600001	2600000	3795
D07	2400001	3400000	3495
D07	3200001	4200000	5065
D07	4000001	5000000	4234
D07	4800001	5800000	6675
D07	5600001	6600000	6015
D07	6400001	7400000	7530
D07	7200001	8200000	5876
D07	8000001	9000000	7988
D07	8800001	9800000	9193
D07	9600001	10600000	10039
D07	10400001	11400000	7350
D07	11200001	12200000	10672
D07	12000001	13000000	12422
D07	12800001	13800000	12400
D07	13600001	14600000	14235
D07	14400001	15400000	9742
D07	15200001	16200000	11053
D07	16000001	17000000	12160
D07	16800001	17800000	12760
D07	17600001	18600000	12608
D07	18400001	19400000	9039
D07	19200001	20200000	8899
D07	20000001	21000000	12348
D07	20800001	21800000	12035
D07	21600001	22600000	12509
D07	22400001	23400000	13663
D07	23200001	24200000	13374
D07	24000001	25000000	12507
D07	24800001	25800000	12813
D07	25600001	26600000	13069
D07	26400001	27400000	12107
D07	27200001	28200000	11435
D07	28000001	29000000	17019
D07	28800001	29800000	12844
D07	29600001	30600000	13692
D07	30400001	31400000	13003
D07	31200001	32200000	11380
D07	32000001	33000000	11140
D07	32800001	33800000	11241
D07	33600001	34600000	10965
D07	34400001	35400000	12001
D07	35200001	36200000	10418
D07	36000001	37000000	10809
D07	36800001	37800000	11414
D07	37600001	38600000	11232
D07	38400001	39400000	8719
D07	39200001	40200000	8800
D07	40000001	41000000	12492
D07	40800001	41800000	12777
D07	41600001	42600000	9507
D07	42400001	43400000	10423
D07	43200001	44200000	12928
D07	44000001	45000000	10237
D07	44800001	45800000	9978
D07	45600001	46600000	10216
D07	46400001	47400000	14594
D07	47200001	48200000	13619
D07	48000001	49000000	10797
D07	48800001	49800000	8464
D07	49600001	50600000	5692
D07	50400001	51400000	8677
D07	51200001	52200000	5806
D07	52000001	53000000	6837
D07	52800001	53800000	7263
D07	53600001	54600000	6191
D07	54400001	55400000	7482
D07	55200001	55312611	1733
D08	1	1000000	4842
D08	800001	1800000	3420
D08	1600001	2600000	4798
D08	2400001	3400000	5715
D08	3200001	4200000	6369
D08	4000001	5000000	7514
D08	4800001	5800000	7008
D08	5600001	6600000	9894
D08	6400001	7400000	11426
D08	7200001	8200000	11126
D08	8000001	9000000	11952
D08	8800001	9800000	11300
D08	9600001	10600000	11690
D08	10400001	11400000	14148
D08	11200001	12200000	12675
D08	12000001	13000000	13639
D08	12800001	13800000	16001
D08	13600001	14600000	15761
D08	14400001	15400000	14188
D08	15200001	16200000	18390
D08	16000001	17000000	12896
D08	16800001	17800000	13704
D08	17600001	18600000	13267
D08	18400001	19400000	13052
D08	19200001	20200000	13498
D08	20000001	21000000	11533
D08	20800001	21800000	10425
D08	21600001	22600000	12513
D08	22400001	23400000	10898
D08	23200001	24200000	11716
D08	24000001	25000000	11645
D08	24800001	25800000	10558
D08	25600001	26600000	6877
D08	26400001	27400000	9608
D08	27200001	28200000	9552
D08	28000001	29000000	8774
D08	28800001	29800000	10870
D08	29600001	30600000	11820
D08	30400001	31400000	12759
D08	31200001	32200000	13921
D08	32000001	33000000	11919
D08	32800001	33800000	12513
D08	33600001	34600000	12383
D08	34400001	35400000	12598
D08	35200001	36200000	13515
D08	36000001	37000000	12640
D08	36800001	37800000	14650
D08	37600001	38600000	13884
D08	38400001	39400000	12526
D08	39200001	40200000	14363
D08	40000001	41000000	13509
D08	40800001	41800000	13649
D08	41600001	42600000	12454
D08	42400001	43400000	14260
D08	43200001	44200000	12380
D08	44000001	45000000	13001
D08	44800001	45800000	13481
D08	45600001	46600000	13284
D08	46400001	47400000	10922
D08	47200001	48200000	10653
D08	48000001	49000000	11403
D08	48800001	49800000	11024
D08	49600001	50600000	8382
D08	50400001	51400000	10296
D08	51200001	52200000	11569
D08	52000001	53000000	12632
D08	52800001	53800000	8465
D08	53600001	54600000	10621
D08	54400001	55400000	11798
D08	55200001	56200000	15085
D08	56000001	57000000	11871
D08	56800001	57800000	11102
D08	57600001	58600000	7856
D08	58400001	59400000	7524
D08	59200001	60200000	4810
D08	60000001	61000000	7712
D08	60800001	61800000	6998
D08	61600001	62600000	7780
D08	62400001	63400000	6776
D08	63200001	64200000	3703
D08	64000001	65000000	2617
D08	64800001	65800000	2929
D08	65600001	65894135	666
D09	1	1000000	12674
D09	800001	1800000	9323
D09	1600001	2600000	6579
D09	2400001	3400000	10016
D09	3200001	4200000	12460
D09	4000001	5000000	11715
D09	4800001	5800000	13110
D09	5600001	6600000	10839
D09	6400001	7400000	10741
D09	7200001	8200000	9021
D09	8000001	9000000	9385
D09	8800001	9800000	11880
D09	9600001	10600000	12085
D09	10400001	11400000	9130
D09	11200001	12200000	11183
D09	12000001	13000000	11261
D09	12800001	13800000	11657
D09	13600001	14600000	9886
D09	14400001	15400000	13108
D09	15200001	16200000	7362
D09	16000001	17000000	10564
D09	16800001	17800000	11920
D09	17600001	18600000	10624
D09	18400001	19400000	11225
D09	19200001	20200000	9144
D09	20000001	21000000	12650
D09	20800001	21800000	12643
D09	21600001	22600000	11932
D09	22400001	23400000	13691
D09	23200001	24200000	12045
D09	24000001	25000000	13554
D09	24800001	25800000	11448
D09	25600001	26600000	12358
D09	26400001	27400000	15612
D09	27200001	28200000	13717
D09	28000001	29000000	11889
D09	28800001	29800000	10720
D09	29600001	30600000	12913
D09	30400001	31400000	11677
D09	31200001	32200000	9584
D09	32000001	33000000	7123
D09	32800001	33800000	8808
D09	33600001	34600000	9179
D09	34400001	35400000	9652
D09	35200001	36200000	7211
D09	36000001	37000000	6448
D09	36800001	37800000	5986
D09	37600001	38600000	5135
D09	38400001	39400000	5704
D09	39200001	40200000	5665
D09	40000001	41000000	7441
D09	40800001	41800000	7681
D09	41600001	42600000	3344
D09	42400001	43400000	4577
D09	43200001	44200000	5438
D09	44000001	45000000	5914
D09	44800001	45800000	6096
D09	45600001	46600000	3511
D09	46400001	47400000	3288
D09	47200001	48200000	1984
D09	48000001	49000000	2201
D09	48800001	49800000	3144
D09	49600001	50600000	3443
D09	50400001	50995436	911
D10	1	1000000	3027
D10	800001	1800000	2249
D10	1600001	2600000	2934
D10	2400001	3400000	3423
D10	3200001	4200000	4984
D10	4000001	5000000	4014
D10	4800001	5800000	6722
D10	5600001	6600000	9316
D10	6400001	7400000	10131
D10	7200001	8200000	8995
D10	8000001	9000000	8414
D10	8800001	9800000	10651
D10	9600001	10600000	9341
D10	10400001	11400000	11674
D10	11200001	12200000	10391
D10	12000001	13000000	10689
D10	12800001	13800000	11348
D10	13600001	14600000	12792
D10	14400001	15400000	13182
D10	15200001	16200000	11527
D10	16000001	17000000	11966
D10	16800001	17800000	11612
D10	17600001	18600000	12918
D10	18400001	19400000	16480
D10	19200001	20200000	14327
D10	20000001	21000000	11383
D10	20800001	21800000	14199
D10	21600001	22600000	10125
D10	22400001	23400000	11143
D10	23200001	24200000	14570
D10	24000001	25000000	13375
D10	24800001	25800000	11961
D10	25600001	26600000	13354
D10	26400001	27400000	11855
D10	27200001	28200000	14075
D10	28000001	29000000	16108
D10	28800001	29800000	14406
D10	29600001	30600000	13590
D10	30400001	31400000	16740
D10	31200001	32200000	13428
D10	32000001	33000000	10595
D10	32800001	33800000	12731
D10	33600001	34600000	11498
D10	34400001	35400000	10296
D10	35200001	36200000	11639
D10	36000001	37000000	12591
D10	36800001	37800000	11155
D10	37600001	38600000	8953
D10	38400001	39400000	11194
D10	39200001	40200000	11356
D10	40000001	41000000	12284
D10	40800001	41800000	13587
D10	41600001	42600000	12786
D10	42400001	43400000	12933
D10	43200001	44200000	14108
D10	44000001	45000000	12421
D10	44800001	45800000	11698
D10	45600001	46600000	14189
D10	46400001	47400000	15037
D10	47200001	48200000	15229
D10	48000001	49000000	13520
D10	48800001	49800000	11341
D10	49600001	50600000	12394
D10	50400001	51400000	10890
D10	51200001	52200000	11346
D10	52000001	53000000	12549
D10	52800001	53800000	10544
D10	53600001	54600000	10140
D10	54400001	55400000	11700
D10	55200001	56200000	7100
D10	56000001	57000000	9785
D10	56800001	57800000	7567
D10	57600001	58600000	6424
D10	58400001	59400000	12623
D10	59200001	60200000	7501
D10	60000001	61000000	8151
D10	60800001	61800000	8202
D10	61600001	62600000	5419
D10	62400001	63400000	2816
D10	63200001	63374666	324
D11	1	1000000	4861
D11	800001	1800000	3277
D11	1600001	2600000	2586
D11	2400001	3400000	2330
D11	3200001	4200000	3574
D11	4000001	5000000	4109
D11	4800001	5800000	1757
D11	5600001	6600000	4331
D11	6400001	7400000	5608
D11	7200001	8200000	5146
D11	8000001	9000000	4870
D11	8800001	9800000	6086
D11	9600001	10600000	7164
D11	10400001	11400000	8984
D11	11200001	12200000	7349
D11	12000001	13000000	7374
D11	12800001	13800000	6576
D11	13600001	14600000	7279
D11	14400001	15400000	7300
D11	15200001	16200000	8454
D11	16000001	17000000	9560
D11	16800001	17800000	10659
D11	17600001	18600000	10847
D11	18400001	19400000	9140
D11	19200001	20200000	12107
D11	20000001	21000000	11866
D11	20800001	21800000	10355
D11	21600001	22600000	11109
D11	22400001	23400000	12205
D11	23200001	24200000	12945
D11	24000001	25000000	12567
D11	24800001	25800000	12831
D11	25600001	26600000	13674
D11	26400001	27400000	13059
D11	27200001	28200000	12031
D11	28000001	29000000	13607
D11	28800001	29800000	16167
D11	29600001	30600000	13770
D11	30400001	31400000	13296
D11	31200001	32200000	13358
D11	32000001	33000000	13485
D11	32800001	33800000	13166
D11	33600001	34600000	13234
D11	34400001	35400000	12758
D11	35200001	36200000	11757
D11	36000001	37000000	13076
D11	36800001	37800000	12160
D11	37600001	38600000	13529
D11	38400001	39400000	13807
D11	39200001	40200000	11130
D11	40000001	41000000	10528
D11	40800001	41800000	12157
D11	41600001	42600000	13462
D11	42400001	43400000	12812
D11	43200001	44200000	13324
D11	44000001	45000000	15383
D11	44800001	45800000	16851
D11	45600001	46600000	13894
D11	46400001	47400000	12920
D11	47200001	48200000	10890
D11	48000001	49000000	11254
D11	48800001	49800000	12099
D11	49600001	50600000	12218
D11	50400001	51400000	14003
D11	51200001	52200000	12665
D11	52000001	53000000	9268
D11	52800001	53800000	10477
D11	53600001	54600000	10675
D11	54400001	55400000	10972
D11	55200001	56200000	10224
D11	56000001	57000000	11780
D11	56800001	57800000	9570
D11	57600001	58600000	4481
D11	58400001	59400000	6937
D11	59200001	60200000	5556
D11	60000001	61000000	6117
D11	60800001	61800000	6881
D11	61600001	62600000	8833
D11	62400001	63400000	5791
D11	63200001	64200000	7593
D11	64000001	65000000	4645
D11	64800001	65800000	3507
D11	65600001	66087774	1066
D12	1	1000000	6188
D12	800001	1800000	5470
D12	1600001	2600000	6490
D12	2400001	3400000	6958
D12	3200001	4200000	7743
D12	4000001	5000000	10532
D12	4800001	5800000	11122
D12	5600001	6600000	9537
D12	6400001	7400000	9984
D12	7200001	8200000	11865
D12	8000001	9000000	11894
D12	8800001	9800000	15697
D12	9600001	10600000	13248
D12	10400001	11400000	11439
D12	11200001	12200000	11608
D12	12000001	13000000	14341
D12	12800001	13800000	15211
D12	13600001	14600000	13145
D12	14400001	15400000	13079
D12	15200001	16200000	12703
D12	16000001	17000000	12381
D12	16800001	17800000	13638
D12	17600001	18600000	14004
D12	18400001	19400000	12827
D12	19200001	20200000	13574
D12	20000001	21000000	13735
D12	20800001	21800000	12519
D12	21600001	22600000	13667
D12	22400001	23400000	16214
D12	23200001	24200000	9627
D12	24000001	25000000	11976
D12	24800001	25800000	10803
D12	25600001	26600000	12864
D12	26400001	27400000	13689
D12	27200001	28200000	12364
D12	28000001	29000000	10152
D12	28800001	29800000	12135
D12	29600001	30600000	11324
D12	30400001	31400000	12112
D12	31200001	32200000	12023
D12	32000001	33000000	11939
D12	32800001	33800000	11093
D12	33600001	34600000	14530
D12	34400001	35400000	11671
D12	35200001	36200000	10907
D12	36000001	37000000	12056
D12	36800001	37800000	12542
D12	37600001	38600000	12751
D12	38400001	39400000	13407
D12	39200001	40200000	8676
D12	40000001	41000000	12111
D12	40800001	41800000	11028
D12	41600001	42600000	11833
D12	42400001	43400000	11273
D12	43200001	44200000	9822
D12	44000001	45000000	10161
D12	44800001	45800000	11105
D12	45600001	46600000	10580
D12	46400001	47400000	8755
D12	47200001	48200000	6907
D12	48000001	49000000	9494
D12	48800001	49800000	8272
D12	49600001	50600000	6045
D12	50400001	51400000	8558
D12	51200001	52200000	8427
D12	52000001	53000000	7154
D12	52800001	53800000	6023
D12	53600001	54600000	4991
D12	54400001	55400000	7666
D12	55200001	56200000	4666
D12	56000001	57000000	4208
D12	56800001	57800000	2815
D12	57600001	58600000	3332
D12	58400001	59109837	2718
D13	1	1000000	4315
D13	800001	1800000	4796
D13	1600001	2600000	5285
D13	2400001	3400000	5550
D13	3200001	4200000	8259
D13	4000001	5000000	8395
D13	4800001	5800000	8391
D13	5600001	6600000	13668
D13	6400001	7400000	14517
D13	7200001	8200000	12591
D13	8000001	9000000	11292
D13	8800001	9800000	13392
D13	9600001	10600000	14497
D13	10400001	11400000	10092
D13	11200001	12200000	11695
D13	12000001	13000000	13375
D13	12800001	13800000	14634
D13	13600001	14600000	15632
D13	14400001	15400000	12391
D13	15200001	16200000	13194
D13	16000001	17000000	11083
D13	16800001	17800000	12833
D13	17600001	18600000	15571
D13	18400001	19400000	12504
D13	19200001	20200000	12461
D13	20000001	21000000	13388
D13	20800001	21800000	10803
D13	21600001	22600000	11865
D13	22400001	23400000	10120
D13	23200001	24200000	7278
D13	24000001	25000000	13317
D13	24800001	25800000	11581
D13	25600001	26600000	8626
D13	26400001	27400000	10547
D13	27200001	28200000	13445
D13	28000001	29000000	10756
D13	28800001	29800000	15495
D13	29600001	30600000	11619
D13	30400001	31400000	12492
D13	31200001	32200000	13037
D13	32000001	33000000	13702
D13	32800001	33800000	13887
D13	33600001	34600000	12789
D13	34400001	35400000	13937
D13	35200001	36200000	13028
D13	36000001	37000000	14219
D13	36800001	37800000	14680
D13	37600001	38600000	13246
D13	38400001	39400000	10766
D13	39200001	40200000	12869
D13	40000001	41000000	14568
D13	40800001	41800000	13693
D13	41600001	42600000	10812
D13	42400001	43400000	10643
D13	43200001	44200000	12421
D13	44000001	45000000	14546
D13	44800001	45800000	11947
D13	45600001	46600000	11312
D13	46400001	47400000	13340
D13	47200001	48200000	9359
D13	48000001	49000000	12253
D13	48800001	49800000	12522
D13	49600001	50600000	11437
D13	50400001	51400000	11344
D13	51200001	52200000	12082
D13	52000001	53000000	10201
D13	52800001	53800000	7606
D13	53600001	54600000	10969
D13	54400001	55400000	7368
D13	55200001	56200000	8872
D13	56000001	57000000	6377
D13	56800001	57800000	4678
D13	57600001	58600000	2907
D13	58400001	59400000	4930
D13	59200001	60200000	6823
D13	60000001	60534298	1730
