A01	1	1000000	6624
A01	800001	1800000	7267
A01	1600001	2600000	9385
A01	2400001	3400000	9503
A01	3200001	4200000	7589
A01	4000001	5000000	10546
A01	4800001	5800000	12112
A01	5600001	6600000	11898
A01	6400001	7400000	12088
A01	7200001	8200000	11964
A01	8000001	9000000	18043
A01	8800001	9800000	18055
A01	9600001	10600000	17248
A01	10400001	11400000	14887
A01	11200001	12200000	13597
A01	12000001	13000000	14500
A01	12800001	13800000	12512
A01	13600001	14600000	13268
A01	14400001	15400000	20133
A01	15200001	16200000	20257
A01	16000001	17000000	17853
A01	16800001	17800000	17378
A01	17600001	18600000	16305
A01	18400001	19400000	14582
A01	19200001	20200000	14333
A01	20000001	21000000	17536
A01	20800001	21800000	17144
A01	21600001	22600000	19186
A01	22400001	23400000	16251
A01	23200001	24200000	16964
A01	24000001	25000000	18459
A01	24800001	25800000	20771
A01	25600001	26600000	18571
A01	26400001	27400000	17565
A01	27200001	28200000	15473
A01	28000001	29000000	15276
A01	28800001	29800000	21813
A01	29600001	30600000	17102
A01	30400001	31400000	16305
A01	31200001	32200000	19707
A01	32000001	33000000	19099
A01	32800001	33800000	17113
A01	33600001	34600000	16740
A01	34400001	35400000	12923
A01	35200001	36200000	12665
A01	36000001	37000000	13545
A01	36800001	37800000	14408
A01	37600001	38600000	15645
A01	38400001	39400000	14808
A01	39200001	40200000	17392
A01	40000001	41000000	19690
A01	40800001	41800000	19463
A01	41600001	42600000	15560
A01	42400001	43400000	12728
A01	43200001	44200000	16213
A01	44000001	45000000	17592
A01	44800001	45800000	17941
A01	45600001	46600000	17295
A01	46400001	47400000	14497
A01	47200001	48200000	18123
A01	48000001	49000000	16728
A01	48800001	49800000	14876
A01	49600001	50600000	16301
A01	50400001	51400000	16761
A01	51200001	52200000	14888
A01	52000001	53000000	15010
A01	52800001	53800000	19656
A01	53600001	54600000	19651
A01	54400001	55400000	18594
A01	55200001	56200000	18681
A01	56000001	57000000	16247
A01	56800001	57800000	13891
A01	57600001	58600000	16834
A01	58400001	59400000	16485
A01	59200001	60200000	16851
A01	60000001	61000000	17541
A01	60800001	61800000	17540
A01	61600001	62600000	17214
A01	62400001	63400000	14348
A01	63200001	64200000	16281
A01	64000001	65000000	17358
A01	64800001	65800000	12784
A01	65600001	66600000	15484
A01	66400001	67400000	13656
A01	67200001	68200000	12471
A01	68000001	69000000	17082
A01	68800001	69800000	19479
A01	69600001	70600000	13472
A01	70400001	71400000	19209
A01	71200001	72200000	17686
A01	72000001	73000000	16760
A01	72800001	73800000	17606
A01	73600001	74600000	13920
A01	74400001	75400000	18749
A01	75200001	76200000	14797
A01	76000001	77000000	17760
A01	76800001	77800000	18250
A01	77600001	78600000	16094
A01	78400001	79400000	17829
A01	79200001	80200000	15541
A01	80000001	81000000	14497
A01	80800001	81800000	15858
A01	81600001	82600000	16232
A01	82400001	83400000	15498
A01	83200001	84200000	13201
A01	84000001	85000000	15544
A01	84800001	85800000	18435
A01	85600001	86600000	18978
A01	86400001	87400000	17950
A01	87200001	88200000	16711
A01	88000001	89000000	18155
A01	88800001	89800000	19499
A01	89600001	90600000	15793
A01	90400001	91400000	13771
A01	91200001	92200000	16601
A01	92000001	93000000	16588
A01	92800001	93800000	16059
A01	93600001	94600000	13706
A01	94400001	95400000	14482
A01	95200001	96200000	12352
A01	96000001	97000000	15940
A01	96800001	97800000	14389
A01	97600001	98600000	10169
A01	98400001	99400000	7782
A01	99200001	99884700	5104
A02	1	1000000	7557
A02	800001	1800000	7208
A02	1600001	2600000	8608
A02	2400001	3400000	9326
A02	3200001	4200000	10167
A02	4000001	5000000	14493
A02	4800001	5800000	15546
A02	5600001	6600000	14683
A02	6400001	7400000	12692
A02	7200001	8200000	13958
A02	8000001	9000000	17463
A02	8800001	9800000	19272
A02	9600001	10600000	18273
A02	10400001	11400000	16177
A02	11200001	12200000	16265
A02	12000001	13000000	19329
A02	12800001	13800000	18622
A02	13600001	14600000	17864
A02	14400001	15400000	17061
A02	15200001	16200000	17074
A02	16000001	17000000	19673
A02	16800001	17800000	18453
A02	17600001	18600000	18415
A02	18400001	19400000	16657
A02	19200001	20200000	20843
A02	20000001	21000000	17170
A02	20800001	21800000	19818
A02	21600001	22600000	17301
A02	22400001	23400000	13757
A02	23200001	24200000	19398
A02	24000001	25000000	17254
A02	24800001	25800000	18223
A02	25600001	26600000	17344
A02	26400001	27400000	16209
A02	27200001	28200000	15844
A02	28000001	29000000	14756
A02	28800001	29800000	19509
A02	29600001	30600000	16126
A02	30400001	31400000	17155
A02	31200001	32200000	17640
A02	32000001	33000000	19919
A02	32800001	33800000	15057
A02	33600001	34600000	17504
A02	34400001	35400000	18146
A02	35200001	36200000	14729
A02	36000001	37000000	17547
A02	36800001	37800000	17692
A02	37600001	38600000	19657
A02	38400001	39400000	18727
A02	39200001	40200000	16729
A02	40000001	41000000	15056
A02	40800001	41800000	14618
A02	41600001	42600000	17787
A02	42400001	43400000	19618
A02	43200001	44200000	17737
A02	44000001	45000000	15559
A02	44800001	45800000	18441
A02	45600001	46600000	18973
A02	46400001	47400000	17048
A02	47200001	48200000	15519
A02	48000001	49000000	15387
A02	48800001	49800000	15095
A02	49600001	50600000	18813
A02	50400001	51400000	17115
A02	51200001	52200000	18674
A02	52000001	53000000	15631
A02	52800001	53800000	18111
A02	53600001	54600000	17234
A02	54400001	55400000	18048
A02	55200001	56200000	15993
A02	56000001	57000000	15239
A02	56800001	57800000	14806
A02	57600001	58600000	17218
A02	58400001	59400000	15860
A02	59200001	60200000	19503
A02	60000001	61000000	15991
A02	60800001	61800000	15559
A02	61600001	62600000	17218
A02	62400001	63400000	17953
A02	63200001	64200000	15261
A02	64000001	65000000	14502
A02	64800001	65800000	15731
A02	65600001	66600000	16985
A02	66400001	67400000	17345
A02	67200001	68200000	15422
A02	68000001	69000000	15532
A02	68800001	69800000	20172
A02	69600001	70600000	14690
A02	70400001	71400000	16550
A02	71200001	72200000	18992
A02	72000001	73000000	20927
A02	72800001	73800000	19535
A02	73600001	74600000	18665
A02	74400001	75400000	17321
A02	75200001	76200000	16106
A02	76000001	77000000	18981
A02	76800001	77800000	20367
A02	77600001	78600000	16536
A02	78400001	79400000	12429
A02	79200001	80200000	12374
A02	80000001	81000000	14722
A02	80800001	81800000	12129
A02	81600001	82600000	11098
A02	82400001	83400000	7509
A02	83200001	83447906	764
A03	1	1000000	10059
A03	800001	1800000	8813
A03	1600001	2600000	7651
A03	2400001	3400000	8296
A03	3200001	4200000	9883
A03	4000001	5000000	11378
A03	4800001	5800000	15208
A03	5600001	6600000	14614
A03	6400001	7400000	12549
A03	7200001	8200000	16193
A03	8000001	9000000	16333
A03	8800001	9800000	16801
A03	9600001	10600000	14787
A03	10400001	11400000	16708
A03	11200001	12200000	15593
A03	12000001	13000000	16077
A03	12800001	13800000	19489
A03	13600001	14600000	18734
A03	14400001	15400000	18913
A03	15200001	16200000	18578
A03	16000001	17000000	16235
A03	16800001	17800000	15845
A03	17600001	18600000	18306
A03	18400001	19400000	16599
A03	19200001	20200000	13985
A03	20000001	21000000	17130
A03	20800001	21800000	17709
A03	21600001	22600000	13569
A03	22400001	23400000	17245
A03	23200001	24200000	16313
A03	24000001	25000000	17272
A03	24800001	25800000	14864
A03	25600001	26600000	13731
A03	26400001	27400000	13993
A03	27200001	28200000	17830
A03	28000001	29000000	14183
A03	28800001	29800000	14858
A03	29600001	30600000	14735
A03	30400001	31400000	16315
A03	31200001	32200000	13986
A03	32000001	33000000	16993
A03	32800001	33800000	20016
A03	33600001	34600000	14519
A03	34400001	35400000	15656
A03	35200001	36200000	7648
A03	36000001	37000000	14474
A03	36800001	37800000	13702
A03	37600001	38600000	13540
A03	38400001	39400000	17983
A03	39200001	40200000	17954
A03	40000001	41000000	15873
A03	40800001	41800000	13915
A03	41600001	42600000	15780
A03	42400001	43400000	14206
A03	43200001	44200000	17760
A03	44000001	45000000	18267
A03	44800001	45800000	19204
A03	45600001	46600000	15332
A03	46400001	47400000	10653
A03	47200001	48200000	9942
A03	48000001	49000000	12794
A03	48800001	49800000	11623
A03	49600001	50600000	8567
A03	50400001	51400000	7842
A03	51200001	52200000	9185
A03	52000001	53000000	9345
A03	52800001	53800000	9381
A03	53600001	54600000	9114
A03	54400001	55400000	8401
A03	55200001	56200000	10498
A03	56000001	57000000	10547
A03	56800001	57800000	10868
A03	57600001	58600000	11112
A03	58400001	59400000	12818
A03	59200001	60200000	12441
A03	60000001	61000000	10905
A03	60800001	61800000	11064
A03	61600001	62600000	10038
A03	62400001	63400000	12375
A03	63200001	64200000	12404
A03	64000001	65000000	13307
A03	64800001	65800000	12812
A03	65600001	66600000	13748
A03	66400001	67400000	11437
A03	67200001	68200000	12329
A03	68000001	69000000	11354
A03	68800001	69800000	10322
A03	69600001	70600000	9870
A03	70400001	71400000	11113
A03	71200001	72200000	10712
A03	72000001	73000000	13004
A03	72800001	73800000	9601
A03	73600001	74600000	11115
A03	74400001	75400000	10170
A03	75200001	76200000	10231
A03	76000001	77000000	10762
A03	76800001	77800000	11908
A03	77600001	78600000	12142
A03	78400001	79400000	13220
A03	79200001	80200000	13395
A03	80000001	81000000	9855
A03	80800001	81800000	10926
A03	81600001	82600000	12444
A03	82400001	83400000	12504
A03	83200001	84200000	8860
A03	84000001	85000000	10173
A03	84800001	85800000	10200
A03	85600001	86600000	11119
A03	86400001	87400000	10362
A03	87200001	88200000	13350
A03	88000001	89000000	11876
A03	88800001	89800000	11905
A03	89600001	90600000	12032
A03	90400001	91400000	9655
A03	91200001	92200000	11139
A03	92000001	93000000	10846
A03	92800001	93800000	10363
A03	93600001	94600000	8502
A03	94400001	95400000	7713
A03	95200001	96200000	7749
A03	96000001	97000000	9089
A03	96800001	97800000	5642
A03	97600001	98600000	7373
A03	98400001	99400000	4433
A03	99200001	100200000	3990
A03	100000001	100263045	947
A04	1	1000000	11316
A04	800001	1800000	10958
A04	1600001	2600000	11986
A04	2400001	3400000	12801
A04	3200001	4200000	10101
A04	4000001	5000000	9959
A04	4800001	5800000	14122
A04	5600001	6600000	13169
A04	6400001	7400000	14124
A04	7200001	8200000	15144
A04	8000001	9000000	15862
A04	8800001	9800000	16536
A04	9600001	10600000	16587
A04	10400001	11400000	14414
A04	11200001	12200000	15164
A04	12000001	13000000	16686
A04	12800001	13800000	16726
A04	13600001	14600000	16439
A04	14400001	15400000	19154
A04	15200001	16200000	16370
A04	16000001	17000000	17337
A04	16800001	17800000	16079
A04	17600001	18600000	15193
A04	18400001	19400000	16613
A04	19200001	20200000	15946
A04	20000001	21000000	18095
A04	20800001	21800000	14217
A04	21600001	22600000	16193
A04	22400001	23400000	12947
A04	23200001	24200000	16230
A04	24000001	25000000	15981
A04	24800001	25800000	16198
A04	25600001	26600000	16949
A04	26400001	27400000	17042
A04	27200001	28200000	19883
A04	28000001	29000000	14452
A04	28800001	29800000	12761
A04	29600001	30600000	16521
A04	30400001	31400000	16750
A04	31200001	32200000	15305
A04	32000001	33000000	15376
A04	32800001	33800000	12103
A04	33600001	34600000	12365
A04	34400001	35400000	17008
A04	35200001	36200000	16896
A04	36000001	37000000	17260
A04	36800001	37800000	18180
A04	37600001	38600000	16455
A04	38400001	39400000	20108
A04	39200001	40200000	17285
A04	40000001	41000000	19202
A04	40800001	41800000	16988
A04	41600001	42600000	13697
A04	42400001	43400000	14186
A04	43200001	44200000	18085
A04	44000001	45000000	19999
A04	44800001	45800000	17876
A04	45600001	46600000	19139
A04	46400001	47400000	16476
A04	47200001	48200000	20242
A04	48000001	49000000	19015
A04	48800001	49800000	18686
A04	49600001	50600000	16651
A04	50400001	51400000	19528
A04	51200001	52200000	18895
A04	52000001	53000000	16096
A04	52800001	53800000	16451
A04	53600001	54600000	13965
A04	54400001	55400000	17379
A04	55200001	56200000	15774
A04	56000001	57000000	17942
A04	56800001	57800000	15535
A04	57600001	58600000	16327
A04	58400001	59400000	11437
A04	59200001	60200000	14126
A04	60000001	61000000	11463
A04	60800001	61800000	12165
A04	61600001	62600000	9705
A04	62400001	62913772	4017
A05	1	1000000	8030
A05	800001	1800000	6181
A05	1600001	2600000	5654
A05	2400001	3400000	6351
A05	3200001	4200000	5709
A05	4000001	5000000	7332
A05	4800001	5800000	5694
A05	5600001	6600000	6325
A05	6400001	7400000	8092
A05	7200001	8200000	6863
A05	8000001	9000000	6110
A05	8800001	9800000	7286
A05	9600001	10600000	7579
A05	10400001	11400000	6335
A05	11200001	12200000	6157
A05	12000001	13000000	6873
A05	12800001	13800000	9165
A05	13600001	14600000	8262
A05	14400001	15400000	8051
A05	15200001	16200000	9044
A05	16000001	17000000	11143
A05	16800001	17800000	10026
A05	17600001	18600000	10655
A05	18400001	19400000	8245
A05	19200001	20200000	11342
A05	20000001	21000000	14641
A05	20800001	21800000	13918
A05	21600001	22600000	14957
A05	22400001	23400000	18569
A05	23200001	24200000	13547
A05	24000001	25000000	13458
A05	24800001	25800000	16512
A05	25600001	26600000	19583
A05	26400001	27400000	15693
A05	27200001	28200000	15353
A05	28000001	29000000	20551
A05	28800001	29800000	19781
A05	29600001	30600000	20311
A05	30400001	31400000	22904
A05	31200001	32200000	21693
A05	32000001	33000000	22611
A05	32800001	33800000	25135
A05	33600001	34600000	21524
A05	34400001	35400000	23544
A05	35200001	36200000	22231
A05	36000001	37000000	20778
A05	36800001	37800000	24924
A05	37600001	38600000	24350
A05	38400001	39400000	20860
A05	39200001	40200000	21408
A05	40000001	41000000	16231
A05	40800001	41800000	17644
A05	41600001	42600000	18896
A05	42400001	43400000	17947
A05	43200001	44200000	13660
A05	44000001	45000000	12975
A05	44800001	45800000	11807
A05	45600001	46600000	14573
A05	46400001	47400000	17084
A05	47200001	48200000	19495
A05	48000001	49000000	14449
A05	48800001	49800000	13507
A05	49600001	50600000	17289
A05	50400001	51400000	19541
A05	51200001	52200000	16759
A05	52000001	53000000	15736
A05	52800001	53800000	12191
A05	53600001	54600000	18310
A05	54400001	55400000	16883
A05	55200001	56200000	19222
A05	56000001	57000000	15073
A05	56800001	57800000	17851
A05	57600001	58600000	17152
A05	58400001	59400000	14771
A05	59200001	60200000	12626
A05	60000001	61000000	14041
A05	60800001	61800000	17703
A05	61600001	62600000	26062
A05	62400001	63400000	15268
A05	63200001	64200000	12149
A05	64000001	65000000	17568
A05	64800001	65800000	17706
A05	65600001	66600000	15399
A05	66400001	67400000	16736
A05	67200001	68200000	13187
A05	68000001	69000000	14896
A05	68800001	69800000	19303
A05	69600001	70600000	19626
A05	70400001	71400000	17147
A05	71200001	72200000	15541
A05	72000001	73000000	17250
A05	72800001	73800000	17731
A05	73600001	74600000	16699
A05	74400001	75400000	18449
A05	75200001	76200000	17086
A05	76000001	77000000	17739
A05	76800001	77800000	17626
A05	77600001	78600000	14733
A05	78400001	79400000	18146
A05	79200001	80200000	18806
A05	80000001	81000000	18114
A05	80800001	81800000	15345
A05	81600001	82600000	17425
A05	82400001	83400000	17468
A05	83200001	84200000	13224
A05	84000001	85000000	15518
A05	84800001	85800000	13481
A05	85600001	86600000	12860
A05	86400001	87400000	12552
A05	87200001	88200000	11407
A05	88000001	89000000	11833
A05	88800001	89800000	11663
A05	89600001	90600000	12470
A05	90400001	91400000	8034
A05	91200001	92200000	6302
A05	92000001	92047023	242
A06	1	1000000	6504
A06	800001	1800000	9835
A06	1600001	2600000	9647
A06	2400001	3400000	11184
A06	3200001	4200000	13201
A06	4000001	5000000	17370
A06	4800001	5800000	14947
A06	5600001	6600000	15922
A06	6400001	7400000	13102
A06	7200001	8200000	17756
A06	8000001	9000000	17000
A06	8800001	9800000	13273
A06	9600001	10600000	15807
A06	10400001	11400000	17663
A06	11200001	12200000	20557
A06	12000001	13000000	19350
A06	12800001	13800000	15749
A06	13600001	14600000	16469
A06	14400001	15400000	14339
A06	15200001	16200000	15824
A06	16000001	17000000	19209
A06	16800001	17800000	17352
A06	17600001	18600000	18418
A06	18400001	19400000	19585
A06	19200001	20200000	20027
A06	20000001	21000000	21201
A06	20800001	21800000	19874
A06	21600001	22600000	17494
A06	22400001	23400000	18203
A06	23200001	24200000	16654
A06	24000001	25000000	17902
A06	24800001	25800000	15929
A06	25600001	26600000	13148
A06	26400001	27400000	16121
A06	27200001	28200000	19724
A06	28000001	29000000	19797
A06	28800001	29800000	17687
A06	29600001	30600000	15082
A06	30400001	31400000	19103
A06	31200001	32200000	17924
A06	32000001	33000000	17442
A06	32800001	33800000	16161
A06	33600001	34600000	18668
A06	34400001	35400000	16382
A06	35200001	36200000	18118
A06	36000001	37000000	18816
A06	36800001	37800000	18681
A06	37600001	38600000	19465
A06	38400001	39400000	16841
A06	39200001	40200000	20838
A06	40000001	41000000	16283
A06	40800001	41800000	16289
A06	41600001	42600000	16354
A06	42400001	43400000	19034
A06	43200001	44200000	14889
A06	44000001	45000000	14198
A06	44800001	45800000	18248
A06	45600001	46600000	13451
A06	46400001	47400000	12609
A06	47200001	48200000	14062
A06	48000001	49000000	16892
A06	48800001	49800000	17701
A06	49600001	50600000	16787
A06	50400001	51400000	15212
A06	51200001	52200000	15634
A06	52000001	53000000	13385
A06	52800001	53800000	11365
A06	53600001	54600000	12522
A06	54400001	55400000	14539
A06	55200001	56200000	13259
A06	56000001	57000000	10679
A06	56800001	57800000	13609
A06	57600001	58600000	14714
A06	58400001	59400000	17431
A06	59200001	60200000	14149
A06	60000001	61000000	14476
A06	60800001	61800000	16360
A06	61600001	62600000	11392
A06	62400001	63400000	14455
A06	63200001	64200000	16903
A06	64000001	65000000	15298
A06	64800001	65800000	15058
A06	65600001	66600000	17542
A06	66400001	67400000	17869
A06	67200001	68200000	17131
A06	68000001	69000000	17058
A06	68800001	69800000	13414
A06	69600001	70600000	18093
A06	70400001	71400000	13080
A06	71200001	72200000	14552
A06	72000001	73000000	14173
A06	72800001	73800000	17281
A06	73600001	74600000	12163
A06	74400001	75400000	16270
A06	75200001	76200000	17335
A06	76000001	77000000	18501
A06	76800001	77800000	18381
A06	77600001	78600000	17785
A06	78400001	79400000	18371
A06	79200001	80200000	17195
A06	80000001	81000000	15150
A06	80800001	81800000	16518
A06	81600001	82600000	15228
A06	82400001	83400000	15693
A06	83200001	84200000	16874
A06	84000001	85000000	15111
A06	84800001	85800000	16476
A06	85600001	86600000	15370
A06	86400001	87400000	16968
A06	87200001	88200000	18215
A06	88000001	89000000	17733
A06	88800001	89800000	19060
A06	89600001	90600000	18183
A06	90400001	91400000	19936
A06	91200001	92200000	18753
A06	92000001	93000000	18488
A06	92800001	93800000	16780
A06	93600001	94600000	18397
A06	94400001	95400000	16426
A06	95200001	96200000	15801
A06	96000001	97000000	16059
A06	96800001	97800000	15111
A06	97600001	98600000	16503
A06	98400001	99400000	17006
A06	99200001	100200000	13411
A06	100000001	101000000	14069
A06	100800001	101800000	11050
A06	101600001	102600000	7598
A06	102400001	103170444	7149
A07	1	1000000	7150
A07	800001	1800000	6161
A07	1600001	2600000	6493
A07	2400001	3400000	7883
A07	3200001	4200000	8504
A07	4000001	5000000	5864
A07	4800001	5800000	10357
A07	5600001	6600000	10664
A07	6400001	7400000	15082
A07	7200001	8200000	12665
A07	8000001	9000000	11074
A07	8800001	9800000	13987
A07	9600001	10600000	18132
A07	10400001	11400000	19301
A07	11200001	12200000	16880
A07	12000001	13000000	16024
A07	12800001	13800000	17257
A07	13600001	14600000	14702
A07	14400001	15400000	19764
A07	15200001	16200000	17982
A07	16000001	17000000	13476
A07	16800001	17800000	16174
A07	17600001	18600000	14034
A07	18400001	19400000	18570
A07	19200001	20200000	18310
A07	20000001	21000000	17069
A07	20800001	21800000	18008
A07	21600001	22600000	20113
A07	22400001	23400000	15790
A07	23200001	24200000	17468
A07	24000001	25000000	19719
A07	24800001	25800000	16944
A07	25600001	26600000	14438
A07	26400001	27400000	17269
A07	27200001	28200000	22195
A07	28000001	29000000	16012
A07	28800001	29800000	15025
A07	29600001	30600000	20419
A07	30400001	31400000	17720
A07	31200001	32200000	16048
A07	32000001	33000000	16568
A07	32800001	33800000	17947
A07	33600001	34600000	14107
A07	34400001	35400000	13849
A07	35200001	36200000	17719
A07	36000001	37000000	14235
A07	36800001	37800000	16577
A07	37600001	38600000	19631
A07	38400001	39400000	20245
A07	39200001	40200000	17000
A07	40000001	41000000	19743
A07	40800001	41800000	17402
A07	41600001	42600000	15602
A07	42400001	43400000	13125
A07	43200001	44200000	13935
A07	44000001	45000000	18583
A07	44800001	45800000	19757
A07	45600001	46600000	16893
A07	46400001	47400000	13193
A07	47200001	48200000	15850
A07	48000001	49000000	14818
A07	48800001	49800000	11871
A07	49600001	50600000	14440
A07	50400001	51400000	16214
A07	51200001	52200000	18176
A07	52000001	53000000	18064
A07	52800001	53800000	15749
A07	53600001	54600000	14434
A07	54400001	55400000	17660
A07	55200001	56200000	18022
A07	56000001	57000000	15393
A07	56800001	57800000	15928
A07	57600001	58600000	17650
A07	58400001	59400000	15329
A07	59200001	60200000	11870
A07	60000001	61000000	17382
A07	60800001	61800000	17349
A07	61600001	62600000	19231
A07	62400001	63400000	17657
A07	63200001	64200000	16791
A07	64000001	65000000	17461
A07	64800001	65800000	16226
A07	65600001	66600000	18775
A07	66400001	67400000	16283
A07	67200001	68200000	17939
A07	68000001	69000000	21587
A07	68800001	69800000	17940
A07	69600001	70600000	14959
A07	70400001	71400000	15657
A07	71200001	72200000	14005
A07	72000001	73000000	15244
A07	72800001	73800000	11256
A07	73600001	74600000	13473
A07	74400001	75400000	11687
A07	75200001	76200000	13480
A07	76000001	77000000	11425
A07	76800001	77800000	11358
A07	77600001	78251018	8014
A08	1	1000000	5039
A08	800001	1800000	6226
A08	1600001	2600000	7653
A08	2400001	3400000	9157
A08	3200001	4200000	7535
A08	4000001	5000000	9357
A08	4800001	5800000	8121
A08	5600001	6600000	8001
A08	6400001	7400000	10368
A08	7200001	8200000	10669
A08	8000001	9000000	9757
A08	8800001	9800000	10490
A08	9600001	10600000	11272
A08	10400001	11400000	11296
A08	11200001	12200000	13071
A08	12000001	13000000	11928
A08	12800001	13800000	12274
A08	13600001	14600000	11432
A08	14400001	15400000	9069
A08	15200001	16200000	10772
A08	16000001	17000000	11657
A08	16800001	17800000	11333
A08	17600001	18600000	10705
A08	18400001	19400000	11978
A08	19200001	20200000	10779
A08	20000001	21000000	11161
A08	20800001	21800000	10646
A08	21600001	22600000	11716
A08	22400001	23400000	10484
A08	23200001	24200000	10654
A08	24000001	25000000	11541
A08	24800001	25800000	10870
A08	25600001	26600000	10976
A08	26400001	27400000	11256
A08	27200001	28200000	10428
A08	28000001	29000000	8001
A08	28800001	29800000	12401
A08	29600001	30600000	14052
A08	30400001	31400000	7961
A08	31200001	32200000	8144
A08	32000001	33000000	8675
A08	32800001	33800000	9453
A08	33600001	34600000	10509
A08	34400001	35400000	10452
A08	35200001	36200000	10201
A08	36000001	37000000	11467
A08	36800001	37800000	8993
A08	37600001	38600000	9866
A08	38400001	39400000	10911
A08	39200001	40200000	9250
A08	40000001	41000000	11161
A08	40800001	41800000	8920
A08	41600001	42600000	9346
A08	42400001	43400000	10880
A08	43200001	44200000	13776
A08	44000001	45000000	15545
A08	44800001	45800000	9780
A08	45600001	46600000	6579
A08	46400001	47400000	12602
A08	47200001	48200000	15058
A08	48000001	49000000	14964
A08	48800001	49800000	14813
A08	49600001	50600000	14706
A08	50400001	51400000	10520
A08	51200001	52200000	17117
A08	52000001	53000000	15047
A08	52800001	53800000	17017
A08	53600001	54600000	14197
A08	54400001	55400000	6299
A08	55200001	56200000	15782
A08	56000001	57000000	13534
A08	56800001	57800000	12867
A08	57600001	58600000	17830
A08	58400001	59400000	14147
A08	59200001	60200000	16612
A08	60000001	61000000	14238
A08	60800001	61800000	16162
A08	61600001	62600000	14279
A08	62400001	63400000	14849
A08	63200001	64200000	13983
A08	64000001	65000000	16101
A08	64800001	65800000	17763
A08	65600001	66600000	19478
A08	66400001	67400000	17024
A08	67200001	68200000	15842
A08	68000001	69000000	15895
A08	68800001	69800000	15560
A08	69600001	70600000	17583
A08	70400001	71400000	18843
A08	71200001	72200000	19398
A08	72000001	73000000	16540
A08	72800001	73800000	15870
A08	73600001	74600000	18710
A08	74400001	75400000	14327
A08	75200001	76200000	16806
A08	76000001	77000000	17447
A08	76800001	77800000	18065
A08	77600001	78600000	18010
A08	78400001	79400000	18330
A08	79200001	80200000	17032
A08	80000001	81000000	18788
A08	80800001	81800000	19236
A08	81600001	82600000	16978
A08	82400001	83400000	16921
A08	83200001	84200000	16107
A08	84000001	85000000	18637
A08	84800001	85800000	14885
A08	85600001	86600000	18476
A08	86400001	87400000	18512
A08	87200001	88200000	17089
A08	88000001	89000000	17622
A08	88800001	89800000	13524
A08	89600001	90600000	8605
A08	90400001	91400000	16043
A08	91200001	92200000	17273
A08	92000001	93000000	16124
A08	92800001	93800000	20149
A08	93600001	94600000	15127
A08	94400001	95400000	16855
A08	95200001	96200000	8907
A08	96000001	97000000	11723
A08	96800001	97800000	11569
A08	97600001	98600000	8618
A08	98400001	99400000	8844
A08	99200001	100200000	11555
A08	100000001	101000000	9529
A08	100800001	101800000	6427
A08	101600001	102600000	6655
A08	102400001	103400000	7070
A08	103200001	103626341	4223
A09	1	1000000	13668
A09	800001	1800000	15621
A09	1600001	2600000	15615
A09	2400001	3400000	13947
A09	3200001	4200000	15977
A09	4000001	5000000	15866
A09	4800001	5800000	17031
A09	5600001	6600000	14929
A09	6400001	7400000	17257
A09	7200001	8200000	17044
A09	8000001	9000000	18155
A09	8800001	9800000	17219
A09	9600001	10600000	17833
A09	10400001	11400000	16450
A09	11200001	12200000	17592
A09	12000001	13000000	15837
A09	12800001	13800000	19720
A09	13600001	14600000	16214
A09	14400001	15400000	16404
A09	15200001	16200000	16026
A09	16000001	17000000	14246
A09	16800001	17800000	17249
A09	17600001	18600000	15932
A09	18400001	19400000	15286
A09	19200001	20200000	19273
A09	20000001	21000000	17607
A09	20800001	21800000	13368
A09	21600001	22600000	13953
A09	22400001	23400000	17132
A09	23200001	24200000	13571
A09	24000001	25000000	17479
A09	24800001	25800000	11841
A09	25600001	26600000	14696
A09	26400001	27400000	15528
A09	27200001	28200000	14387
A09	28000001	29000000	14693
A09	28800001	29800000	14068
A09	29600001	30600000	13400
A09	30400001	31400000	17755
A09	31200001	32200000	16634
A09	32000001	33000000	15739
A09	32800001	33800000	17445
A09	33600001	34600000	18190
A09	34400001	35400000	16741
A09	35200001	36200000	13865
A09	36000001	37000000	15146
A09	36800001	37800000	18457
A09	37600001	38600000	17660
A09	38400001	39400000	17831
A09	39200001	40200000	17351
A09	40000001	41000000	18078
A09	40800001	41800000	19683
A09	41600001	42600000	20621
A09	42400001	43400000	18992
A09	43200001	44200000	21561
A09	44000001	45000000	17958
A09	44800001	45800000	17010
A09	45600001	46600000	16273
A09	46400001	47400000	17756
A09	47200001	48200000	16611
A09	48000001	49000000	15253
A09	48800001	49800000	18853
A09	49600001	50600000	17901
A09	50400001	51400000	19505
A09	51200001	52200000	17457
A09	52000001	53000000	14377
A09	52800001	53800000	14498
A09	53600001	54600000	18439
A09	54400001	55400000	13668
A09	55200001	56200000	11203
A09	56000001	57000000	17173
A09	56800001	57800000	16232
A09	57600001	58600000	13623
A09	58400001	59400000	12613
A09	59200001	60200000	12565
A09	60000001	61000000	11197
A09	60800001	61800000	13710
A09	61600001	62600000	15088
A09	62400001	63400000	11944
A09	63200001	64200000	12537
A09	64000001	65000000	11348
A09	64800001	65800000	8849
A09	65600001	66600000	12608
A09	66400001	67400000	10562
A09	67200001	68200000	6724
A09	68000001	69000000	8000
A09	68800001	69800000	5970
A09	69600001	70600000	6051
A09	70400001	71400000	6770
A09	71200001	72200000	7726
A09	72000001	73000000	6157
A09	72800001	73800000	5806
A09	73600001	74600000	8473
A09	74400001	74999931	3904
A10	1	1000000	7643
A10	800001	1800000	8283
A10	1600001	2600000	6234
A10	2400001	3400000	5831
A10	3200001	4200000	8754
A10	4000001	5000000	9531
A10	4800001	5800000	11272
A10	5600001	6600000	13502
A10	6400001	7400000	14331
A10	7200001	8200000	18530
A10	8000001	9000000	21299
A10	8800001	9800000	19672
A10	9600001	10600000	16767
A10	10400001	11400000	15296
A10	11200001	12200000	13144
A10	12000001	13000000	10196
A10	12800001	13800000	16281
A10	13600001	14600000	19266
A10	14400001	15400000	17934
A10	15200001	16200000	19494
A10	16000001	17000000	17872
A10	16800001	17800000	18104
A10	17600001	18600000	17247
A10	18400001	19400000	16689
A10	19200001	20200000	19684
A10	20000001	21000000	13811
A10	20800001	21800000	16411
A10	21600001	22600000	17298
A10	22400001	23400000	15579
A10	23200001	24200000	13319
A10	24000001	25000000	13691
A10	24800001	25800000	17371
A10	25600001	26600000	15129
A10	26400001	27400000	15539
A10	27200001	28200000	16007
A10	28000001	29000000	18593
A10	28800001	29800000	15826
A10	29600001	30600000	15006
A10	30400001	31400000	12918
A10	31200001	32200000	16323
A10	32000001	33000000	13981
A10	32800001	33800000	11794
A10	33600001	34600000	18756
A10	34400001	35400000	18835
A10	35200001	36200000	14822
A10	36000001	37000000	11691
A10	36800001	37800000	13629
A10	37600001	38600000	14700
A10	38400001	39400000	15915
A10	39200001	40200000	13654
A10	40000001	41000000	15087
A10	40800001	41800000	12040
A10	41600001	42600000	15349
A10	42400001	43400000	17290
A10	43200001	44200000	13873
A10	44000001	45000000	15058
A10	44800001	45800000	15135
A10	45600001	46600000	16240
A10	46400001	47400000	15719
A10	47200001	48200000	19075
A10	48000001	49000000	16483
A10	48800001	49800000	17358
A10	49600001	50600000	19270
A10	50400001	51400000	17446
A10	51200001	52200000	16403
A10	52000001	53000000	17176
A10	52800001	53800000	13548
A10	53600001	54600000	15268
A10	54400001	55400000	16477
A10	55200001	56200000	13019
A10	56000001	57000000	15472
A10	56800001	57800000	16707
A10	57600001	58600000	18551
A10	58400001	59400000	17560
A10	59200001	60200000	18357
A10	60000001	61000000	19906
A10	60800001	61800000	20490
A10	61600001	62600000	18772
A10	62400001	63400000	15141
A10	63200001	64200000	17384
A10	64000001	65000000	15919
A10	64800001	65800000	16795
A10	65600001	66600000	18084
A10	66400001	67400000	17939
A10	67200001	68200000	14374
A10	68000001	69000000	17591
A10	68800001	69800000	17186
A10	69600001	70600000	17953
A10	70400001	71400000	17309
A10	71200001	72200000	17853
A10	72000001	73000000	16229
A10	72800001	73800000	16576
A10	73600001	74600000	16526
A10	74400001	75400000	15131
A10	75200001	76200000	16058
A10	76000001	77000000	17488
A10	76800001	77800000	18107
A10	77600001	78600000	19472
A10	78400001	79400000	18900
A10	79200001	80200000	20041
A10	80000001	81000000	19873
A10	80800001	81800000	16515
A10	81600001	82600000	20551
A10	82400001	83400000	19765
A10	83200001	84200000	18331
A10	84000001	85000000	18868
A10	84800001	85800000	12998
A10	85600001	86600000	15218
A10	86400001	87400000	16124
A10	87200001	88200000	15654
A10	88000001	89000000	16829
A10	88800001	89800000	19673
A10	89600001	90600000	16256
A10	90400001	91400000	14235
A10	91200001	92200000	12823
A10	92000001	93000000	16366
A10	92800001	93800000	15023
A10	93600001	94600000	15055
A10	94400001	95400000	11944
A10	95200001	96200000	9424
A10	96000001	97000000	8806
A10	96800001	97800000	11294
A10	97600001	98600000	10864
A10	98400001	99400000	9444
A10	99200001	100200000	9441
A10	100000001	101000000	7331
A10	100800001	100866604	334
A11	1	1000000	7544
A11	800001	1800000	6806
A11	1600001	2600000	6021
A11	2400001	3400000	5776
A11	3200001	4200000	6752
A11	4000001	5000000	6630
A11	4800001	5800000	7320
A11	5600001	6600000	6850
A11	6400001	7400000	9187
A11	7200001	8200000	6493
A11	8000001	9000000	8437
A11	8800001	9800000	11243
A11	9600001	10600000	11305
A11	10400001	11400000	9971
A11	11200001	12200000	10006
A11	12000001	13000000	11763
A11	12800001	13800000	13966
A11	13600001	14600000	15628
A11	14400001	15400000	12204
A11	15200001	16200000	12838
A11	16000001	17000000	16270
A11	16800001	17800000	12369
A11	17600001	18600000	13617
A11	18400001	19400000	17071
A11	19200001	20200000	15558
A11	20000001	21000000	14563
A11	20800001	21800000	17546
A11	21600001	22600000	12717
A11	22400001	23400000	15866
A11	23200001	24200000	17731
A11	24000001	25000000	17991
A11	24800001	25800000	16988
A11	25600001	26600000	18546
A11	26400001	27400000	20463
A11	27200001	28200000	18364
A11	28000001	29000000	16745
A11	28800001	29800000	16400
A11	29600001	30600000	17556
A11	30400001	31400000	14665
A11	31200001	32200000	16081
A11	32000001	33000000	17789
A11	32800001	33800000	16855
A11	33600001	34600000	16804
A11	34400001	35400000	15130
A11	35200001	36200000	16184
A11	36000001	37000000	18596
A11	36800001	37800000	19432
A11	37600001	38600000	14533
A11	38400001	39400000	13949
A11	39200001	40200000	12429
A11	40000001	41000000	18374
A11	40800001	41800000	13823
A11	41600001	42600000	12922
A11	42400001	43400000	18157
A11	43200001	44200000	17222
A11	44000001	45000000	13262
A11	44800001	45800000	12786
A11	45600001	46600000	17704
A11	46400001	47400000	17331
A11	47200001	48200000	15479
A11	48000001	49000000	12141
A11	48800001	49800000	16411
A11	49600001	50600000	15790
A11	50400001	51400000	15725
A11	51200001	52200000	17223
A11	52000001	53000000	19475
A11	52800001	53800000	18134
A11	53600001	54600000	15923
A11	54400001	55400000	12877
A11	55200001	56200000	14110
A11	56000001	57000000	17578
A11	56800001	57800000	14774
A11	57600001	58600000	15309
A11	58400001	59400000	14446
A11	59200001	60200000	15474
A11	60000001	61000000	18556
A11	60800001	61800000	15000
A11	61600001	62600000	15734
A11	62400001	63400000	17820
A11	63200001	64200000	19158
A11	64000001	65000000	17581
A11	64800001	65800000	18236
A11	65600001	66600000	14960
A11	66400001	67400000	14367
A11	67200001	68200000	17533
A11	68000001	69000000	18534
A11	68800001	69800000	19429
A11	69600001	70600000	15742
A11	70400001	71400000	17818
A11	71200001	72200000	14336
A11	72000001	73000000	17036
A11	72800001	73800000	15918
A11	73600001	74600000	14102
A11	74400001	75400000	15189
A11	75200001	76200000	14970
A11	76000001	77000000	14228
A11	76800001	77800000	16848
A11	77600001	78600000	18753
A11	78400001	79400000	17818
A11	79200001	80200000	19117
A11	80000001	81000000	16047
A11	80800001	81800000	13185
A11	81600001	82600000	15116
A11	82400001	83400000	12329
A11	83200001	84200000	10401
A11	84000001	85000000	13766
A11	84800001	85800000	12826
A11	85600001	86600000	13697
A11	86400001	87400000	13300
A11	87200001	88200000	11622
A11	88000001	89000000	7804
A11	88800001	89800000	11163
A11	89600001	90600000	12086
A11	90400001	91400000	8360
A11	91200001	92200000	9901
A11	92000001	93000000	10545
A11	92800001	93316192	3716
A12	1	1000000	9876
A12	800001	1800000	11059
A12	1600001	2600000	10352
A12	2400001	3400000	11938
A12	3200001	4200000	13036
A12	4000001	5000000	15740
A12	4800001	5800000	15132
A12	5600001	6600000	15996
A12	6400001	7400000	13587
A12	7200001	8200000	16756
A12	8000001	9000000	14524
A12	8800001	9800000	17557
A12	9600001	10600000	12543
A12	10400001	11400000	16783
A12	11200001	12200000	20357
A12	12000001	13000000	18151
A12	12800001	13800000	16180
A12	13600001	14600000	16329
A12	14400001	15400000	17201
A12	15200001	16200000	19073
A12	16000001	17000000	18816
A12	16800001	17800000	18283
A12	17600001	18600000	19837
A12	18400001	19400000	21696
A12	19200001	20200000	16535
A12	20000001	21000000	19400
A12	20800001	21800000	19502
A12	21600001	22600000	17510
A12	22400001	23400000	17704
A12	23200001	24200000	16963
A12	24000001	25000000	14256
A12	24800001	25800000	12076
A12	25600001	26600000	12692
A12	26400001	27400000	18562
A12	27200001	28200000	16545
A12	28000001	29000000	19023
A12	28800001	29800000	19123
A12	29600001	30600000	17758
A12	30400001	31400000	13267
A12	31200001	32200000	12502
A12	32000001	33000000	15732
A12	32800001	33800000	14698
A12	33600001	34600000	13341
A12	34400001	35400000	13684
A12	35200001	36200000	12114
A12	36000001	37000000	13185
A12	36800001	37800000	14755
A12	37600001	38600000	18619
A12	38400001	39400000	16137
A12	39200001	40200000	18375
A12	40000001	41000000	16672
A12	40800001	41800000	17366
A12	41600001	42600000	18067
A12	42400001	43400000	16724
A12	43200001	44200000	16128
A12	44000001	45000000	15637
A12	44800001	45800000	17638
A12	45600001	46600000	17767
A12	46400001	47400000	15035
A12	47200001	48200000	17119
A12	48000001	49000000	14576
A12	48800001	49800000	17843
A12	49600001	50600000	12074
A12	50400001	51400000	20115
A12	51200001	52200000	16178
A12	52000001	53000000	16035
A12	52800001	53800000	16702
A12	53600001	54600000	15974
A12	54400001	55400000	17610
A12	55200001	56200000	17441
A12	56000001	57000000	18247
A12	56800001	57800000	17823
A12	57600001	58600000	17423
A12	58400001	59400000	18308
A12	59200001	60200000	16157
A12	60000001	61000000	14264
A12	60800001	61800000	15647
A12	61600001	62600000	18635
A12	62400001	63400000	19158
A12	63200001	64200000	16723
A12	64000001	65000000	14028
A12	64800001	65800000	15040
A12	65600001	66600000	14007
A12	66400001	67400000	15621
A12	67200001	68200000	17015
A12	68000001	69000000	15835
A12	68800001	69800000	14692
A12	69600001	70600000	18552
A12	70400001	71400000	17228
A12	71200001	72200000	17931
A12	72000001	73000000	15449
A12	72800001	73800000	14617
A12	73600001	74600000	12362
A12	74400001	75400000	15129
A12	75200001	76200000	16268
A12	76000001	77000000	13787
A12	76800001	77800000	13367
A12	77600001	78600000	10267
A12	78400001	79400000	11508
A12	79200001	80200000	12922
A12	80000001	81000000	9508
A12	80800001	81800000	7201
A12	81600001	82600000	9133
A12	82400001	83400000	8738
A12	83200001	84200000	6331
A12	84000001	85000000	5750
A12	84800001	85800000	6394
A12	85600001	86600000	6125
A12	86400001	87400000	5493
A12	87200001	87484866	1443
A13	1	1000000	8928
A13	800001	1800000	10529
A13	1600001	2600000	10722
A13	2400001	3400000	9225
A13	3200001	4200000	10460
A13	4000001	5000000	13179
A13	4800001	5800000	13310
A13	5600001	6600000	16608
A13	6400001	7400000	16185
A13	7200001	8200000	14250
A13	8000001	9000000	16983
A13	8800001	9800000	17456
A13	9600001	10600000	17647
A13	10400001	11400000	12847
A13	11200001	12200000	16230
A13	12000001	13000000	17860
A13	12800001	13800000	16489
A13	13600001	14600000	15481
A13	14400001	15400000	19574
A13	15200001	16200000	16915
A13	16000001	17000000	14545
A13	16800001	17800000	18258
A13	17600001	18600000	17675
A13	18400001	19400000	17840
A13	19200001	20200000	14483
A13	20000001	21000000	16940
A13	20800001	21800000	16433
A13	21600001	22600000	16194
A13	22400001	23400000	17414
A13	23200001	24200000	16691
A13	24000001	25000000	14783
A13	24800001	25800000	16860
A13	25600001	26600000	17394
A13	26400001	27400000	17874
A13	27200001	28200000	15727
A13	28000001	29000000	14458
A13	28800001	29800000	16670
A13	29600001	30600000	15715
A13	30400001	31400000	16734
A13	31200001	32200000	18548
A13	32000001	33000000	13956
A13	32800001	33800000	15739
A13	33600001	34600000	12404
A13	34400001	35400000	12762
A13	35200001	36200000	15715
A13	36000001	37000000	15619
A13	36800001	37800000	16888
A13	37600001	38600000	17913
A13	38400001	39400000	17077
A13	39200001	40200000	17399
A13	40000001	41000000	19131
A13	40800001	41800000	19072
A13	41600001	42600000	14769
A13	42400001	43400000	16339
A13	43200001	44200000	18083
A13	44000001	45000000	16369
A13	44800001	45800000	18111
A13	45600001	46600000	18813
A13	46400001	47400000	20108
A13	47200001	48200000	18829
A13	48000001	49000000	17280
A13	48800001	49800000	18252
A13	49600001	50600000	14345
A13	50400001	51400000	16530
A13	51200001	52200000	14740
A13	52000001	53000000	17440
A13	52800001	53800000	16199
A13	53600001	54600000	20342
A13	54400001	55400000	18773
A13	55200001	56200000	21549
A13	56000001	57000000	19116
A13	56800001	57800000	20860
A13	57600001	58600000	20044
A13	58400001	59400000	18498
A13	59200001	60200000	14969
A13	60000001	61000000	14843
A13	60800001	61800000	14430
A13	61600001	62600000	19828
A13	62400001	63400000	17085
A13	63200001	64200000	13766
A13	64000001	65000000	14980
A13	64800001	65800000	16226
A13	65600001	66600000	17993
A13	66400001	67400000	17319
A13	67200001	68200000	15853
A13	68000001	69000000	15582
A13	68800001	69800000	21353
A13	69600001	70600000	18393
A13	70400001	71400000	16642
A13	71200001	72200000	17118
A13	72000001	73000000	14162
A13	72800001	73800000	10627
A13	73600001	74600000	13938
A13	74400001	75400000	10287
A13	75200001	76200000	9952
A13	76000001	77000000	8292
A13	76800001	77800000	12604
A13	77600001	78600000	9383
A13	78400001	79400000	8310
A13	79200001	79961121	6092
D01	1	1000000	8378
D01	800001	1800000	8934
D01	1600001	2600000	10014
D01	2400001	3400000	8889
D01	3200001	4200000	8054
D01	4000001	5000000	10540
D01	4800001	5800000	10968
D01	5600001	6600000	13951
D01	6400001	7400000	16498
D01	7200001	8200000	15519
D01	8000001	9000000	12841
D01	8800001	9800000	13470
D01	9600001	10600000	13227
D01	10400001	11400000	17253
D01	11200001	12200000	19306
D01	12000001	13000000	18459
D01	12800001	13800000	17240
D01	13600001	14600000	14153
D01	14400001	15400000	17667
D01	15200001	16200000	17179
D01	16000001	17000000	18885
D01	16800001	17800000	17253
D01	17600001	18600000	18935
D01	18400001	19400000	18638
D01	19200001	20200000	18237
D01	20000001	21000000	17048
D01	20800001	21800000	17431
D01	21600001	22600000	18426
D01	22400001	23400000	16765
D01	23200001	24200000	18688
D01	24000001	25000000	16899
D01	24800001	25800000	17048
D01	25600001	26600000	15844
D01	26400001	27400000	14829
D01	27200001	28200000	15412
D01	28000001	29000000	17793
D01	28800001	29800000	15920
D01	29600001	30600000	16557
D01	30400001	31400000	18806
D01	31200001	32200000	16847
D01	32000001	33000000	17333
D01	32800001	33800000	13309
D01	33600001	34600000	15576
D01	34400001	35400000	13578
D01	35200001	36200000	16645
D01	36000001	37000000	15156
D01	36800001	37800000	14197
D01	37600001	38600000	16604
D01	38400001	39400000	18368
D01	39200001	40200000	17746
D01	40000001	41000000	16071
D01	40800001	41800000	17396
D01	41600001	42600000	15808
D01	42400001	43400000	19638
D01	43200001	44200000	19086
D01	44000001	45000000	18319
D01	44800001	45800000	16794
D01	45600001	46600000	16521
D01	46400001	47400000	15677
D01	47200001	48200000	17896
D01	48000001	49000000	18920
D01	48800001	49800000	19546
D01	49600001	50600000	15668
D01	50400001	51400000	18054
D01	51200001	52200000	17301
D01	52000001	53000000	17836
D01	52800001	53800000	14309
D01	53600001	54600000	16360
D01	54400001	55400000	16174
D01	55200001	56200000	15689
D01	56000001	57000000	15411
D01	56800001	57800000	12466
D01	57600001	58600000	14363
D01	58400001	59400000	13180
D01	59200001	60200000	12355
D01	60000001	61000000	10073
D01	60800001	61456009	4252
D02	1	1000000	8000
D02	800001	1800000	8434
D02	1600001	2600000	9567
D02	2400001	3400000	7990
D02	3200001	4200000	7223
D02	4000001	5000000	9333
D02	4800001	5800000	11904
D02	5600001	6600000	12315
D02	6400001	7400000	9221
D02	7200001	8200000	14188
D02	8000001	9000000	13327
D02	8800001	9800000	15921
D02	9600001	10600000	14832
D02	10400001	11400000	16709
D02	11200001	12200000	14989
D02	12000001	13000000	17013
D02	12800001	13800000	15089
D02	13600001	14600000	16485
D02	14400001	15400000	17703
D02	15200001	16200000	18016
D02	16000001	17000000	14196
D02	16800001	17800000	15886
D02	17600001	18600000	17932
D02	18400001	19400000	16763
D02	19200001	20200000	13839
D02	20000001	21000000	14694
D02	20800001	21800000	16975
D02	21600001	22600000	17522
D02	22400001	23400000	18542
D02	23200001	24200000	16033
D02	24000001	25000000	16606
D02	24800001	25800000	16914
D02	25600001	26600000	17956
D02	26400001	27400000	18737
D02	27200001	28200000	15718
D02	28000001	29000000	16591
D02	28800001	29800000	13488
D02	29600001	30600000	14296
D02	30400001	31400000	13953
D02	31200001	32200000	15485
D02	32000001	33000000	15129
D02	32800001	33800000	15840
D02	33600001	34600000	15831
D02	34400001	35400000	18621
D02	35200001	36200000	17445
D02	36000001	37000000	14505
D02	36800001	37800000	16580
D02	37600001	38600000	15718
D02	38400001	39400000	18615
D02	39200001	40200000	18437
D02	40000001	41000000	18692
D02	40800001	41800000	18699
D02	41600001	42600000	16318
D02	42400001	43400000	17378
D02	43200001	44200000	17152
D02	44000001	45000000	17337
D02	44800001	45800000	20079
D02	45600001	46600000	17309
D02	46400001	47400000	16608
D02	47200001	48200000	17633
D02	48000001	49000000	17297
D02	48800001	49800000	18727
D02	49600001	50600000	15639
D02	50400001	51400000	18358
D02	51200001	52200000	18144
D02	52000001	53000000	16180
D02	52800001	53800000	16564
D02	53600001	54600000	18585
D02	54400001	55400000	18565
D02	55200001	56200000	17798
D02	56000001	57000000	15561
D02	56800001	57800000	15827
D02	57600001	58600000	13898
D02	58400001	59400000	16380
D02	59200001	60200000	16364
D02	60000001	61000000	14895
D02	60800001	61800000	15195
D02	61600001	62600000	14564
D02	62400001	63400000	12400
D02	63200001	64200000	7296
D02	64000001	65000000	9866
D02	64800001	65800000	10553
D02	65600001	66600000	9168
D02	66400001	67400000	6161
D02	67200001	67284553	744
D03	1	1000000	10184
D03	800001	1800000	10412
D03	1600001	2600000	11839
D03	2400001	3400000	13029
D03	3200001	4200000	13707
D03	4000001	5000000	16257
D03	4800001	5800000	14519
D03	5600001	6600000	15438
D03	6400001	7400000	17986
D03	7200001	8200000	17646
D03	8000001	9000000	19759
D03	8800001	9800000	18195
D03	9600001	10600000	17346
D03	10400001	11400000	17184
D03	11200001	12200000	17334
D03	12000001	13000000	19325
D03	12800001	13800000	16103
D03	13600001	14600000	13553
D03	14400001	15400000	15295
D03	15200001	16200000	18545
D03	16000001	17000000	18148
D03	16800001	17800000	16001
D03	17600001	18600000	15579
D03	18400001	19400000	14627
D03	19200001	20200000	15948
D03	20000001	21000000	16030
D03	20800001	21800000	17944
D03	21600001	22600000	16819
D03	22400001	23400000	15744
D03	23200001	24200000	18375
D03	24000001	25000000	18419
D03	24800001	25800000	17720
D03	25600001	26600000	18372
D03	26400001	27400000	18054
D03	27200001	28200000	16615
D03	28000001	29000000	17286
D03	28800001	29800000	19478
D03	29600001	30600000	17821
D03	30400001	31400000	16334
D03	31200001	32200000	18428
D03	32000001	33000000	19334
D03	32800001	33800000	18939
D03	33600001	34600000	17754
D03	34400001	35400000	15914
D03	35200001	36200000	15031
D03	36000001	37000000	16127
D03	36800001	37800000	15311
D03	37600001	38600000	14616
D03	38400001	39400000	12405
D03	39200001	40200000	14465
D03	40000001	41000000	13678
D03	40800001	41800000	12654
D03	41600001	42600000	13204
D03	42400001	43400000	9223
D03	43200001	44200000	9594
D03	44000001	45000000	10251
D03	44800001	45800000	8117
D03	45600001	46600000	7685
D03	46400001	46690656	1577
D04	1	1000000	8917
D04	800001	1800000	10150
D04	1600001	2600000	9920
D04	2400001	3400000	10317
D04	3200001	4200000	12213
D04	4000001	5000000	10311
D04	4800001	5800000	12997
D04	5600001	6600000	13545
D04	6400001	7400000	16099
D04	7200001	8200000	17375
D04	8000001	9000000	15479
D04	8800001	9800000	15015
D04	9600001	10600000	15568
D04	10400001	11400000	16262
D04	11200001	12200000	18090
D04	12000001	13000000	18576
D04	12800001	13800000	18193
D04	13600001	14600000	18973
D04	14400001	15400000	17104
D04	15200001	16200000	17483
D04	16000001	17000000	17775
D04	16800001	17800000	15458
D04	17600001	18600000	16566
D04	18400001	19400000	16220
D04	19200001	20200000	14493
D04	20000001	21000000	14454
D04	20800001	21800000	11681
D04	21600001	22600000	16196
D04	22400001	23400000	15408
D04	23200001	24200000	19069
D04	24000001	25000000	17880
D04	24800001	25800000	17933
D04	25600001	26600000	17720
D04	26400001	27400000	15097
D04	27200001	28200000	14558
D04	28000001	29000000	16706
D04	28800001	29800000	17519
D04	29600001	30600000	20910
D04	30400001	31400000	18739
D04	31200001	32200000	18285
D04	32000001	33000000	17192
D04	32800001	33800000	19388
D04	33600001	34600000	19075
D04	34400001	35400000	19296
D04	35200001	36200000	18782
D04	36000001	37000000	17940
D04	36800001	37800000	15701
D04	37600001	38600000	17954
D04	38400001	39400000	19923
D04	39200001	40200000	19573
D04	40000001	41000000	16412
D04	40800001	41800000	17350
D04	41600001	42600000	15296
D04	42400001	43400000	16529
D04	43200001	44200000	16919
D04	44000001	45000000	12497
D04	44800001	45800000	15826
D04	45600001	46600000	15501
D04	46400001	47400000	11462
D04	47200001	48200000	11479
D04	48000001	49000000	9827
D04	48800001	49800000	9405
D04	49600001	50600000	9387
D04	50400001	51400000	9868
D04	51200001	51454130	1961
D05	1	1000000	4189
D05	800001	1800000	4177
D05	1600001	2600000	3907
D05	2400001	3400000	3228
D05	3200001	4200000	3694
D05	4000001	5000000	3584
D05	4800001	5800000	3659
D05	5600001	6600000	4067
D05	6400001	7400000	2861
D05	7200001	8200000	3818
D05	8000001	9000000	3421
D05	8800001	9800000	3826
D05	9600001	10600000	3926
D05	10400001	11400000	2940
D05	11200001	12200000	2860
D05	12000001	13000000	3125
D05	12800001	13800000	3741
D05	13600001	14600000	5196
D05	14400001	15400000	4535
D05	15200001	16200000	4836
D05	16000001	17000000	4369
D05	16800001	17800000	4049
D05	17600001	18600000	5108
D05	18400001	19400000	4583
D05	19200001	20200000	5701
D05	20000001	21000000	6882
D05	20800001	21800000	4704
D05	21600001	22600000	6705
D05	22400001	23400000	6729
D05	23200001	24200000	6175
D05	24000001	25000000	6982
D05	24800001	25800000	7422
D05	25600001	26600000	10419
D05	26400001	27400000	11670
D05	27200001	28200000	12639
D05	28000001	29000000	14240
D05	28800001	29800000	15460
D05	29600001	30600000	16474
D05	30400001	31400000	17471
D05	31200001	32200000	12752
D05	32000001	33000000	14104
D05	32800001	33800000	15068
D05	33600001	34600000	18525
D05	34400001	35400000	18797
D05	35200001	36200000	17745
D05	36000001	37000000	15937
D05	36800001	37800000	16690
D05	37600001	38600000	15722
D05	38400001	39400000	15864
D05	39200001	40200000	12620
D05	40000001	41000000	14492
D05	40800001	41800000	17555
D05	41600001	42600000	17975
D05	42400001	43400000	17304
D05	43200001	44200000	17239
D05	44000001	45000000	17651
D05	44800001	45800000	16962
D05	45600001	46600000	22216
D05	46400001	47400000	23787
D05	47200001	48200000	16344
D05	48000001	49000000	15522
D05	48800001	49800000	15867
D05	49600001	50600000	16765
D05	50400001	51400000	13756
D05	51200001	52200000	17144
D05	52000001	53000000	13696
D05	52800001	53800000	9101
D05	53600001	54600000	12596
D05	54400001	55400000	12944
D05	55200001	56200000	9435
D05	56000001	57000000	15801
D05	56800001	57800000	13204
D05	57600001	58600000	16564
D05	58400001	59400000	14935
D05	59200001	60200000	7548
D05	60000001	61000000	10373
D05	60800001	61800000	11736
D05	61600001	61933047	3309
D06	1	1000000	8736
D06	800001	1800000	9194
D06	1600001	2600000	6674
D06	2400001	3400000	6529
D06	3200001	4200000	13543
D06	4000001	5000000	16081
D06	4800001	5800000	12116
D06	5600001	6600000	11987
D06	6400001	7400000	14819
D06	7200001	8200000	14525
D06	8000001	9000000	11812
D06	8800001	9800000	14363
D06	9600001	10600000	15627
D06	10400001	11400000	13417
D06	11200001	12200000	16339
D06	12000001	13000000	15946
D06	12800001	13800000	16299
D06	13600001	14600000	17482
D06	14400001	15400000	17389
D06	15200001	16200000	17575
D06	16000001	17000000	15003
D06	16800001	17800000	14752
D06	17600001	18600000	17250
D06	18400001	19400000	16343
D06	19200001	20200000	13984
D06	20000001	21000000	15308
D06	20800001	21800000	16586
D06	21600001	22600000	16649
D06	22400001	23400000	17849
D06	23200001	24200000	12403
D06	24000001	25000000	16526
D06	24800001	25800000	15921
D06	25600001	26600000	17949
D06	26400001	27400000	15001
D06	27200001	28200000	15209
D06	28000001	29000000	16001
D06	28800001	29800000	15430
D06	29600001	30600000	18173
D06	30400001	31400000	17365
D06	31200001	32200000	17196
D06	32000001	33000000	14931
D06	32800001	33800000	13457
D06	33600001	34600000	15225
D06	34400001	35400000	12186
D06	35200001	36200000	15168
D06	36000001	37000000	18342
D06	36800001	37800000	14760
D06	37600001	38600000	13276
D06	38400001	39400000	13294
D06	39200001	40200000	17678
D06	40000001	41000000	12534
D06	40800001	41800000	12396
D06	41600001	42600000	11714
D06	42400001	43400000	12804
D06	43200001	44200000	15251
D06	44000001	45000000	13059
D06	44800001	45800000	11151
D06	45600001	46600000	11148
D06	46400001	47400000	11800
D06	47200001	48200000	12092
D06	48000001	49000000	11207
D06	48800001	49800000	11693
D06	49600001	50600000	11567
D06	50400001	51400000	10817
D06	51200001	52200000	11461
D06	52000001	53000000	11523
D06	52800001	53800000	11017
D06	53600001	54600000	10322
D06	54400001	55400000	10412
D06	55200001	56200000	9364
D06	56000001	57000000	10922
D06	56800001	57800000	10823
D06	57600001	58600000	11186
D06	58400001	59400000	8802
D06	59200001	60200000	6446
D06	60000001	61000000	7721
D06	60800001	61800000	7726
D06	61600001	62600000	6042
D06	62400001	63400000	7402
D06	63200001	64200000	7060
D06	64000001	64294643	940
D07	1	1000000	7072
D07	800001	1800000	7169
D07	1600001	2600000	8357
D07	2400001	3400000	8073
D07	3200001	4200000	9024
D07	4000001	5000000	8737
D07	4800001	5800000	10985
D07	5600001	6600000	11831
D07	6400001	7400000	11444
D07	7200001	8200000	11073
D07	8000001	9000000	10834
D07	8800001	9800000	12303
D07	9600001	10600000	13257
D07	10400001	11400000	10860
D07	11200001	12200000	15438
D07	12000001	13000000	15249
D07	12800001	13800000	15203
D07	13600001	14600000	17080
D07	14400001	15400000	14320
D07	15200001	16200000	15735
D07	16000001	17000000	15682
D07	16800001	17800000	16421
D07	17600001	18600000	17332
D07	18400001	19400000	13140
D07	19200001	20200000	13447
D07	20000001	21000000	15993
D07	20800001	21800000	16635
D07	21600001	22600000	16521
D07	22400001	23400000	17722
D07	23200001	24200000	16797
D07	24000001	25000000	17540
D07	24800001	25800000	16757
D07	25600001	26600000	17641
D07	26400001	27400000	16576
D07	27200001	28200000	16835
D07	28000001	29000000	19524
D07	28800001	29800000	18022
D07	29600001	30600000	17277
D07	30400001	31400000	15375
D07	31200001	32200000	16125
D07	32000001	33000000	15960
D07	32800001	33800000	15975
D07	33600001	34600000	15666
D07	34400001	35400000	16548
D07	35200001	36200000	15752
D07	36000001	37000000	15672
D07	36800001	37800000	16484
D07	37600001	38600000	15834
D07	38400001	39400000	13522
D07	39200001	40200000	14215
D07	40000001	41000000	16638
D07	40800001	41800000	17114
D07	41600001	42600000	16693
D07	42400001	43400000	16799
D07	43200001	44200000	19137
D07	44000001	45000000	13732
D07	44800001	45800000	13863
D07	45600001	46600000	16237
D07	46400001	47400000	17946
D07	47200001	48200000	17692
D07	48000001	49000000	16041
D07	48800001	49800000	13846
D07	49600001	50600000	11120
D07	50400001	51400000	13971
D07	51200001	52200000	9715
D07	52000001	53000000	11577
D07	52800001	53800000	12642
D07	53600001	54600000	10510
D07	54400001	55400000	10596
D07	55200001	55312611	2203
D08	1	1000000	9942
D08	800001	1800000	10099
D08	1600001	2600000	10099
D08	2400001	3400000	11618
D08	3200001	4200000	11770
D08	4000001	5000000	12362
D08	4800001	5800000	11237
D08	5600001	6600000	14205
D08	6400001	7400000	15977
D08	7200001	8200000	15319
D08	8000001	9000000	15916
D08	8800001	9800000	16356
D08	9600001	10600000	15627
D08	10400001	11400000	18024
D08	11200001	12200000	16868
D08	12000001	13000000	19092
D08	12800001	13800000	20223
D08	13600001	14600000	19413
D08	14400001	15400000	18151
D08	15200001	16200000	19587
D08	16000001	17000000	17674
D08	16800001	17800000	16758
D08	17600001	18600000	18033
D08	18400001	19400000	16961
D08	19200001	20200000	17069
D08	20000001	21000000	15367
D08	20800001	21800000	13125
D08	21600001	22600000	16844
D08	22400001	23400000	15970
D08	23200001	24200000	17333
D08	24000001	25000000	16142
D08	24800001	25800000	15190
D08	25600001	26600000	10336
D08	26400001	27400000	13215
D08	27200001	28200000	12435
D08	28000001	29000000	12414
D08	28800001	29800000	15089
D08	29600001	30600000	16715
D08	30400001	31400000	18597
D08	31200001	32200000	17823
D08	32000001	33000000	15499
D08	32800001	33800000	16765
D08	33600001	34600000	16632
D08	34400001	35400000	17273
D08	35200001	36200000	17310
D08	36000001	37000000	17828
D08	36800001	37800000	17893
D08	37600001	38600000	18823
D08	38400001	39400000	16231
D08	39200001	40200000	18394
D08	40000001	41000000	17722
D08	40800001	41800000	17651
D08	41600001	42600000	16650
D08	42400001	43400000	19196
D08	43200001	44200000	18175
D08	44000001	45000000	17707
D08	44800001	45800000	18567
D08	45600001	46600000	18256
D08	46400001	47400000	15846
D08	47200001	48200000	15400
D08	48000001	49000000	16394
D08	48800001	49800000	15832
D08	49600001	50600000	13048
D08	50400001	51400000	15806
D08	51200001	52200000	16762
D08	52000001	53000000	15313
D08	52800001	53800000	12150
D08	53600001	54600000	14780
D08	54400001	55400000	16316
D08	55200001	56200000	19242
D08	56000001	57000000	15202
D08	56800001	57800000	14815
D08	57600001	58600000	11504
D08	58400001	59400000	13829
D08	59200001	60200000	8030
D08	60000001	61000000	11537
D08	60800001	61800000	11437
D08	61600001	62600000	11618
D08	62400001	63400000	10431
D08	63200001	64200000	8304
D08	64000001	65000000	8481
D08	64800001	65800000	8486
D08	65600001	65894135	1839
D09	1	1000000	13987
D09	800001	1800000	13667
D09	1600001	2600000	15054
D09	2400001	3400000	15675
D09	3200001	4200000	16602
D09	4000001	5000000	15105
D09	4800001	5800000	14166
D09	5600001	6600000	15061
D09	6400001	7400000	15373
D09	7200001	8200000	12927
D09	8000001	9000000	14028
D09	8800001	9800000	18066
D09	9600001	10600000	17684
D09	10400001	11400000	15070
D09	11200001	12200000	17180
D09	12000001	13000000	16765
D09	12800001	13800000	18009
D09	13600001	14600000	15892
D09	14400001	15400000	17704
D09	15200001	16200000	12973
D09	16000001	17000000	12990
D09	16800001	17800000	16041
D09	17600001	18600000	15027
D09	18400001	19400000	16029
D09	19200001	20200000	15782
D09	20000001	21000000	16956
D09	20800001	21800000	16818
D09	21600001	22600000	16516
D09	22400001	23400000	18464
D09	23200001	24200000	17555
D09	24000001	25000000	18443
D09	24800001	25800000	15719
D09	25600001	26600000	17503
D09	26400001	27400000	19447
D09	27200001	28200000	17378
D09	28000001	29000000	16668
D09	28800001	29800000	15678
D09	29600001	30600000	17319
D09	30400001	31400000	15255
D09	31200001	32200000	14379
D09	32000001	33000000	13413
D09	32800001	33800000	12312
D09	33600001	34600000	14003
D09	34400001	35400000	14913
D09	35200001	36200000	11627
D09	36000001	37000000	9905
D09	36800001	37800000	10546
D09	37600001	38600000	9743
D09	38400001	39400000	9119
D09	39200001	40200000	9170
D09	40000001	41000000	10977
D09	40800001	41800000	10159
D09	41600001	42600000	6038
D09	42400001	43400000	8143
D09	43200001	44200000	8241
D09	44000001	45000000	9369
D09	44800001	45800000	9874
D09	45600001	46600000	7315
D09	46400001	47400000	6861
D09	47200001	48200000	5288
D09	48000001	49000000	6692
D09	48800001	49800000	7203
D09	49600001	50600000	8513
D09	50400001	50995436	4015
D10	1	1000000	7743
D10	800001	1800000	6615
D10	1600001	2600000	7929
D10	2400001	3400000	7381
D10	3200001	4200000	8382
D10	4000001	5000000	8299
D10	4800001	5800000	11672
D10	5600001	6600000	12676
D10	6400001	7400000	12800
D10	7200001	8200000	11811
D10	8000001	9000000	13018
D10	8800001	9800000	15330
D10	9600001	10600000	13694
D10	10400001	11400000	15694
D10	11200001	12200000	14518
D10	12000001	13000000	14974
D10	12800001	13800000	15949
D10	13600001	14600000	16869
D10	14400001	15400000	18138
D10	15200001	16200000	16396
D10	16000001	17000000	16718
D10	16800001	17800000	16770
D10	17600001	18600000	16895
D10	18400001	19400000	20340
D10	19200001	20200000	18205
D10	20000001	21000000	14421
D10	20800001	21800000	18498
D10	21600001	22600000	13318
D10	22400001	23400000	15453
D10	23200001	24200000	18811
D10	24000001	25000000	16727
D10	24800001	25800000	15764
D10	25600001	26600000	16018
D10	26400001	27400000	16987
D10	27200001	28200000	18902
D10	28000001	29000000	19025
D10	28800001	29800000	17023
D10	29600001	30600000	16824
D10	30400001	31400000	19109
D10	31200001	32200000	16109
D10	32000001	33000000	13782
D10	32800001	33800000	18002
D10	33600001	34600000	16394
D10	34400001	35400000	14603
D10	35200001	36200000	15627
D10	36000001	37000000	16194
D10	36800001	37800000	14704
D10	37600001	38600000	13666
D10	38400001	39400000	16574
D10	39200001	40200000	15915
D10	40000001	41000000	17217
D10	40800001	41800000	17866
D10	41600001	42600000	16375
D10	42400001	43400000	16476
D10	43200001	44200000	16804
D10	44000001	45000000	13635
D10	44800001	45800000	16247
D10	45600001	46600000	17955
D10	46400001	47400000	18303
D10	47200001	48200000	19148
D10	48000001	49000000	17405
D10	48800001	49800000	17508
D10	49600001	50600000	16818
D10	50400001	51400000	15488
D10	51200001	52200000	16642
D10	52000001	53000000	16512
D10	52800001	53800000	13462
D10	53600001	54600000	13123
D10	54400001	55400000	14486
D10	55200001	56200000	11189
D10	56000001	57000000	13789
D10	56800001	57800000	11061
D10	57600001	58600000	10763
D10	58400001	59400000	12179
D10	59200001	60200000	9239
D10	60000001	61000000	8068
D10	60800001	61800000	10925
D10	61600001	62600000	6604
D10	62400001	63400000	5144
D10	63200001	63374666	654
D11	1	1000000	7954
D11	800001	1800000	8470
D11	1600001	2600000	6457
D11	2400001	3400000	6377
D11	3200001	4200000	6776
D11	4000001	5000000	6943
D11	4800001	5800000	5328
D11	5600001	6600000	8968
D11	6400001	7400000	10202
D11	7200001	8200000	9367
D11	8000001	9000000	9046
D11	8800001	9800000	10147
D11	9600001	10600000	10223
D11	10400001	11400000	12078
D11	11200001	12200000	11162
D11	12000001	13000000	11308
D11	12800001	13800000	10854
D11	13600001	14600000	11231
D11	14400001	15400000	12291
D11	15200001	16200000	13301
D11	16000001	17000000	14261
D11	16800001	17800000	16691
D11	17600001	18600000	17705
D11	18400001	19400000	16711
D11	19200001	20200000	19950
D11	20000001	21000000	20432
D11	20800001	21800000	16400
D11	21600001	22600000	15579
D11	22400001	23400000	15896
D11	23200001	24200000	16779
D11	24000001	25000000	17187
D11	24800001	25800000	17157
D11	25600001	26600000	15841
D11	26400001	27400000	18047
D11	27200001	28200000	17161
D11	28000001	29000000	17874
D11	28800001	29800000	19913
D11	29600001	30600000	17766
D11	30400001	31400000	20478
D11	31200001	32200000	17282
D11	32000001	33000000	16208
D11	32800001	33800000	16401
D11	33600001	34600000	17347
D11	34400001	35400000	16759
D11	35200001	36200000	14805
D11	36000001	37000000	15609
D11	36800001	37800000	16630
D11	37600001	38600000	19036
D11	38400001	39400000	22829
D11	39200001	40200000	15818
D11	40000001	41000000	15584
D11	40800001	41800000	15293
D11	41600001	42600000	15283
D11	42400001	43400000	14463
D11	43200001	44200000	15573
D11	44000001	45000000	16749
D11	44800001	45800000	17368
D11	45600001	46600000	15858
D11	46400001	47400000	14384
D11	47200001	48200000	12686
D11	48000001	49000000	12297
D11	48800001	49800000	13839
D11	49600001	50600000	14481
D11	50400001	51400000	14431
D11	51200001	52200000	14035
D11	52000001	53000000	11768
D11	52800001	53800000	12391
D11	53600001	54600000	12137
D11	54400001	55400000	13257
D11	55200001	56200000	8745
D11	56000001	57000000	9409
D11	56800001	57800000	9945
D11	57600001	58600000	5529
D11	58400001	59400000	7394
D11	59200001	60200000	5294
D11	60000001	61000000	5828
D11	60800001	61800000	5908
D11	61600001	62600000	6952
D11	62400001	63400000	5569
D11	63200001	64200000	5056
D11	64000001	65000000	4407
D11	64800001	65800000	5198
D11	65600001	66087774	2830
D12	1	1000000	10724
D12	800001	1800000	10116
D12	1600001	2600000	10845
D12	2400001	3400000	11046
D12	3200001	4200000	11868
D12	4000001	5000000	15709
D12	4800001	5800000	13585
D12	5600001	6600000	14051
D12	6400001	7400000	14791
D12	7200001	8200000	15955
D12	8000001	9000000	17508
D12	8800001	9800000	18707
D12	9600001	10600000	17999
D12	10400001	11400000	15844
D12	11200001	12200000	14738
D12	12000001	13000000	17675
D12	12800001	13800000	19561
D12	13600001	14600000	17769
D12	14400001	15400000	17050
D12	15200001	16200000	17637
D12	16000001	17000000	18011
D12	16800001	17800000	17583
D12	17600001	18600000	18124
D12	18400001	19400000	16142
D12	19200001	20200000	16182
D12	20000001	21000000	16861
D12	20800001	21800000	17765
D12	21600001	22600000	17235
D12	22400001	23400000	19400
D12	23200001	24200000	13906
D12	24000001	25000000	16956
D12	24800001	25800000	15936
D12	25600001	26600000	18452
D12	26400001	27400000	17470
D12	27200001	28200000	17561
D12	28000001	29000000	14798
D12	28800001	29800000	16501
D12	29600001	30600000	14993
D12	30400001	31400000	16322
D12	31200001	32200000	16425
D12	32000001	33000000	15465
D12	32800001	33800000	14772
D12	33600001	34600000	17354
D12	34400001	35400000	16653
D12	35200001	36200000	16608
D12	36000001	37000000	17782
D12	36800001	37800000	16203
D12	37600001	38600000	17086
D12	38400001	39400000	16667
D12	39200001	40200000	14380
D12	40000001	41000000	16168
D12	40800001	41800000	16495
D12	41600001	42600000	15583
D12	42400001	43400000	13545
D12	43200001	44200000	12438
D12	44000001	45000000	14396
D12	44800001	45800000	15030
D12	45600001	46600000	14647
D12	46400001	47400000	12098
D12	47200001	48200000	10903
D12	48000001	49000000	13569
D12	48800001	49800000	12837
D12	49600001	50600000	10162
D12	50400001	51400000	13073
D12	51200001	52200000	11641
D12	52000001	53000000	10851
D12	52800001	53800000	10134
D12	53600001	54600000	9221
D12	54400001	55400000	10230
D12	55200001	56200000	6831
D12	56000001	57000000	7304
D12	56800001	57800000	7609
D12	57600001	58600000	6982
D12	58400001	59109837	4943
D13	1	1000000	6269
D13	800001	1800000	8725
D13	1600001	2600000	9358
D13	2400001	3400000	9581
D13	3200001	4200000	12137
D13	4000001	5000000	12044
D13	4800001	5800000	11977
D13	5600001	6600000	17055
D13	6400001	7400000	17445
D13	7200001	8200000	16921
D13	8000001	9000000	16886
D13	8800001	9800000	17686
D13	9600001	10600000	18598
D13	10400001	11400000	13183
D13	11200001	12200000	16089
D13	12000001	13000000	16605
D13	12800001	13800000	17437
D13	13600001	14600000	18619
D13	14400001	15400000	17635
D13	15200001	16200000	17791
D13	16000001	17000000	15796
D13	16800001	17800000	15469
D13	17600001	18600000	18901
D13	18400001	19400000	16662
D13	19200001	20200000	17418
D13	20000001	21000000	18433
D13	20800001	21800000	16062
D13	21600001	22600000	16185
D13	22400001	23400000	13600
D13	23200001	24200000	10228
D13	24000001	25000000	16753
D13	24800001	25800000	15589
D13	25600001	26600000	12189
D13	26400001	27400000	14818
D13	27200001	28200000	17015
D13	28000001	29000000	13549
D13	28800001	29800000	20265
D13	29600001	30600000	16034
D13	30400001	31400000	14446
D13	31200001	32200000	16232
D13	32000001	33000000	18325
D13	32800001	33800000	17625
D13	33600001	34600000	16434
D13	34400001	35400000	18350
D13	35200001	36200000	17345
D13	36000001	37000000	18070
D13	36800001	37800000	17579
D13	37600001	38600000	16768
D13	38400001	39400000	14753
D13	39200001	40200000	16788
D13	40000001	41000000	18309
D13	40800001	41800000	17163
D13	41600001	42600000	16034
D13	42400001	43400000	14645
D13	43200001	44200000	15454
D13	44000001	45000000	17451
D13	44800001	45800000	16676
D13	45600001	46600000	15699
D13	46400001	47400000	18455
D13	47200001	48200000	14364
D13	48000001	49000000	16225
D13	48800001	49800000	16465
D13	49600001	50600000	14840
D13	50400001	51400000	15432
D13	51200001	52200000	16231
D13	52000001	53000000	13683
D13	52800001	53800000	12586
D13	53600001	54600000	14139
D13	54400001	55400000	11530
D13	55200001	56200000	13014
D13	56000001	57000000	10933
D13	56800001	57800000	7534
D13	57600001	58600000	7767
D13	58400001	59400000	11773
D13	59200001	60200000	12897
D13	60000001	60534298	4608
