A01	1	1000000	4706
A01	800001	1800000	5998
A01	1600001	2600000	7615
A01	2400001	3400000	10200
A01	3200001	4200000	6508
A01	4000001	5000000	9769
A01	4800001	5800000	11125
A01	5600001	6600000	10768
A01	6400001	7400000	11137
A01	7200001	8200000	12024
A01	8000001	9000000	16108
A01	8800001	9800000	17625
A01	9600001	10600000	16208
A01	10400001	11400000	13547
A01	11200001	12200000	14657
A01	12000001	13000000	11938
A01	12800001	13800000	10628
A01	13600001	14600000	12651
A01	14400001	15400000	13607
A01	15200001	16200000	14931
A01	16000001	17000000	14092
A01	16800001	17800000	15833
A01	17600001	18600000	15394
A01	18400001	19400000	13059
A01	19200001	20200000	12034
A01	20000001	21000000	14974
A01	20800001	21800000	15547
A01	21600001	22600000	15375
A01	22400001	23400000	10506
A01	23200001	24200000	12173
A01	24000001	25000000	12406
A01	24800001	25800000	15523
A01	25600001	26600000	14233
A01	26400001	27400000	13819
A01	27200001	28200000	10364
A01	28000001	29000000	8829
A01	28800001	29800000	11815
A01	29600001	30600000	9602
A01	30400001	31400000	9456
A01	31200001	32200000	12409
A01	32000001	33000000	13813
A01	32800001	33800000	12059
A01	33600001	34600000	9919
A01	34400001	35400000	7287
A01	35200001	36200000	6698
A01	36000001	37000000	7504
A01	36800001	37800000	7524
A01	37600001	38600000	8250
A01	38400001	39400000	9050
A01	39200001	40200000	13673
A01	40000001	41000000	12014
A01	40800001	41800000	13653
A01	41600001	42600000	10966
A01	42400001	43400000	6773
A01	43200001	44200000	7282
A01	44000001	45000000	8357
A01	44800001	45800000	12056
A01	45600001	46600000	10532
A01	46400001	47400000	7200
A01	47200001	48200000	9202
A01	48000001	49000000	9003
A01	48800001	49800000	7126
A01	49600001	50600000	9984
A01	50400001	51400000	9546
A01	51200001	52200000	7603
A01	52000001	53000000	6848
A01	52800001	53800000	9748
A01	53600001	54600000	10196
A01	54400001	55400000	9675
A01	55200001	56200000	10103
A01	56000001	57000000	10154
A01	56800001	57800000	7707
A01	57600001	58600000	8544
A01	58400001	59400000	8528
A01	59200001	60200000	9062
A01	60000001	61000000	10443
A01	60800001	61800000	9935
A01	61600001	62600000	11949
A01	62400001	63400000	8544
A01	63200001	64200000	9326
A01	64000001	65000000	11403
A01	64800001	65800000	6854
A01	65600001	66600000	7570
A01	66400001	67400000	7300
A01	67200001	68200000	7313
A01	68000001	69000000	10945
A01	68800001	69800000	10892
A01	69600001	70600000	7623
A01	70400001	71400000	10647
A01	71200001	72200000	10682
A01	72000001	73000000	8341
A01	72800001	73800000	9222
A01	73600001	74600000	7399
A01	74400001	75400000	11892
A01	75200001	76200000	9609
A01	76000001	77000000	9850
A01	76800001	77800000	12258
A01	77600001	78600000	10423
A01	78400001	79400000	12062
A01	79200001	80200000	8993
A01	80000001	81000000	7504
A01	80800001	81800000	8354
A01	81600001	82600000	10857
A01	82400001	83400000	11691
A01	83200001	84200000	10725
A01	84000001	85000000	9544
A01	84800001	85800000	12478
A01	85600001	86600000	11736
A01	86400001	87400000	14684
A01	87200001	88200000	12232
A01	88000001	89000000	16018
A01	88800001	89800000	17246
A01	89600001	90600000	14247
A01	90400001	91400000	12092
A01	91200001	92200000	14613
A01	92000001	93000000	14199
A01	92800001	93800000	15609
A01	93600001	94600000	13293
A01	94400001	95400000	13279
A01	95200001	96200000	12381
A01	96000001	97000000	16062
A01	96800001	97800000	13607
A01	97600001	98600000	9228
A01	98400001	99400000	7301
A01	99200001	99884700	6442
A02	1	1000000	4785
A02	800001	1800000	5507
A02	1600001	2600000	10594
A02	2400001	3400000	9179
A02	3200001	4200000	8438
A02	4000001	5000000	15196
A02	4800001	5800000	11020
A02	5600001	6600000	11646
A02	6400001	7400000	10797
A02	7200001	8200000	13786
A02	8000001	9000000	17108
A02	8800001	9800000	18664
A02	9600001	10600000	17145
A02	10400001	11400000	15724
A02	11200001	12200000	17194
A02	12000001	13000000	17961
A02	12800001	13800000	15832
A02	13600001	14600000	13712
A02	14400001	15400000	14068
A02	15200001	16200000	12316
A02	16000001	17000000	14852
A02	16800001	17800000	12568
A02	17600001	18600000	13780
A02	18400001	19400000	12442
A02	19200001	20200000	13463
A02	20000001	21000000	11516
A02	20800001	21800000	12430
A02	21600001	22600000	9882
A02	22400001	23400000	7659
A02	23200001	24200000	11015
A02	24000001	25000000	10173
A02	24800001	25800000	10485
A02	25600001	26600000	10457
A02	26400001	27400000	10233
A02	27200001	28200000	9460
A02	28000001	29000000	9557
A02	28800001	29800000	12202
A02	29600001	30600000	9052
A02	30400001	31400000	8905
A02	31200001	32200000	9825
A02	32000001	33000000	13767
A02	32800001	33800000	9508
A02	33600001	34600000	10687
A02	34400001	35400000	13826
A02	35200001	36200000	9124
A02	36000001	37000000	9114
A02	36800001	37800000	9484
A02	37600001	38600000	10530
A02	38400001	39400000	11616
A02	39200001	40200000	10149
A02	40000001	41000000	10198
A02	40800001	41800000	10328
A02	41600001	42600000	11784
A02	42400001	43400000	13166
A02	43200001	44200000	12224
A02	44000001	45000000	10008
A02	44800001	45800000	11731
A02	45600001	46600000	12550
A02	46400001	47400000	9853
A02	47200001	48200000	8559
A02	48000001	49000000	8777
A02	48800001	49800000	6938
A02	49600001	50600000	9378
A02	50400001	51400000	8794
A02	51200001	52200000	11960
A02	52000001	53000000	8374
A02	52800001	53800000	8888
A02	53600001	54600000	8099
A02	54400001	55400000	10634
A02	55200001	56200000	12130
A02	56000001	57000000	9866
A02	56800001	57800000	7817
A02	57600001	58600000	8826
A02	58400001	59400000	7782
A02	59200001	60200000	10768
A02	60000001	61000000	11413
A02	60800001	61800000	13387
A02	61600001	62600000	12836
A02	62400001	63400000	11090
A02	63200001	64200000	9019
A02	64000001	65000000	9443
A02	64800001	65800000	11481
A02	65600001	66600000	11363
A02	66400001	67400000	13203
A02	67200001	68200000	10417
A02	68000001	69000000	9654
A02	68800001	69800000	12101
A02	69600001	70600000	9462
A02	70400001	71400000	12073
A02	71200001	72200000	12100
A02	72000001	73000000	11811
A02	72800001	73800000	14405
A02	73600001	74600000	16862
A02	74400001	75400000	16905
A02	75200001	76200000	15464
A02	76000001	77000000	15583
A02	76800001	77800000	14210
A02	77600001	78600000	13240
A02	78400001	79400000	9777
A02	79200001	80200000	11671
A02	80000001	81000000	12252
A02	80800001	81800000	11427
A02	81600001	82600000	9438
A02	82400001	83400000	4559
A02	83200001	83447906	673
A03	1	1000000	8435
A03	800001	1800000	7719
A03	1600001	2600000	6898
A03	2400001	3400000	7435
A03	3200001	4200000	9288
A03	4000001	5000000	10897
A03	4800001	5800000	13575
A03	5600001	6600000	12919
A03	6400001	7400000	11030
A03	7200001	8200000	14082
A03	8000001	9000000	14075
A03	8800001	9800000	15897
A03	9600001	10600000	11864
A03	10400001	11400000	11442
A03	11200001	12200000	12786
A03	12000001	13000000	15007
A03	12800001	13800000	15350
A03	13600001	14600000	15564
A03	14400001	15400000	16511
A03	15200001	16200000	14509
A03	16000001	17000000	12569
A03	16800001	17800000	13900
A03	17600001	18600000	14667
A03	18400001	19400000	11137
A03	19200001	20200000	9199
A03	20000001	21000000	9248
A03	20800001	21800000	12297
A03	21600001	22600000	7950
A03	22400001	23400000	8654
A03	23200001	24200000	7927
A03	24000001	25000000	9381
A03	24800001	25800000	7394
A03	25600001	26600000	7998
A03	26400001	27400000	8373
A03	27200001	28200000	10784
A03	28000001	29000000	7813
A03	28800001	29800000	7305
A03	29600001	30600000	8820
A03	30400001	31400000	9486
A03	31200001	32200000	7078
A03	32000001	33000000	11013
A03	32800001	33800000	12324
A03	33600001	34600000	8343
A03	34400001	35400000	7176
A03	35200001	36200000	3715
A03	36000001	37000000	9339
A03	36800001	37800000	9487
A03	37600001	38600000	8232
A03	38400001	39400000	9768
A03	39200001	40200000	9685
A03	40000001	41000000	10970
A03	40800001	41800000	9843
A03	41600001	42600000	9598
A03	42400001	43400000	8302
A03	43200001	44200000	11534
A03	44000001	45000000	10718
A03	44800001	45800000	9987
A03	45600001	46600000	7802
A03	46400001	47400000	6255
A03	47200001	48200000	4869
A03	48000001	49000000	6054
A03	48800001	49800000	5004
A03	49600001	50600000	3782
A03	50400001	51400000	3091
A03	51200001	52200000	3760
A03	52000001	53000000	3511
A03	52800001	53800000	3678
A03	53600001	54600000	3393
A03	54400001	55400000	3843
A03	55200001	56200000	5312
A03	56000001	57000000	5911
A03	56800001	57800000	7213
A03	57600001	58600000	6598
A03	58400001	59400000	6432
A03	59200001	60200000	7494
A03	60000001	61000000	7505
A03	60800001	61800000	6354
A03	61600001	62600000	6577
A03	62400001	63400000	7521
A03	63200001	64200000	8557
A03	64000001	65000000	7875
A03	64800001	65800000	7450
A03	65600001	66600000	7554
A03	66400001	67400000	5812
A03	67200001	68200000	5367
A03	68000001	69000000	5406
A03	68800001	69800000	4718
A03	69600001	70600000	4643
A03	70400001	71400000	5171
A03	71200001	72200000	5109
A03	72000001	73000000	8738
A03	72800001	73800000	5472
A03	73600001	74600000	6408
A03	74400001	75400000	6027
A03	75200001	76200000	7914
A03	76000001	77000000	6727
A03	76800001	77800000	6753
A03	77600001	78600000	5923
A03	78400001	79400000	7154
A03	79200001	80200000	7275
A03	80000001	81000000	6279
A03	80800001	81800000	8924
A03	81600001	82600000	9216
A03	82400001	83400000	8094
A03	83200001	84200000	5636
A03	84000001	85000000	6011
A03	84800001	85800000	6269
A03	85600001	86600000	8238
A03	86400001	87400000	7107
A03	87200001	88200000	7789
A03	88000001	89000000	8686
A03	88800001	89800000	9502
A03	89600001	90600000	8214
A03	90400001	91400000	7973
A03	91200001	92200000	8013
A03	92000001	93000000	7657
A03	92800001	93800000	8431
A03	93600001	94600000	7740
A03	94400001	95400000	6029
A03	95200001	96200000	5489
A03	96000001	97000000	5624
A03	96800001	97800000	4250
A03	97600001	98600000	5082
A03	98400001	99400000	3416
A03	99200001	100200000	2858
A03	100000001	100263045	644
A04	1	1000000	13708
A04	800001	1800000	11086
A04	1600001	2600000	9762
A04	2400001	3400000	11259
A04	3200001	4200000	8966
A04	4000001	5000000	9217
A04	4800001	5800000	12408
A04	5600001	6600000	13028
A04	6400001	7400000	10504
A04	7200001	8200000	13367
A04	8000001	9000000	12906
A04	8800001	9800000	11773
A04	9600001	10600000	12216
A04	10400001	11400000	10173
A04	11200001	12200000	12727
A04	12000001	13000000	13327
A04	12800001	13800000	13290
A04	13600001	14600000	9812
A04	14400001	15400000	10253
A04	15200001	16200000	9130
A04	16000001	17000000	8419
A04	16800001	17800000	10031
A04	17600001	18600000	7253
A04	18400001	19400000	8758
A04	19200001	20200000	9905
A04	20000001	21000000	9383
A04	20800001	21800000	6350
A04	21600001	22600000	7895
A04	22400001	23400000	6445
A04	23200001	24200000	8649
A04	24000001	25000000	9648
A04	24800001	25800000	9990
A04	25600001	26600000	8482
A04	26400001	27400000	8688
A04	27200001	28200000	12247
A04	28000001	29000000	8643
A04	28800001	29800000	7576
A04	29600001	30600000	8826
A04	30400001	31400000	8152
A04	31200001	32200000	8027
A04	32000001	33000000	8745
A04	32800001	33800000	7365
A04	33600001	34600000	6288
A04	34400001	35400000	9665
A04	35200001	36200000	8699
A04	36000001	37000000	10683
A04	36800001	37800000	10092
A04	37600001	38600000	9079
A04	38400001	39400000	13395
A04	39200001	40200000	11736
A04	40000001	41000000	14446
A04	40800001	41800000	11554
A04	41600001	42600000	8596
A04	42400001	43400000	8379
A04	43200001	44200000	13895
A04	44000001	45000000	15024
A04	44800001	45800000	13850
A04	45600001	46600000	13368
A04	46400001	47400000	9692
A04	47200001	48200000	12277
A04	48000001	49000000	13160
A04	48800001	49800000	15642
A04	49600001	50600000	14011
A04	50400001	51400000	15669
A04	51200001	52200000	15017
A04	52000001	53000000	14210
A04	52800001	53800000	13632
A04	53600001	54600000	11202
A04	54400001	55400000	12468
A04	55200001	56200000	13385
A04	56000001	57000000	15622
A04	56800001	57800000	13660
A04	57600001	58600000	12696
A04	58400001	59400000	8698
A04	59200001	60200000	12542
A04	60000001	61000000	9683
A04	60800001	61800000	9599
A04	61600001	62600000	6261
A04	62400001	62913772	2216
A05	1	1000000	7038
A05	800001	1800000	5638
A05	1600001	2600000	4463
A05	2400001	3400000	4894
A05	3200001	4200000	4176
A05	4000001	5000000	5788
A05	4800001	5800000	4378
A05	5600001	6600000	4777
A05	6400001	7400000	6638
A05	7200001	8200000	5794
A05	8000001	9000000	4717
A05	8800001	9800000	6347
A05	9600001	10600000	5859
A05	10400001	11400000	4783
A05	11200001	12200000	5958
A05	12000001	13000000	5869
A05	12800001	13800000	9081
A05	13600001	14600000	7158
A05	14400001	15400000	6535
A05	15200001	16200000	8067
A05	16000001	17000000	10820
A05	16800001	17800000	9069
A05	17600001	18600000	9108
A05	18400001	19400000	8935
A05	19200001	20200000	12842
A05	20000001	21000000	16487
A05	20800001	21800000	13652
A05	21600001	22600000	15754
A05	22400001	23400000	17223
A05	23200001	24200000	12958
A05	24000001	25000000	12981
A05	24800001	25800000	16894
A05	25600001	26600000	21584
A05	26400001	27400000	15294
A05	27200001	28200000	15844
A05	28000001	29000000	22793
A05	28800001	29800000	21736
A05	29600001	30600000	19834
A05	30400001	31400000	21561
A05	31200001	32200000	21368
A05	32000001	33000000	22100
A05	32800001	33800000	23909
A05	33600001	34600000	22374
A05	34400001	35400000	22596
A05	35200001	36200000	20997
A05	36000001	37000000	19468
A05	36800001	37800000	22605
A05	37600001	38600000	23209
A05	38400001	39400000	18168
A05	39200001	40200000	19319
A05	40000001	41000000	15264
A05	40800001	41800000	14007
A05	41600001	42600000	14386
A05	42400001	43400000	10330
A05	43200001	44200000	10003
A05	44000001	45000000	8700
A05	44800001	45800000	7512
A05	45600001	46600000	8557
A05	46400001	47400000	9285
A05	47200001	48200000	10879
A05	48000001	49000000	8211
A05	48800001	49800000	7396
A05	49600001	50600000	8610
A05	50400001	51400000	10897
A05	51200001	52200000	9236
A05	52000001	53000000	7947
A05	52800001	53800000	6063
A05	53600001	54600000	12037
A05	54400001	55400000	10614
A05	55200001	56200000	13177
A05	56000001	57000000	9134
A05	56800001	57800000	12450
A05	57600001	58600000	11277
A05	58400001	59400000	8619
A05	59200001	60200000	6360
A05	60000001	61000000	6773
A05	60800001	61800000	11096
A05	61600001	62600000	15167
A05	62400001	63400000	9208
A05	63200001	64200000	6060
A05	64000001	65000000	10450
A05	64800001	65800000	10907
A05	65600001	66600000	8295
A05	66400001	67400000	11554
A05	67200001	68200000	10347
A05	68000001	69000000	10933
A05	68800001	69800000	11951
A05	69600001	70600000	15092
A05	70400001	71400000	13402
A05	71200001	72200000	11328
A05	72000001	73000000	14891
A05	72800001	73800000	14991
A05	73600001	74600000	12308
A05	74400001	75400000	13060
A05	75200001	76200000	10755
A05	76000001	77000000	12505
A05	76800001	77800000	15935
A05	77600001	78600000	13406
A05	78400001	79400000	15899
A05	79200001	80200000	16537
A05	80000001	81000000	16623
A05	80800001	81800000	13356
A05	81600001	82600000	14649
A05	82400001	83400000	15480
A05	83200001	84200000	11674
A05	84000001	85000000	15875
A05	84800001	85800000	11708
A05	85600001	86600000	12455
A05	86400001	87400000	13654
A05	87200001	88200000	9898
A05	88000001	89000000	10695
A05	88800001	89800000	11708
A05	89600001	90600000	13043
A05	90400001	91400000	7662
A05	91200001	92200000	5038
A05	92000001	92047023	374
A06	1	1000000	4979
A06	800001	1800000	9116
A06	1600001	2600000	10052
A06	2400001	3400000	11502
A06	3200001	4200000	12597
A06	4000001	5000000	14978
A06	4800001	5800000	14188
A06	5600001	6600000	14634
A06	6400001	7400000	10779
A06	7200001	8200000	17058
A06	8000001	9000000	16552
A06	8800001	9800000	13744
A06	9600001	10600000	13531
A06	10400001	11400000	11757
A06	11200001	12200000	11968
A06	12000001	13000000	10282
A06	12800001	13800000	10424
A06	13600001	14600000	12613
A06	14400001	15400000	13111
A06	15200001	16200000	15287
A06	16000001	17000000	14794
A06	16800001	17800000	13748
A06	17600001	18600000	14893
A06	18400001	19400000	16541
A06	19200001	20200000	13625
A06	20000001	21000000	13057
A06	20800001	21800000	12807
A06	21600001	22600000	12089
A06	22400001	23400000	11113
A06	23200001	24200000	10457
A06	24000001	25000000	10352
A06	24800001	25800000	8994
A06	25600001	26600000	8331
A06	26400001	27400000	11532
A06	27200001	28200000	11930
A06	28000001	29000000	10674
A06	28800001	29800000	13592
A06	29600001	30600000	11797
A06	30400001	31400000	12597
A06	31200001	32200000	12817
A06	32000001	33000000	12492
A06	32800001	33800000	14613
A06	33600001	34600000	12527
A06	34400001	35400000	10464
A06	35200001	36200000	12936
A06	36000001	37000000	12806
A06	36800001	37800000	11803
A06	37600001	38600000	11824
A06	38400001	39400000	9114
A06	39200001	40200000	11081
A06	40000001	41000000	8799
A06	40800001	41800000	10939
A06	41600001	42600000	10153
A06	42400001	43400000	10778
A06	43200001	44200000	9436
A06	44000001	45000000	7596
A06	44800001	45800000	9663
A06	45600001	46600000	7751
A06	46400001	47400000	7181
A06	47200001	48200000	9207
A06	48000001	49000000	10743
A06	48800001	49800000	10058
A06	49600001	50600000	10950
A06	50400001	51400000	8853
A06	51200001	52200000	8674
A06	52000001	53000000	7698
A06	52800001	53800000	5221
A06	53600001	54600000	5772
A06	54400001	55400000	7777
A06	55200001	56200000	7389
A06	56000001	57000000	5660
A06	56800001	57800000	7895
A06	57600001	58600000	9566
A06	58400001	59400000	10205
A06	59200001	60200000	7172
A06	60000001	61000000	7180
A06	60800001	61800000	7872
A06	61600001	62600000	5274
A06	62400001	63400000	7309
A06	63200001	64200000	8975
A06	64000001	65000000	9435
A06	64800001	65800000	7194
A06	65600001	66600000	9538
A06	66400001	67400000	9156
A06	67200001	68200000	11313
A06	68000001	69000000	10970
A06	68800001	69800000	7413
A06	69600001	70600000	9599
A06	70400001	71400000	8084
A06	71200001	72200000	7179
A06	72000001	73000000	7730
A06	72800001	73800000	9401
A06	73600001	74600000	5972
A06	74400001	75400000	9502
A06	75200001	76200000	8872
A06	76000001	77000000	9755
A06	76800001	77800000	10559
A06	77600001	78600000	9203
A06	78400001	79400000	10237
A06	79200001	80200000	9794
A06	80000001	81000000	8866
A06	80800001	81800000	10285
A06	81600001	82600000	8134
A06	82400001	83400000	8915
A06	83200001	84200000	8969
A06	84000001	85000000	10317
A06	84800001	85800000	9579
A06	85600001	86600000	9409
A06	86400001	87400000	10467
A06	87200001	88200000	12494
A06	88000001	89000000	15635
A06	88800001	89800000	13722
A06	89600001	90600000	12980
A06	90400001	91400000	14241
A06	91200001	92200000	15153
A06	92000001	93000000	14437
A06	92800001	93800000	13716
A06	93600001	94600000	13798
A06	94400001	95400000	13895
A06	95200001	96200000	13678
A06	96000001	97000000	14968
A06	96800001	97800000	13754
A06	97600001	98600000	13099
A06	98400001	99400000	13939
A06	99200001	100200000	11595
A06	100000001	101000000	13162
A06	100800001	101800000	9884
A06	101600001	102600000	5334
A06	102400001	103170444	4984
A07	1	1000000	5774
A07	800001	1800000	4752
A07	1600001	2600000	5212
A07	2400001	3400000	7026
A07	3200001	4200000	6752
A07	4000001	5000000	4032
A07	4800001	5800000	8906
A07	5600001	6600000	9939
A07	6400001	7400000	14374
A07	7200001	8200000	12144
A07	8000001	9000000	9820
A07	8800001	9800000	13923
A07	9600001	10600000	16417
A07	10400001	11400000	17901
A07	11200001	12200000	15254
A07	12000001	13000000	10738
A07	12800001	13800000	11579
A07	13600001	14600000	12307
A07	14400001	15400000	19309
A07	15200001	16200000	16103
A07	16000001	17000000	12643
A07	16800001	17800000	12620
A07	17600001	18600000	13811
A07	18400001	19400000	16022
A07	19200001	20200000	17229
A07	20000001	21000000	15054
A07	20800001	21800000	16798
A07	21600001	22600000	17549
A07	22400001	23400000	13603
A07	23200001	24200000	14891
A07	24000001	25000000	15918
A07	24800001	25800000	14518
A07	25600001	26600000	12514
A07	26400001	27400000	14652
A07	27200001	28200000	18366
A07	28000001	29000000	15426
A07	28800001	29800000	12524
A07	29600001	30600000	18043
A07	30400001	31400000	14146
A07	31200001	32200000	10993
A07	32000001	33000000	13914
A07	32800001	33800000	14537
A07	33600001	34600000	11981
A07	34400001	35400000	9869
A07	35200001	36200000	11139
A07	36000001	37000000	8881
A07	36800001	37800000	10715
A07	37600001	38600000	12031
A07	38400001	39400000	13783
A07	39200001	40200000	12788
A07	40000001	41000000	12661
A07	40800001	41800000	11751
A07	41600001	42600000	9395
A07	42400001	43400000	9837
A07	43200001	44200000	7806
A07	44000001	45000000	12246
A07	44800001	45800000	12576
A07	45600001	46600000	9313
A07	46400001	47400000	6553
A07	47200001	48200000	7549
A07	48000001	49000000	7641
A07	48800001	49800000	5409
A07	49600001	50600000	8021
A07	50400001	51400000	9643
A07	51200001	52200000	8906
A07	52000001	53000000	8709
A07	52800001	53800000	8000
A07	53600001	54600000	7438
A07	54400001	55400000	10381
A07	55200001	56200000	11426
A07	56000001	57000000	7817
A07	56800001	57800000	8872
A07	57600001	58600000	9791
A07	58400001	59400000	8035
A07	59200001	60200000	5947
A07	60000001	61000000	9448
A07	60800001	61800000	9382
A07	61600001	62600000	15049
A07	62400001	63400000	14725
A07	63200001	64200000	13037
A07	64000001	65000000	13157
A07	64800001	65800000	11846
A07	65600001	66600000	12878
A07	66400001	67400000	9698
A07	67200001	68200000	13713
A07	68000001	69000000	13971
A07	68800001	69800000	11833
A07	69600001	70600000	13391
A07	70400001	71400000	14123
A07	71200001	72200000	11521
A07	72000001	73000000	13262
A07	72800001	73800000	10747
A07	73600001	74600000	13757
A07	74400001	75400000	11624
A07	75200001	76200000	13433
A07	76000001	77000000	10473
A07	76800001	77800000	11860
A07	77600001	78251018	8941
A08	1	1000000	3069
A08	800001	1800000	4152
A08	1600001	2600000	5512
A08	2400001	3400000	6266
A08	3200001	4200000	5260
A08	4000001	5000000	7398
A08	4800001	5800000	6247
A08	5600001	6600000	6127
A08	6400001	7400000	7388
A08	7200001	8200000	7581
A08	8000001	9000000	7540
A08	8800001	9800000	7909
A08	9600001	10600000	8844
A08	10400001	11400000	8370
A08	11200001	12200000	9373
A08	12000001	13000000	7185
A08	12800001	13800000	7558
A08	13600001	14600000	6350
A08	14400001	15400000	5987
A08	15200001	16200000	6903
A08	16000001	17000000	7140
A08	16800001	17800000	7831
A08	17600001	18600000	6915
A08	18400001	19400000	6976
A08	19200001	20200000	5956
A08	20000001	21000000	5220
A08	20800001	21800000	7014
A08	21600001	22600000	6137
A08	22400001	23400000	5182
A08	23200001	24200000	5045
A08	24000001	25000000	5172
A08	24800001	25800000	5520
A08	25600001	26600000	5569
A08	26400001	27400000	5673
A08	27200001	28200000	5124
A08	28000001	29000000	4458
A08	28800001	29800000	6550
A08	29600001	30600000	6387
A08	30400001	31400000	3773
A08	31200001	32200000	4154
A08	32000001	33000000	4943
A08	32800001	33800000	5067
A08	33600001	34600000	5513
A08	34400001	35400000	4909
A08	35200001	36200000	5184
A08	36000001	37000000	6432
A08	36800001	37800000	4593
A08	37600001	38600000	4577
A08	38400001	39400000	5339
A08	39200001	40200000	4253
A08	40000001	41000000	5296
A08	40800001	41800000	4100
A08	41600001	42600000	5644
A08	42400001	43400000	5900
A08	43200001	44200000	6806
A08	44000001	45000000	7917
A08	44800001	45800000	5927
A08	45600001	46600000	3788
A08	46400001	47400000	6321
A08	47200001	48200000	7176
A08	48000001	49000000	8190
A08	48800001	49800000	8579
A08	49600001	50600000	9246
A08	50400001	51400000	6980
A08	51200001	52200000	11113
A08	52000001	53000000	9191
A08	52800001	53800000	9079
A08	53600001	54600000	6918
A08	54400001	55400000	3516
A08	55200001	56200000	8567
A08	56000001	57000000	8777
A08	56800001	57800000	7295
A08	57600001	58600000	11093
A08	58400001	59400000	9059
A08	59200001	60200000	11799
A08	60000001	61000000	10082
A08	60800001	61800000	9623
A08	61600001	62600000	7774
A08	62400001	63400000	8531
A08	63200001	64200000	7312
A08	64000001	65000000	7930
A08	64800001	65800000	8760
A08	65600001	66600000	10447
A08	66400001	67400000	8751
A08	67200001	68200000	10617
A08	68000001	69000000	10975
A08	68800001	69800000	10039
A08	69600001	70600000	12437
A08	70400001	71400000	13274
A08	71200001	72200000	12763
A08	72000001	73000000	14768
A08	72800001	73800000	12377
A08	73600001	74600000	12099
A08	74400001	75400000	7329
A08	75200001	76200000	8646
A08	76000001	77000000	10123
A08	76800001	77800000	11925
A08	77600001	78600000	10574
A08	78400001	79400000	12213
A08	79200001	80200000	14533
A08	80000001	81000000	16532
A08	80800001	81800000	16249
A08	81600001	82600000	15473
A08	82400001	83400000	12889
A08	83200001	84200000	14608
A08	84000001	85000000	15575
A08	84800001	85800000	14025
A08	85600001	86600000	16462
A08	86400001	87400000	16801
A08	87200001	88200000	15950
A08	88000001	89000000	14447
A08	88800001	89800000	11506
A08	89600001	90600000	8238
A08	90400001	91400000	14318
A08	91200001	92200000	16511
A08	92000001	93000000	14621
A08	92800001	93800000	18625
A08	93600001	94600000	16009
A08	94400001	95400000	14704
A08	95200001	96200000	7396
A08	96000001	97000000	9640
A08	96800001	97800000	10421
A08	97600001	98600000	8573
A08	98400001	99400000	8763
A08	99200001	100200000	9643
A08	100000001	101000000	6780
A08	100800001	101800000	4371
A08	101600001	102600000	4219
A08	102400001	103400000	3780
A08	103200001	103626341	3533
A09	1	1000000	12997
A09	800001	1800000	15510
A09	1600001	2600000	15085
A09	2400001	3400000	11645
A09	3200001	4200000	12098
A09	4000001	5000000	13095
A09	4800001	5800000	13077
A09	5600001	6600000	13514
A09	6400001	7400000	15215
A09	7200001	8200000	15351
A09	8000001	9000000	15802
A09	8800001	9800000	13357
A09	9600001	10600000	13688
A09	10400001	11400000	9604
A09	11200001	12200000	10728
A09	12000001	13000000	9747
A09	12800001	13800000	12042
A09	13600001	14600000	10656
A09	14400001	15400000	11642
A09	15200001	16200000	9836
A09	16000001	17000000	6459
A09	16800001	17800000	7509
A09	17600001	18600000	7659
A09	18400001	19400000	8043
A09	19200001	20200000	11251
A09	20000001	21000000	10033
A09	20800001	21800000	6876
A09	21600001	22600000	7782
A09	22400001	23400000	8685
A09	23200001	24200000	6451
A09	24000001	25000000	9634
A09	24800001	25800000	6760
A09	25600001	26600000	7283
A09	26400001	27400000	9593
A09	27200001	28200000	8047
A09	28000001	29000000	8340
A09	28800001	29800000	7066
A09	29600001	30600000	6258
A09	30400001	31400000	8917
A09	31200001	32200000	8873
A09	32000001	33000000	9644
A09	32800001	33800000	9724
A09	33600001	34600000	9801
A09	34400001	35400000	9822
A09	35200001	36200000	7626
A09	36000001	37000000	7790
A09	36800001	37800000	10990
A09	37600001	38600000	13062
A09	38400001	39400000	14356
A09	39200001	40200000	11290
A09	40000001	41000000	11406
A09	40800001	41800000	14250
A09	41600001	42600000	14594
A09	42400001	43400000	14462
A09	43200001	44200000	16176
A09	44000001	45000000	9319
A09	44800001	45800000	9425
A09	45600001	46600000	10924
A09	46400001	47400000	13680
A09	47200001	48200000	14614
A09	48000001	49000000	13720
A09	48800001	49800000	16840
A09	49600001	50600000	13728
A09	50400001	51400000	14817
A09	51200001	52200000	12537
A09	52000001	53000000	12387
A09	52800001	53800000	13277
A09	53600001	54600000	16382
A09	54400001	55400000	10905
A09	55200001	56200000	9883
A09	56000001	57000000	15561
A09	56800001	57800000	12441
A09	57600001	58600000	10612
A09	58400001	59400000	10850
A09	59200001	60200000	10831
A09	60000001	61000000	10692
A09	60800001	61800000	12832
A09	61600001	62600000	14588
A09	62400001	63400000	10596
A09	63200001	64200000	11666
A09	64000001	65000000	9492
A09	64800001	65800000	7104
A09	65600001	66600000	11285
A09	66400001	67400000	9424
A09	67200001	68200000	5960
A09	68000001	69000000	7197
A09	68800001	69800000	4645
A09	69600001	70600000	4497
A09	70400001	71400000	5686
A09	71200001	72200000	5903
A09	72000001	73000000	4603
A09	72800001	73800000	3653
A09	73600001	74600000	5325
A09	74400001	74999931	1886
A10	1	1000000	5779
A10	800001	1800000	7322
A10	1600001	2600000	5019
A10	2400001	3400000	5247
A10	3200001	4200000	7380
A10	4000001	5000000	9526
A10	4800001	5800000	10233
A10	5600001	6600000	13384
A10	6400001	7400000	13575
A10	7200001	8200000	15991
A10	8000001	9000000	15797
A10	8800001	9800000	13036
A10	9600001	10600000	16257
A10	10400001	11400000	14740
A10	11200001	12200000	12263
A10	12000001	13000000	8669
A10	12800001	13800000	11960
A10	13600001	14600000	13557
A10	14400001	15400000	13011
A10	15200001	16200000	14885
A10	16000001	17000000	14118
A10	16800001	17800000	14496
A10	17600001	18600000	13928
A10	18400001	19400000	14253
A10	19200001	20200000	17098
A10	20000001	21000000	12332
A10	20800001	21800000	14246
A10	21600001	22600000	12092
A10	22400001	23400000	9310
A10	23200001	24200000	8699
A10	24000001	25000000	7308
A10	24800001	25800000	8564
A10	25600001	26600000	9235
A10	26400001	27400000	9877
A10	27200001	28200000	9725
A10	28000001	29000000	11584
A10	28800001	29800000	8609
A10	29600001	30600000	9492
A10	30400001	31400000	6926
A10	31200001	32200000	8249
A10	32000001	33000000	6397
A10	32800001	33800000	5833
A10	33600001	34600000	8470
A10	34400001	35400000	9231
A10	35200001	36200000	6976
A10	36000001	37000000	5827
A10	36800001	37800000	6995
A10	37600001	38600000	7975
A10	38400001	39400000	9399
A10	39200001	40200000	7421
A10	40000001	41000000	7888
A10	40800001	41800000	6308
A10	41600001	42600000	8550
A10	42400001	43400000	9183
A10	43200001	44200000	7123
A10	44000001	45000000	8008
A10	44800001	45800000	9112
A10	45600001	46600000	8400
A10	46400001	47400000	9449
A10	47200001	48200000	11295
A10	48000001	49000000	10445
A10	48800001	49800000	11645
A10	49600001	50600000	12445
A10	50400001	51400000	9202
A10	51200001	52200000	9191
A10	52000001	53000000	9415
A10	52800001	53800000	6329
A10	53600001	54600000	8158
A10	54400001	55400000	9990
A10	55200001	56200000	8213
A10	56000001	57000000	11120
A10	56800001	57800000	15212
A10	57600001	58600000	15075
A10	58400001	59400000	14375
A10	59200001	60200000	15375
A10	60000001	61000000	15901
A10	60800001	61800000	14118
A10	61600001	62600000	15347
A10	62400001	63400000	12646
A10	63200001	64200000	15063
A10	64000001	65000000	12485
A10	64800001	65800000	13424
A10	65600001	66600000	14189
A10	66400001	67400000	15079
A10	67200001	68200000	10118
A10	68000001	69000000	10202
A10	68800001	69800000	10492
A10	69600001	70600000	14402
A10	70400001	71400000	11329
A10	71200001	72200000	15817
A10	72000001	73000000	13737
A10	72800001	73800000	10608
A10	73600001	74600000	8772
A10	74400001	75400000	8916
A10	75200001	76200000	11314
A10	76000001	77000000	16687
A10	76800001	77800000	15219
A10	77600001	78600000	14184
A10	78400001	79400000	14978
A10	79200001	80200000	16577
A10	80000001	81000000	12295
A10	80800001	81800000	11731
A10	81600001	82600000	17270
A10	82400001	83400000	13814
A10	83200001	84200000	15962
A10	84000001	85000000	15954
A10	84800001	85800000	13030
A10	85600001	86600000	13540
A10	86400001	87400000	15009
A10	87200001	88200000	12541
A10	88000001	89000000	13894
A10	88800001	89800000	16762
A10	89600001	90600000	13258
A10	90400001	91400000	13057
A10	91200001	92200000	11706
A10	92000001	93000000	13163
A10	92800001	93800000	13700
A10	93600001	94600000	13745
A10	94400001	95400000	10091
A10	95200001	96200000	9526
A10	96000001	97000000	6461
A10	96800001	97800000	9251
A10	97600001	98600000	10134
A10	98400001	99400000	11887
A10	99200001	100200000	11355
A10	100000001	101000000	7434
A10	100800001	100866604	100
A11	1	1000000	6564
A11	800001	1800000	5826
A11	1600001	2600000	4732
A11	2400001	3400000	3877
A11	3200001	4200000	5390
A11	4000001	5000000	5311
A11	4800001	5800000	5932
A11	5600001	6600000	5412
A11	6400001	7400000	7439
A11	7200001	8200000	4908
A11	8000001	9000000	6829
A11	8800001	9800000	10884
A11	9600001	10600000	10040
A11	10400001	11400000	8579
A11	11200001	12200000	9059
A11	12000001	13000000	9961
A11	12800001	13800000	13054
A11	13600001	14600000	13755
A11	14400001	15400000	11434
A11	15200001	16200000	10425
A11	16000001	17000000	15026
A11	16800001	17800000	10901
A11	17600001	18600000	12321
A11	18400001	19400000	14029
A11	19200001	20200000	13780
A11	20000001	21000000	13818
A11	20800001	21800000	16229
A11	21600001	22600000	11953
A11	22400001	23400000	13868
A11	23200001	24200000	15178
A11	24000001	25000000	17098
A11	24800001	25800000	14386
A11	25600001	26600000	15660
A11	26400001	27400000	15280
A11	27200001	28200000	16367
A11	28000001	29000000	10787
A11	28800001	29800000	13409
A11	29600001	30600000	12246
A11	30400001	31400000	10667
A11	31200001	32200000	9600
A11	32000001	33000000	10073
A11	32800001	33800000	8322
A11	33600001	34600000	9661
A11	34400001	35400000	10526
A11	35200001	36200000	9481
A11	36000001	37000000	11643
A11	36800001	37800000	10145
A11	37600001	38600000	8700
A11	38400001	39400000	7379
A11	39200001	40200000	6054
A11	40000001	41000000	9639
A11	40800001	41800000	8034
A11	41600001	42600000	8483
A11	42400001	43400000	11360
A11	43200001	44200000	9142
A11	44000001	45000000	6810
A11	44800001	45800000	7399
A11	45600001	46600000	10096
A11	46400001	47400000	11498
A11	47200001	48200000	9584
A11	48000001	49000000	8944
A11	48800001	49800000	11488
A11	49600001	50600000	9658
A11	50400001	51400000	9588
A11	51200001	52200000	13038
A11	52000001	53000000	13440
A11	52800001	53800000	12908
A11	53600001	54600000	10174
A11	54400001	55400000	9397
A11	55200001	56200000	11733
A11	56000001	57000000	14547
A11	56800001	57800000	8833
A11	57600001	58600000	6944
A11	58400001	59400000	10019
A11	59200001	60200000	7750
A11	60000001	61000000	11241
A11	60800001	61800000	8063
A11	61600001	62600000	8868
A11	62400001	63400000	13090
A11	63200001	64200000	15554
A11	64000001	65000000	13490
A11	64800001	65800000	11329
A11	65600001	66600000	8510
A11	66400001	67400000	9545
A11	67200001	68200000	12806
A11	68000001	69000000	10511
A11	68800001	69800000	15152
A11	69600001	70600000	12862
A11	70400001	71400000	11606
A11	71200001	72200000	12799
A11	72000001	73000000	12777
A11	72800001	73800000	10852
A11	73600001	74600000	8640
A11	74400001	75400000	7587
A11	75200001	76200000	7535
A11	76000001	77000000	11872
A11	76800001	77800000	15740
A11	77600001	78600000	16785
A11	78400001	79400000	15775
A11	79200001	80200000	15549
A11	80000001	81000000	13254
A11	80800001	81800000	13009
A11	81600001	82600000	14451
A11	82400001	83400000	11538
A11	83200001	84200000	9132
A11	84000001	85000000	12080
A11	84800001	85800000	12916
A11	85600001	86600000	12197
A11	86400001	87400000	12087
A11	87200001	88200000	11548
A11	88000001	89000000	8183
A11	88800001	89800000	9674
A11	89600001	90600000	8699
A11	90400001	91400000	8175
A11	91200001	92200000	11192
A11	92000001	93000000	8231
A11	92800001	93316192	2168
A12	1	1000000	9743
A12	800001	1800000	10153
A12	1600001	2600000	9796
A12	2400001	3400000	11547
A12	3200001	4200000	11115
A12	4000001	5000000	14804
A12	4800001	5800000	13710
A12	5600001	6600000	14024
A12	6400001	7400000	14383
A12	7200001	8200000	16104
A12	8000001	9000000	14484
A12	8800001	9800000	17558
A12	9600001	10600000	12943
A12	10400001	11400000	14849
A12	11200001	12200000	16166
A12	12000001	13000000	16802
A12	12800001	13800000	15759
A12	13600001	14600000	13004
A12	14400001	15400000	14663
A12	15200001	16200000	14493
A12	16000001	17000000	12716
A12	16800001	17800000	12703
A12	17600001	18600000	13673
A12	18400001	19400000	12374
A12	19200001	20200000	10207
A12	20000001	21000000	11954
A12	20800001	21800000	12422
A12	21600001	22600000	11243
A12	22400001	23400000	11292
A12	23200001	24200000	8953
A12	24000001	25000000	7334
A12	24800001	25800000	6281
A12	25600001	26600000	7151
A12	26400001	27400000	10489
A12	27200001	28200000	9880
A12	28000001	29000000	12286
A12	28800001	29800000	10839
A12	29600001	30600000	10026
A12	30400001	31400000	6475
A12	31200001	32200000	6452
A12	32000001	33000000	9175
A12	32800001	33800000	9742
A12	33600001	34600000	8671
A12	34400001	35400000	6973
A12	35200001	36200000	6354
A12	36000001	37000000	6618
A12	36800001	37800000	9450
A12	37600001	38600000	10636
A12	38400001	39400000	8865
A12	39200001	40200000	9470
A12	40000001	41000000	8233
A12	40800001	41800000	8496
A12	41600001	42600000	9286
A12	42400001	43400000	8941
A12	43200001	44200000	9216
A12	44000001	45000000	7940
A12	44800001	45800000	9595
A12	45600001	46600000	10488
A12	46400001	47400000	10309
A12	47200001	48200000	10855
A12	48000001	49000000	7006
A12	48800001	49800000	9147
A12	49600001	50600000	5934
A12	50400001	51400000	9831
A12	51200001	52200000	7422
A12	52000001	53000000	9110
A12	52800001	53800000	8912
A12	53600001	54600000	9458
A12	54400001	55400000	9633
A12	55200001	56200000	8449
A12	56000001	57000000	9482
A12	56800001	57800000	12383
A12	57600001	58600000	12433
A12	58400001	59400000	13060
A12	59200001	60200000	13969
A12	60000001	61000000	11921
A12	60800001	61800000	11489
A12	61600001	62600000	15017
A12	62400001	63400000	14229
A12	63200001	64200000	16087
A12	64000001	65000000	13343
A12	64800001	65800000	12550
A12	65600001	66600000	12134
A12	66400001	67400000	14527
A12	67200001	68200000	14802
A12	68000001	69000000	11613
A12	68800001	69800000	12666
A12	69600001	70600000	15639
A12	70400001	71400000	14707
A12	71200001	72200000	15791
A12	72000001	73000000	13199
A12	72800001	73800000	12489
A12	73600001	74600000	9518
A12	74400001	75400000	13606
A12	75200001	76200000	14588
A12	76000001	77000000	11883
A12	76800001	77800000	11469
A12	77600001	78600000	8620
A12	78400001	79400000	9455
A12	79200001	80200000	10188
A12	80000001	81000000	7332
A12	80800001	81800000	6342
A12	81600001	82600000	8502
A12	82400001	83400000	6837
A12	83200001	84200000	4921
A12	84000001	85000000	4864
A12	84800001	85800000	4617
A12	85600001	86600000	5070
A12	86400001	87400000	3837
A12	87200001	87484866	1133
A13	1	1000000	8165
A13	800001	1800000	9629
A13	1600001	2600000	10240
A13	2400001	3400000	9889
A13	3200001	4200000	9337
A13	4000001	5000000	11564
A13	4800001	5800000	11838
A13	5600001	6600000	12916
A13	6400001	7400000	9966
A13	7200001	8200000	7640
A13	8000001	9000000	10217
A13	8800001	9800000	12386
A13	9600001	10600000	14197
A13	10400001	11400000	10655
A13	11200001	12200000	13103
A13	12000001	13000000	14849
A13	12800001	13800000	13497
A13	13600001	14600000	13878
A13	14400001	15400000	14433
A13	15200001	16200000	10948
A13	16000001	17000000	9480
A13	16800001	17800000	11781
A13	17600001	18600000	11934
A13	18400001	19400000	10233
A13	19200001	20200000	9028
A13	20000001	21000000	11839
A13	20800001	21800000	10161
A13	21600001	22600000	8858
A13	22400001	23400000	11959
A13	23200001	24200000	11445
A13	24000001	25000000	8391
A13	24800001	25800000	9983
A13	25600001	26600000	9685
A13	26400001	27400000	8501
A13	27200001	28200000	8002
A13	28000001	29000000	6887
A13	28800001	29800000	7645
A13	29600001	30600000	8202
A13	30400001	31400000	8693
A13	31200001	32200000	10849
A13	32000001	33000000	8376
A13	32800001	33800000	9241
A13	33600001	34600000	6359
A13	34400001	35400000	7464
A13	35200001	36200000	8974
A13	36000001	37000000	9218
A13	36800001	37800000	9907
A13	37600001	38600000	12106
A13	38400001	39400000	11763
A13	39200001	40200000	13492
A13	40000001	41000000	13422
A13	40800001	41800000	11303
A13	41600001	42600000	9022
A13	42400001	43400000	9442
A13	43200001	44200000	10425
A13	44000001	45000000	11227
A13	44800001	45800000	11708
A13	45600001	46600000	14562
A13	46400001	47400000	15203
A13	47200001	48200000	12169
A13	48000001	49000000	10408
A13	48800001	49800000	11762
A13	49600001	50600000	11221
A13	50400001	51400000	11955
A13	51200001	52200000	10669
A13	52000001	53000000	11495
A13	52800001	53800000	9077
A13	53600001	54600000	11317
A13	54400001	55400000	12752
A13	55200001	56200000	17502
A13	56000001	57000000	15333
A13	56800001	57800000	15520
A13	57600001	58600000	16202
A13	58400001	59400000	16504
A13	59200001	60200000	14201
A13	60000001	61000000	15240
A13	60800001	61800000	14554
A13	61600001	62600000	15668
A13	62400001	63400000	14183
A13	63200001	64200000	12856
A13	64000001	65000000	13408
A13	64800001	65800000	14175
A13	65600001	66600000	15680
A13	66400001	67400000	15482
A13	67200001	68200000	14307
A13	68000001	69000000	14796
A13	68800001	69800000	18890
A13	69600001	70600000	15609
A13	70400001	71400000	14857
A13	71200001	72200000	15136
A13	72000001	73000000	12503
A13	72800001	73800000	8881
A13	73600001	74600000	12730
A13	74400001	75400000	9449
A13	75200001	76200000	9048
A13	76000001	77000000	6415
A13	76800001	77800000	10817
A13	77600001	78600000	6386
A13	78400001	79400000	5357
A13	79200001	79961121	4006
D01	1	1000000	4802
D01	800001	1800000	6285
D01	1600001	2600000	8056
D01	2400001	3400000	7755
D01	3200001	4200000	6382
D01	4000001	5000000	8997
D01	4800001	5800000	8837
D01	5600001	6600000	12205
D01	6400001	7400000	14348
D01	7200001	8200000	13906
D01	8000001	9000000	10732
D01	8800001	9800000	13853
D01	9600001	10600000	13116
D01	10400001	11400000	15564
D01	11200001	12200000	17372
D01	12000001	13000000	16841
D01	12800001	13800000	17438
D01	13600001	14600000	14791
D01	14400001	15400000	14629
D01	15200001	16200000	14227
D01	16000001	17000000	17641
D01	16800001	17800000	16675
D01	17600001	18600000	17300
D01	18400001	19400000	18891
D01	19200001	20200000	14958
D01	20000001	21000000	14136
D01	20800001	21800000	15227
D01	21600001	22600000	15678
D01	22400001	23400000	14978
D01	23200001	24200000	15401
D01	24000001	25000000	13973
D01	24800001	25800000	15579
D01	25600001	26600000	14781
D01	26400001	27400000	12166
D01	27200001	28200000	12781
D01	28000001	29000000	14834
D01	28800001	29800000	10651
D01	29600001	30600000	11324
D01	30400001	31400000	15079
D01	31200001	32200000	12780
D01	32000001	33000000	12539
D01	32800001	33800000	7751
D01	33600001	34600000	9792
D01	34400001	35400000	10036
D01	35200001	36200000	13040
D01	36000001	37000000	12445
D01	36800001	37800000	9787
D01	37600001	38600000	12654
D01	38400001	39400000	15489
D01	39200001	40200000	14530
D01	40000001	41000000	16191
D01	40800001	41800000	16263
D01	41600001	42600000	13085
D01	42400001	43400000	15918
D01	43200001	44200000	15452
D01	44000001	45000000	16146
D01	44800001	45800000	16737
D01	45600001	46600000	14547
D01	46400001	47400000	15390
D01	47200001	48200000	14683
D01	48000001	49000000	17600
D01	48800001	49800000	17153
D01	49600001	50600000	14934
D01	50400001	51400000	15417
D01	51200001	52200000	15305
D01	52000001	53000000	16168
D01	52800001	53800000	13077
D01	53600001	54600000	15284
D01	54400001	55400000	14346
D01	55200001	56200000	13685
D01	56000001	57000000	14025
D01	56800001	57800000	10785
D01	57600001	58600000	13736
D01	58400001	59400000	13186
D01	59200001	60200000	10315
D01	60000001	61000000	7348
D01	60800001	61456009	4449
D02	1	1000000	6011
D02	800001	1800000	6862
D02	1600001	2600000	10279
D02	2400001	3400000	7802
D02	3200001	4200000	7103
D02	4000001	5000000	7549
D02	4800001	5800000	10898
D02	5600001	6600000	10922
D02	6400001	7400000	6940
D02	7200001	8200000	13548
D02	8000001	9000000	13137
D02	8800001	9800000	16131
D02	9600001	10600000	13153
D02	10400001	11400000	14789
D02	11200001	12200000	11246
D02	12000001	13000000	13818
D02	12800001	13800000	13729
D02	13600001	14600000	15377
D02	14400001	15400000	16752
D02	15200001	16200000	17375
D02	16000001	17000000	13299
D02	16800001	17800000	14432
D02	17600001	18600000	13929
D02	18400001	19400000	13409
D02	19200001	20200000	12006
D02	20000001	21000000	11893
D02	20800001	21800000	15184
D02	21600001	22600000	17344
D02	22400001	23400000	16969
D02	23200001	24200000	15301
D02	24000001	25000000	14933
D02	24800001	25800000	14801
D02	25600001	26600000	14927
D02	26400001	27400000	14902
D02	27200001	28200000	12459
D02	28000001	29000000	13398
D02	28800001	29800000	10034
D02	29600001	30600000	10740
D02	30400001	31400000	10446
D02	31200001	32200000	10755
D02	32000001	33000000	10508
D02	32800001	33800000	12028
D02	33600001	34600000	13076
D02	34400001	35400000	16576
D02	35200001	36200000	15676
D02	36000001	37000000	12959
D02	36800001	37800000	13721
D02	37600001	38600000	14263
D02	38400001	39400000	17975
D02	39200001	40200000	16441
D02	40000001	41000000	14492
D02	40800001	41800000	13801
D02	41600001	42600000	14751
D02	42400001	43400000	14671
D02	43200001	44200000	15635
D02	44000001	45000000	15145
D02	44800001	45800000	18934
D02	45600001	46600000	16237
D02	46400001	47400000	14686
D02	47200001	48200000	14189
D02	48000001	49000000	14742
D02	48800001	49800000	16563
D02	49600001	50600000	14422
D02	50400001	51400000	16856
D02	51200001	52200000	16292
D02	52000001	53000000	15620
D02	52800001	53800000	15810
D02	53600001	54600000	17250
D02	54400001	55400000	18036
D02	55200001	56200000	16146
D02	56000001	57000000	14379
D02	56800001	57800000	15269
D02	57600001	58600000	13298
D02	58400001	59400000	14442
D02	59200001	60200000	15835
D02	60000001	61000000	12217
D02	60800001	61800000	12628
D02	61600001	62600000	13801
D02	62400001	63400000	11338
D02	63200001	64200000	5938
D02	64000001	65000000	8550
D02	64800001	65800000	7759
D02	65600001	66600000	7263
D02	66400001	67400000	4596
D02	67200001	67284553	735
D03	1	1000000	6254
D03	800001	1800000	8125
D03	1600001	2600000	10430
D03	2400001	3400000	10874
D03	3200001	4200000	12346
D03	4000001	5000000	14322
D03	4800001	5800000	14670
D03	5600001	6600000	14335
D03	6400001	7400000	14228
D03	7200001	8200000	15493
D03	8000001	9000000	18830
D03	8800001	9800000	17156
D03	9600001	10600000	17290
D03	10400001	11400000	16642
D03	11200001	12200000	14413
D03	12000001	13000000	15999
D03	12800001	13800000	11076
D03	13600001	14600000	10885
D03	14400001	15400000	12162
D03	15200001	16200000	14577
D03	16000001	17000000	12422
D03	16800001	17800000	10457
D03	17600001	18600000	10113
D03	18400001	19400000	8475
D03	19200001	20200000	9415
D03	20000001	21000000	12912
D03	20800001	21800000	10527
D03	21600001	22600000	11505
D03	22400001	23400000	10039
D03	23200001	24200000	13633
D03	24000001	25000000	17398
D03	24800001	25800000	15157
D03	25600001	26600000	16580
D03	26400001	27400000	15382
D03	27200001	28200000	14900
D03	28000001	29000000	13832
D03	28800001	29800000	15665
D03	29600001	30600000	15664
D03	30400001	31400000	15046
D03	31200001	32200000	15548
D03	32000001	33000000	17373
D03	32800001	33800000	17392
D03	33600001	34600000	17337
D03	34400001	35400000	16096
D03	35200001	36200000	14722
D03	36000001	37000000	15931
D03	36800001	37800000	15092
D03	37600001	38600000	12476
D03	38400001	39400000	11583
D03	39200001	40200000	13207
D03	40000001	41000000	11707
D03	40800001	41800000	10436
D03	41600001	42600000	10929
D03	42400001	43400000	8901
D03	43200001	44200000	8341
D03	44000001	45000000	9986
D03	44800001	45800000	7944
D03	45600001	46600000	6851
D03	46400001	46690656	1260
D04	1	1000000	9068
D04	800001	1800000	10026
D04	1600001	2600000	9128
D04	2400001	3400000	8218
D04	3200001	4200000	10322
D04	4000001	5000000	13146
D04	4800001	5800000	13083
D04	5600001	6600000	12534
D04	6400001	7400000	13985
D04	7200001	8200000	15111
D04	8000001	9000000	14569
D04	8800001	9800000	14746
D04	9600001	10600000	15211
D04	10400001	11400000	14780
D04	11200001	12200000	16237
D04	12000001	13000000	18222
D04	12800001	13800000	16263
D04	13600001	14600000	17179
D04	14400001	15400000	16255
D04	15200001	16200000	15710
D04	16000001	17000000	15492
D04	16800001	17800000	14809
D04	17600001	18600000	13440
D04	18400001	19400000	10405
D04	19200001	20200000	10196
D04	20000001	21000000	10577
D04	20800001	21800000	8822
D04	21600001	22600000	12377
D04	22400001	23400000	12496
D04	23200001	24200000	14091
D04	24000001	25000000	15248
D04	24800001	25800000	14888
D04	25600001	26600000	13302
D04	26400001	27400000	12293
D04	27200001	28200000	12080
D04	28000001	29000000	12832
D04	28800001	29800000	15519
D04	29600001	30600000	18421
D04	30400001	31400000	16649
D04	31200001	32200000	17433
D04	32000001	33000000	14776
D04	32800001	33800000	17029
D04	33600001	34600000	18781
D04	34400001	35400000	16699
D04	35200001	36200000	16032
D04	36000001	37000000	17287
D04	36800001	37800000	14661
D04	37600001	38600000	16013
D04	38400001	39400000	17815
D04	39200001	40200000	17507
D04	40000001	41000000	15227
D04	40800001	41800000	16179
D04	41600001	42600000	16328
D04	42400001	43400000	15234
D04	43200001	44200000	14778
D04	44000001	45000000	12071
D04	44800001	45800000	14073
D04	45600001	46600000	11705
D04	46400001	47400000	9309
D04	47200001	48200000	9611
D04	48000001	49000000	6868
D04	48800001	49800000	7551
D04	49600001	50600000	7169
D04	50400001	51400000	7628
D04	51200001	51454130	1145
D05	1	1000000	2598
D05	800001	1800000	2623
D05	1600001	2600000	2736
D05	2400001	3400000	2053
D05	3200001	4200000	2275
D05	4000001	5000000	2154
D05	4800001	5800000	2464
D05	5600001	6600000	2396
D05	6400001	7400000	2032
D05	7200001	8200000	2777
D05	8000001	9000000	2579
D05	8800001	9800000	2387
D05	9600001	10600000	2805
D05	10400001	11400000	1802
D05	11200001	12200000	2335
D05	12000001	13000000	2012
D05	12800001	13800000	2742
D05	13600001	14600000	3475
D05	14400001	15400000	2840
D05	15200001	16200000	3225
D05	16000001	17000000	3121
D05	16800001	17800000	2393
D05	17600001	18600000	3610
D05	18400001	19400000	3365
D05	19200001	20200000	4316
D05	20000001	21000000	5423
D05	20800001	21800000	3245
D05	21600001	22600000	4330
D05	22400001	23400000	5648
D05	23200001	24200000	5423
D05	24000001	25000000	5566
D05	24800001	25800000	6044
D05	25600001	26600000	7631
D05	26400001	27400000	9759
D05	27200001	28200000	10094
D05	28000001	29000000	10417
D05	28800001	29800000	12409
D05	29600001	30600000	14783
D05	30400001	31400000	14369
D05	31200001	32200000	10699
D05	32000001	33000000	11686
D05	32800001	33800000	11027
D05	33600001	34600000	14910
D05	34400001	35400000	15282
D05	35200001	36200000	14423
D05	36000001	37000000	14736
D05	36800001	37800000	14180
D05	37600001	38600000	12106
D05	38400001	39400000	12808
D05	39200001	40200000	10014
D05	40000001	41000000	9514
D05	40800001	41800000	11198
D05	41600001	42600000	14136
D05	42400001	43400000	15063
D05	43200001	44200000	13771
D05	44000001	45000000	13807
D05	44800001	45800000	13614
D05	45600001	46600000	14216
D05	46400001	47400000	15965
D05	47200001	48200000	11830
D05	48000001	49000000	11560
D05	48800001	49800000	14387
D05	49600001	50600000	14379
D05	50400001	51400000	10833
D05	51200001	52200000	12319
D05	52000001	53000000	11629
D05	52800001	53800000	5653
D05	53600001	54600000	10944
D05	54400001	55400000	10135
D05	55200001	56200000	9159
D05	56000001	57000000	12715
D05	56800001	57800000	12621
D05	57600001	58600000	14323
D05	58400001	59400000	12076
D05	59200001	60200000	6965
D05	60000001	61000000	12730
D05	60800001	61800000	12917
D05	61600001	61933047	3104
D06	1	1000000	6896
D06	800001	1800000	7919
D06	1600001	2600000	6469
D06	2400001	3400000	5342
D06	3200001	4200000	12060
D06	4000001	5000000	13722
D06	4800001	5800000	10497
D06	5600001	6600000	9749
D06	6400001	7400000	12994
D06	7200001	8200000	13737
D06	8000001	9000000	9776
D06	8800001	9800000	11457
D06	9600001	10600000	13563
D06	10400001	11400000	13453
D06	11200001	12200000	15220
D06	12000001	13000000	16212
D06	12800001	13800000	15413
D06	13600001	14600000	16955
D06	14400001	15400000	15150
D06	15200001	16200000	14504
D06	16000001	17000000	13346
D06	16800001	17800000	11449
D06	17600001	18600000	14221
D06	18400001	19400000	13601
D06	19200001	20200000	12441
D06	20000001	21000000	13948
D06	20800001	21800000	14623
D06	21600001	22600000	15332
D06	22400001	23400000	15253
D06	23200001	24200000	10797
D06	24000001	25000000	13714
D06	24800001	25800000	13878
D06	25600001	26600000	17519
D06	26400001	27400000	11820
D06	27200001	28200000	11763
D06	28000001	29000000	11478
D06	28800001	29800000	15416
D06	29600001	30600000	15862
D06	30400001	31400000	12067
D06	31200001	32200000	14611
D06	32000001	33000000	10164
D06	32800001	33800000	9821
D06	33600001	34600000	11680
D06	34400001	35400000	7566
D06	35200001	36200000	11043
D06	36000001	37000000	13678
D06	36800001	37800000	11035
D06	37600001	38600000	8806
D06	38400001	39400000	10940
D06	39200001	40200000	15004
D06	40000001	41000000	8796
D06	40800001	41800000	8711
D06	41600001	42600000	8901
D06	42400001	43400000	9607
D06	43200001	44200000	12816
D06	44000001	45000000	10092
D06	44800001	45800000	8633
D06	45600001	46600000	8244
D06	46400001	47400000	8432
D06	47200001	48200000	8506
D06	48000001	49000000	8371
D06	48800001	49800000	9148
D06	49600001	50600000	9694
D06	50400001	51400000	9139
D06	51200001	52200000	9774
D06	52000001	53000000	9652
D06	52800001	53800000	9346
D06	53600001	54600000	8534
D06	54400001	55400000	8759
D06	55200001	56200000	8039
D06	56000001	57000000	8451
D06	56800001	57800000	7941
D06	57600001	58600000	8145
D06	58400001	59400000	6246
D06	59200001	60200000	4234
D06	60000001	61000000	5146
D06	60800001	61800000	6153
D06	61600001	62600000	5975
D06	62400001	63400000	4603
D06	63200001	64200000	4800
D06	64000001	64294643	838
D07	1	1000000	5578
D07	800001	1800000	5376
D07	1600001	2600000	6406
D07	2400001	3400000	6399
D07	3200001	4200000	7158
D07	4000001	5000000	6529
D07	4800001	5800000	8629
D07	5600001	6600000	9303
D07	6400001	7400000	10561
D07	7200001	8200000	9253
D07	8000001	9000000	10182
D07	8800001	9800000	10553
D07	9600001	10600000	11791
D07	10400001	11400000	9922
D07	11200001	12200000	12699
D07	12000001	13000000	12981
D07	12800001	13800000	13811
D07	13600001	14600000	16125
D07	14400001	15400000	12650
D07	15200001	16200000	14373
D07	16000001	17000000	14685
D07	16800001	17800000	15615
D07	17600001	18600000	15687
D07	18400001	19400000	11432
D07	19200001	20200000	12476
D07	20000001	21000000	15647
D07	20800001	21800000	15448
D07	21600001	22600000	14782
D07	22400001	23400000	16537
D07	23200001	24200000	14202
D07	24000001	25000000	16543
D07	24800001	25800000	14291
D07	25600001	26600000	15156
D07	26400001	27400000	15149
D07	27200001	28200000	14734
D07	28000001	29000000	16528
D07	28800001	29800000	15239
D07	29600001	30600000	13476
D07	30400001	31400000	11937
D07	31200001	32200000	12612
D07	32000001	33000000	12416
D07	32800001	33800000	12124
D07	33600001	34600000	11395
D07	34400001	35400000	14037
D07	35200001	36200000	13062
D07	36000001	37000000	12058
D07	36800001	37800000	12657
D07	37600001	38600000	12755
D07	38400001	39400000	9373
D07	39200001	40200000	8669
D07	40000001	41000000	11884
D07	40800001	41800000	13325
D07	41600001	42600000	12948
D07	42400001	43400000	14765
D07	43200001	44200000	16314
D07	44000001	45000000	10074
D07	44800001	45800000	11654
D07	45600001	46600000	13967
D07	46400001	47400000	15548
D07	47200001	48200000	18119
D07	48000001	49000000	11559
D07	48800001	49800000	13402
D07	49600001	50600000	11221
D07	50400001	51400000	12257
D07	51200001	52200000	9207
D07	52000001	53000000	11054
D07	52800001	53800000	11559
D07	53600001	54600000	9390
D07	54400001	55400000	10266
D07	55200001	55312611	1937
D08	1	1000000	8082
D08	800001	1800000	6113
D08	1600001	2600000	7561
D08	2400001	3400000	8446
D08	3200001	4200000	8899
D08	4000001	5000000	9730
D08	4800001	5800000	8845
D08	5600001	6600000	13012
D08	6400001	7400000	15001
D08	7200001	8200000	13281
D08	8000001	9000000	15399
D08	8800001	9800000	16818
D08	9600001	10600000	16907
D08	10400001	11400000	18434
D08	11200001	12200000	13772
D08	12000001	13000000	18992
D08	12800001	13800000	20245
D08	13600001	14600000	17190
D08	14400001	15400000	15187
D08	15200001	16200000	14238
D08	16000001	17000000	14427
D08	16800001	17800000	12375
D08	17600001	18600000	14075
D08	18400001	19400000	13700
D08	19200001	20200000	11763
D08	20000001	21000000	10789
D08	20800001	21800000	9731
D08	21600001	22600000	11464
D08	22400001	23400000	14058
D08	23200001	24200000	14774
D08	24000001	25000000	11875
D08	24800001	25800000	11185
D08	25600001	26600000	6277
D08	26400001	27400000	8944
D08	27200001	28200000	8640
D08	28000001	29000000	7700
D08	28800001	29800000	11959
D08	29600001	30600000	14431
D08	30400001	31400000	14077
D08	31200001	32200000	12348
D08	32000001	33000000	12509
D08	32800001	33800000	12742
D08	33600001	34600000	15523
D08	34400001	35400000	16750
D08	35200001	36200000	16667
D08	36000001	37000000	15145
D08	36800001	37800000	15349
D08	37600001	38600000	16427
D08	38400001	39400000	14047
D08	39200001	40200000	17892
D08	40000001	41000000	14484
D08	40800001	41800000	14773
D08	41600001	42600000	15100
D08	42400001	43400000	17524
D08	43200001	44200000	17509
D08	44000001	45000000	15262
D08	44800001	45800000	15979
D08	45600001	46600000	15857
D08	46400001	47400000	13645
D08	47200001	48200000	14144
D08	48000001	49000000	12987
D08	48800001	49800000	14482
D08	49600001	50600000	12937
D08	50400001	51400000	15176
D08	51200001	52200000	17277
D08	52000001	53000000	14328
D08	52800001	53800000	10977
D08	53600001	54600000	12719
D08	54400001	55400000	14840
D08	55200001	56200000	16434
D08	56000001	57000000	13849
D08	56800001	57800000	13298
D08	57600001	58600000	9342
D08	58400001	59400000	9849
D08	59200001	60200000	6511
D08	60000001	61000000	9541
D08	60800001	61800000	9538
D08	61600001	62600000	9451
D08	62400001	63400000	6731
D08	63200001	64200000	5039
D08	64000001	65000000	5739
D08	64800001	65800000	5410
D08	65600001	65894135	1349
D09	1	1000000	11588
D09	800001	1800000	13726
D09	1600001	2600000	14001
D09	2400001	3400000	15126
D09	3200001	4200000	13432
D09	4000001	5000000	8995
D09	4800001	5800000	10967
D09	5600001	6600000	13617
D09	6400001	7400000	16064
D09	7200001	8200000	11525
D09	8000001	9000000	10751
D09	8800001	9800000	15588
D09	9600001	10600000	14436
D09	10400001	11400000	14912
D09	11200001	12200000	15719
D09	12000001	13000000	14991
D09	12800001	13800000	13047
D09	13600001	14600000	12615
D09	14400001	15400000	15262
D09	15200001	16200000	9964
D09	16000001	17000000	8781
D09	16800001	17800000	12796
D09	17600001	18600000	11923
D09	18400001	19400000	9480
D09	19200001	20200000	8772
D09	20000001	21000000	10914
D09	20800001	21800000	14473
D09	21600001	22600000	13874
D09	22400001	23400000	16220
D09	23200001	24200000	16493
D09	24000001	25000000	17002
D09	24800001	25800000	17186
D09	25600001	26600000	15074
D09	26400001	27400000	15994
D09	27200001	28200000	14402
D09	28000001	29000000	16018
D09	28800001	29800000	15189
D09	29600001	30600000	16968
D09	30400001	31400000	14163
D09	31200001	32200000	11595
D09	32000001	33000000	9324
D09	32800001	33800000	10120
D09	33600001	34600000	12237
D09	34400001	35400000	12066
D09	35200001	36200000	10140
D09	36000001	37000000	9375
D09	36800001	37800000	9269
D09	37600001	38600000	8284
D09	38400001	39400000	7605
D09	39200001	40200000	7770
D09	40000001	41000000	9444
D09	40800001	41800000	9366
D09	41600001	42600000	5463
D09	42400001	43400000	7193
D09	43200001	44200000	6687
D09	44000001	45000000	7530
D09	44800001	45800000	8545
D09	45600001	46600000	6961
D09	46400001	47400000	5737
D09	47200001	48200000	3617
D09	48000001	49000000	4365
D09	48800001	49800000	4494
D09	49600001	50600000	5637
D09	50400001	50995436	1794
D10	1	1000000	5156
D10	800001	1800000	5503
D10	1600001	2600000	6409
D10	2400001	3400000	6145
D10	3200001	4200000	7149
D10	4000001	5000000	7768
D10	4800001	5800000	10510
D10	5600001	6600000	13157
D10	6400001	7400000	12511
D10	7200001	8200000	11107
D10	8000001	9000000	11367
D10	8800001	9800000	15148
D10	9600001	10600000	12445
D10	10400001	11400000	14756
D10	11200001	12200000	14049
D10	12000001	13000000	13522
D10	12800001	13800000	14546
D10	13600001	14600000	14354
D10	14400001	15400000	15585
D10	15200001	16200000	16334
D10	16000001	17000000	15553
D10	16800001	17800000	16486
D10	17600001	18600000	16606
D10	18400001	19400000	18888
D10	19200001	20200000	17528
D10	20000001	21000000	13799
D10	20800001	21800000	15830
D10	21600001	22600000	12266
D10	22400001	23400000	13153
D10	23200001	24200000	17444
D10	24000001	25000000	15533
D10	24800001	25800000	13511
D10	25600001	26600000	15323
D10	26400001	27400000	14978
D10	27200001	28200000	15594
D10	28000001	29000000	17240
D10	28800001	29800000	13776
D10	29600001	30600000	12848
D10	30400001	31400000	16783
D10	31200001	32200000	14292
D10	32000001	33000000	10811
D10	32800001	33800000	13485
D10	33600001	34600000	14681
D10	34400001	35400000	11634
D10	35200001	36200000	12782
D10	36000001	37000000	11936
D10	36800001	37800000	9601
D10	37600001	38600000	8508
D10	38400001	39400000	10980
D10	39200001	40200000	14703
D10	40000001	41000000	14219
D10	40800001	41800000	12868
D10	41600001	42600000	12154
D10	42400001	43400000	12840
D10	43200001	44200000	14063
D10	44000001	45000000	11339
D10	44800001	45800000	14933
D10	45600001	46600000	17318
D10	46400001	47400000	17809
D10	47200001	48200000	16920
D10	48000001	49000000	14538
D10	48800001	49800000	15490
D10	49600001	50600000	15890
D10	50400001	51400000	15281
D10	51200001	52200000	14366
D10	52000001	53000000	15493
D10	52800001	53800000	9488
D10	53600001	54600000	10323
D10	54400001	55400000	9851
D10	55200001	56200000	9467
D10	56000001	57000000	12815
D10	56800001	57800000	8560
D10	57600001	58600000	8740
D10	58400001	59400000	10292
D10	59200001	60200000	7096
D10	60000001	61000000	7203
D10	60800001	61800000	8919
D10	61600001	62600000	7783
D10	62400001	63400000	5257
D10	63200001	63374666	781
D11	1	1000000	6552
D11	800001	1800000	6336
D11	1600001	2600000	5126
D11	2400001	3400000	4301
D11	3200001	4200000	5330
D11	4000001	5000000	5549
D11	4800001	5800000	4488
D11	5600001	6600000	7178
D11	6400001	7400000	8382
D11	7200001	8200000	7733
D11	8000001	9000000	7700
D11	8800001	9800000	8132
D11	9600001	10600000	8984
D11	10400001	11400000	10906
D11	11200001	12200000	9046
D11	12000001	13000000	10210
D11	12800001	13800000	9857
D11	13600001	14600000	9824
D11	14400001	15400000	9960
D11	15200001	16200000	10208
D11	16000001	17000000	13793
D11	16800001	17800000	17586
D11	17600001	18600000	18156
D11	18400001	19400000	15521
D11	19200001	20200000	18940
D11	20000001	21000000	21524
D11	20800001	21800000	15200
D11	21600001	22600000	12948
D11	22400001	23400000	14673
D11	23200001	24200000	16727
D11	24000001	25000000	13427
D11	24800001	25800000	15265
D11	25600001	26600000	16036
D11	26400001	27400000	17222
D11	27200001	28200000	14635
D11	28000001	29000000	15992
D11	28800001	29800000	18540
D11	29600001	30600000	16972
D11	30400001	31400000	19903
D11	31200001	32200000	13850
D11	32000001	33000000	14194
D11	32800001	33800000	14559
D11	33600001	34600000	15495
D11	34400001	35400000	11792
D11	35200001	36200000	10353
D11	36000001	37000000	10594
D11	36800001	37800000	13542
D11	37600001	38600000	15777
D11	38400001	39400000	20688
D11	39200001	40200000	12350
D11	40000001	41000000	10296
D11	40800001	41800000	10565
D11	41600001	42600000	10596
D11	42400001	43400000	13640
D11	43200001	44200000	14444
D11	44000001	45000000	14426
D11	44800001	45800000	12721
D11	45600001	46600000	13859
D11	46400001	47400000	12558
D11	47200001	48200000	10345
D11	48000001	49000000	11176
D11	48800001	49800000	13127
D11	49600001	50600000	12895
D11	50400001	51400000	10260
D11	51200001	52200000	10363
D11	52000001	53000000	10337
D11	52800001	53800000	10599
D11	53600001	54600000	10177
D11	54400001	55400000	11345
D11	55200001	56200000	8086
D11	56000001	57000000	8122
D11	56800001	57800000	7150
D11	57600001	58600000	4196
D11	58400001	59400000	4941
D11	59200001	60200000	4069
D11	60000001	61000000	4263
D11	60800001	61800000	4689
D11	61600001	62600000	5989
D11	62400001	63400000	3717
D11	63200001	64200000	4480
D11	64000001	65000000	4750
D11	64800001	65800000	3969
D11	65600001	66087774	1633
D12	1	1000000	9119
D12	800001	1800000	8840
D12	1600001	2600000	9138
D12	2400001	3400000	9857
D12	3200001	4200000	11207
D12	4000001	5000000	14393
D12	4800001	5800000	12163
D12	5600001	6600000	11113
D12	6400001	7400000	14061
D12	7200001	8200000	15808
D12	8000001	9000000	16831
D12	8800001	9800000	17810
D12	9600001	10600000	15184
D12	10400001	11400000	13365
D12	11200001	12200000	13692
D12	12000001	13000000	14792
D12	12800001	13800000	15767
D12	13600001	14600000	15104
D12	14400001	15400000	13843
D12	15200001	16200000	13959
D12	16000001	17000000	14721
D12	16800001	17800000	13889
D12	17600001	18600000	15585
D12	18400001	19400000	13300
D12	19200001	20200000	14114
D12	20000001	21000000	11185
D12	20800001	21800000	11612
D12	21600001	22600000	12502
D12	22400001	23400000	14079
D12	23200001	24200000	8639
D12	24000001	25000000	11432
D12	24800001	25800000	14276
D12	25600001	26600000	17018
D12	26400001	27400000	15433
D12	27200001	28200000	16453
D12	28000001	29000000	12988
D12	28800001	29800000	13952
D12	29600001	30600000	11269
D12	30400001	31400000	12953
D12	31200001	32200000	12372
D12	32000001	33000000	11448
D12	32800001	33800000	10625
D12	33600001	34600000	13661
D12	34400001	35400000	13716
D12	35200001	36200000	13782
D12	36000001	37000000	13105
D12	36800001	37800000	13078
D12	37600001	38600000	14696
D12	38400001	39400000	15929
D12	39200001	40200000	12118
D12	40000001	41000000	13874
D12	40800001	41800000	14541
D12	41600001	42600000	13923
D12	42400001	43400000	11919
D12	43200001	44200000	12276
D12	44000001	45000000	13287
D12	44800001	45800000	11528
D12	45600001	46600000	11927
D12	46400001	47400000	10341
D12	47200001	48200000	9043
D12	48000001	49000000	12754
D12	48800001	49800000	10458
D12	49600001	50600000	8079
D12	50400001	51400000	10266
D12	51200001	52200000	9646
D12	52000001	53000000	7615
D12	52800001	53800000	7846
D12	53600001	54600000	6700
D12	54400001	55400000	9116
D12	55200001	56200000	6488
D12	56000001	57000000	6328
D12	56800001	57800000	5924
D12	57600001	58600000	5801
D12	58400001	59109837	4229
D13	1	1000000	5887
D13	800001	1800000	8004
D13	1600001	2600000	8681
D13	2400001	3400000	8741
D13	3200001	4200000	10843
D13	4000001	5000000	10335
D13	4800001	5800000	9435
D13	5600001	6600000	12422
D13	6400001	7400000	15144
D13	7200001	8200000	13701
D13	8000001	9000000	14202
D13	8800001	9800000	15823
D13	9600001	10600000	16921
D13	10400001	11400000	12690
D13	11200001	12200000	16493
D13	12000001	13000000	15793
D13	12800001	13800000	16457
D13	13600001	14600000	16425
D13	14400001	15400000	14512
D13	15200001	16200000	17408
D13	16000001	17000000	12250
D13	16800001	17800000	12111
D13	17600001	18600000	16306
D13	18400001	19400000	12812
D13	19200001	20200000	13121
D13	20000001	21000000	12745
D13	20800001	21800000	13132
D13	21600001	22600000	14217
D13	22400001	23400000	9776
D13	23200001	24200000	8307
D13	24000001	25000000	11662
D13	24800001	25800000	10688
D13	25600001	26600000	7297
D13	26400001	27400000	10637
D13	27200001	28200000	15332
D13	28000001	29000000	10360
D13	28800001	29800000	16392
D13	29600001	30600000	15625
D13	30400001	31400000	11892
D13	31200001	32200000	11969
D13	32000001	33000000	17032
D13	32800001	33800000	17001
D13	33600001	34600000	14383
D13	34400001	35400000	15361
D13	35200001	36200000	17857
D13	36000001	37000000	17726
D13	36800001	37800000	13874
D13	37600001	38600000	13819
D13	38400001	39400000	14708
D13	39200001	40200000	14108
D13	40000001	41000000	14317
D13	40800001	41800000	14130
D13	41600001	42600000	16173
D13	42400001	43400000	13687
D13	43200001	44200000	11920
D13	44000001	45000000	15688
D13	44800001	45800000	16040
D13	45600001	46600000	13436
D13	46400001	47400000	15607
D13	47200001	48200000	12979
D13	48000001	49000000	14998
D13	48800001	49800000	15007
D13	49600001	50600000	13695
D13	50400001	51400000	12243
D13	51200001	52200000	13529
D13	52000001	53000000	11503
D13	52800001	53800000	10957
D13	53600001	54600000	12259
D13	54400001	55400000	11213
D13	55200001	56200000	12093
D13	56000001	57000000	8205
D13	56800001	57800000	6136
D13	57600001	58600000	5709
D13	58400001	59400000	6933
D13	59200001	60200000	8519
D13	60000001	60534298	3034
