A01	1	1000000	2986
A01	800001	1800000	4692
A01	1600001	2600000	5163
A01	2400001	3400000	9590
A01	3200001	4200000	7683
A01	4000001	5000000	10090
A01	4800001	5800000	11513
A01	5600001	6600000	11254
A01	6400001	7400000	11352
A01	7200001	8200000	10615
A01	8000001	9000000	17444
A01	8800001	9800000	18079
A01	9600001	10600000	16545
A01	10400001	11400000	14569
A01	11200001	12200000	12717
A01	12000001	13000000	13138
A01	12800001	13800000	12406
A01	13600001	14600000	12206
A01	14400001	15400000	20651
A01	15200001	16200000	18569
A01	16000001	17000000	17167
A01	16800001	17800000	17095
A01	17600001	18600000	15329
A01	18400001	19400000	13662
A01	19200001	20200000	13355
A01	20000001	21000000	17660
A01	20800001	21800000	17233
A01	21600001	22600000	18498
A01	22400001	23400000	15830
A01	23200001	24200000	16610
A01	24000001	25000000	17298
A01	24800001	25800000	19742
A01	25600001	26600000	17709
A01	26400001	27400000	17111
A01	27200001	28200000	14915
A01	28000001	29000000	16152
A01	28800001	29800000	21394
A01	29600001	30600000	16434
A01	30400001	31400000	16108
A01	31200001	32200000	19604
A01	32000001	33000000	18801
A01	32800001	33800000	16126
A01	33600001	34600000	16389
A01	34400001	35400000	13129
A01	35200001	36200000	12786
A01	36000001	37000000	13859
A01	36800001	37800000	14808
A01	37600001	38600000	15936
A01	38400001	39400000	14134
A01	39200001	40200000	17440
A01	40000001	41000000	19753
A01	40800001	41800000	18805
A01	41600001	42600000	14389
A01	42400001	43400000	12154
A01	43200001	44200000	15621
A01	44000001	45000000	17911
A01	44800001	45800000	17117
A01	45600001	46600000	15955
A01	46400001	47400000	13021
A01	47200001	48200000	17743
A01	48000001	49000000	16335
A01	48800001	49800000	14743
A01	49600001	50600000	15714
A01	50400001	51400000	16418
A01	51200001	52200000	14915
A01	52000001	53000000	15264
A01	52800001	53800000	19099
A01	53600001	54600000	18281
A01	54400001	55400000	18559
A01	55200001	56200000	18014
A01	56000001	57000000	15009
A01	56800001	57800000	13325
A01	57600001	58600000	16151
A01	58400001	59400000	16248
A01	59200001	60200000	17260
A01	60000001	61000000	17480
A01	60800001	61800000	17113
A01	61600001	62600000	16710
A01	62400001	63400000	14121
A01	63200001	64200000	16610
A01	64000001	65000000	17133
A01	64800001	65800000	13371
A01	65600001	66600000	14691
A01	66400001	67400000	12994
A01	67200001	68200000	11947
A01	68000001	69000000	16417
A01	68800001	69800000	18751
A01	69600001	70600000	13027
A01	70400001	71400000	18943
A01	71200001	72200000	17132
A01	72000001	73000000	15920
A01	72800001	73800000	16847
A01	73600001	74600000	13727
A01	74400001	75400000	17888
A01	75200001	76200000	13936
A01	76000001	77000000	16309
A01	76800001	77800000	17047
A01	77600001	78600000	16056
A01	78400001	79400000	17829
A01	79200001	80200000	15075
A01	80000001	81000000	13812
A01	80800001	81800000	15038
A01	81600001	82600000	15330
A01	82400001	83400000	16332
A01	83200001	84200000	13111
A01	84000001	85000000	15408
A01	84800001	85800000	18612
A01	85600001	86600000	18601
A01	86400001	87400000	17461
A01	87200001	88200000	15902
A01	88000001	89000000	16403
A01	88800001	89800000	19831
A01	89600001	90600000	15375
A01	90400001	91400000	13096
A01	91200001	92200000	15743
A01	92000001	93000000	15506
A01	92800001	93800000	14720
A01	93600001	94600000	12951
A01	94400001	95400000	13329
A01	95200001	96200000	11585
A01	96000001	97000000	14520
A01	96800001	97800000	12547
A01	97600001	98600000	6956
A01	98400001	99400000	5684
A01	99200001	99884700	5129
A02	1	1000000	3668
A02	800001	1800000	4105
A02	1600001	2600000	9229
A02	2400001	3400000	8060
A02	3200001	4200000	7310
A02	4000001	5000000	13477
A02	4800001	5800000	13271
A02	5600001	6600000	13182
A02	6400001	7400000	11043
A02	7200001	8200000	13198
A02	8000001	9000000	15893
A02	8800001	9800000	17980
A02	9600001	10600000	16715
A02	10400001	11400000	14654
A02	11200001	12200000	15058
A02	12000001	13000000	20150
A02	12800001	13800000	18832
A02	13600001	14600000	17235
A02	14400001	15400000	15963
A02	15200001	16200000	16832
A02	16000001	17000000	18457
A02	16800001	17800000	18029
A02	17600001	18600000	17853
A02	18400001	19400000	15731
A02	19200001	20200000	19751
A02	20000001	21000000	15695
A02	20800001	21800000	18619
A02	21600001	22600000	17220
A02	22400001	23400000	14092
A02	23200001	24200000	19448
A02	24000001	25000000	16880
A02	24800001	25800000	18950
A02	25600001	26600000	16373
A02	26400001	27400000	14963
A02	27200001	28200000	15029
A02	28000001	29000000	14362
A02	28800001	29800000	19090
A02	29600001	30600000	16258
A02	30400001	31400000	17094
A02	31200001	32200000	17277
A02	32000001	33000000	19199
A02	32800001	33800000	15729
A02	33600001	34600000	17256
A02	34400001	35400000	17371
A02	35200001	36200000	14061
A02	36000001	37000000	16956
A02	36800001	37800000	17498
A02	37600001	38600000	18850
A02	38400001	39400000	17509
A02	39200001	40200000	15981
A02	40000001	41000000	14458
A02	40800001	41800000	13981
A02	41600001	42600000	17617
A02	42400001	43400000	19076
A02	43200001	44200000	17256
A02	44000001	45000000	16167
A02	44800001	45800000	17943
A02	45600001	46600000	17282
A02	46400001	47400000	16415
A02	47200001	48200000	16030
A02	48000001	49000000	15391
A02	48800001	49800000	14815
A02	49600001	50600000	18752
A02	50400001	51400000	16872
A02	51200001	52200000	18413
A02	52000001	53000000	14386
A02	52800001	53800000	17547
A02	53600001	54600000	16315
A02	54400001	55400000	16929
A02	55200001	56200000	14876
A02	56000001	57000000	15046
A02	56800001	57800000	14931
A02	57600001	58600000	16651
A02	58400001	59400000	15123
A02	59200001	60200000	19252
A02	60000001	61000000	15287
A02	60800001	61800000	15390
A02	61600001	62600000	16040
A02	62400001	63400000	17395
A02	63200001	64200000	15070
A02	64000001	65000000	14872
A02	64800001	65800000	15471
A02	65600001	66600000	16848
A02	66400001	67400000	17428
A02	67200001	68200000	15079
A02	68000001	69000000	15394
A02	68800001	69800000	20794
A02	69600001	70600000	14634
A02	70400001	71400000	17109
A02	71200001	72200000	19180
A02	72000001	73000000	20685
A02	72800001	73800000	18171
A02	73600001	74600000	18157
A02	74400001	75400000	16903
A02	75200001	76200000	14922
A02	76000001	77000000	18006
A02	76800001	77800000	19125
A02	77600001	78600000	14741
A02	78400001	79400000	10906
A02	79200001	80200000	10683
A02	80000001	81000000	10973
A02	80800001	81800000	10334
A02	81600001	82600000	7637
A02	82400001	83400000	2636
A02	83200001	83447906	433
A03	1	1000000	8549
A03	800001	1800000	6685
A03	1600001	2600000	5674
A03	2400001	3400000	6105
A03	3200001	4200000	8803
A03	4000001	5000000	9547
A03	4800001	5800000	14596
A03	5600001	6600000	13269
A03	6400001	7400000	10995
A03	7200001	8200000	14373
A03	8000001	9000000	15476
A03	8800001	9800000	17002
A03	9600001	10600000	13868
A03	10400001	11400000	16027
A03	11200001	12200000	15213
A03	12000001	13000000	15793
A03	12800001	13800000	19171
A03	13600001	14600000	17272
A03	14400001	15400000	17790
A03	15200001	16200000	18361
A03	16000001	17000000	15455
A03	16800001	17800000	15430
A03	17600001	18600000	18574
A03	18400001	19400000	17241
A03	19200001	20200000	14677
A03	20000001	21000000	17169
A03	20800001	21800000	16684
A03	21600001	22600000	12774
A03	22400001	23400000	16219
A03	23200001	24200000	14874
A03	24000001	25000000	16026
A03	24800001	25800000	14374
A03	25600001	26600000	13383
A03	26400001	27400000	13285
A03	27200001	28200000	16353
A03	28000001	29000000	13544
A03	28800001	29800000	14237
A03	29600001	30600000	14224
A03	30400001	31400000	15035
A03	31200001	32200000	13406
A03	32000001	33000000	16340
A03	32800001	33800000	19173
A03	33600001	34600000	13331
A03	34400001	35400000	14914
A03	35200001	36200000	7240
A03	36000001	37000000	13759
A03	36800001	37800000	13088
A03	37600001	38600000	13664
A03	38400001	39400000	16941
A03	39200001	40200000	17366
A03	40000001	41000000	15834
A03	40800001	41800000	12929
A03	41600001	42600000	15365
A03	42400001	43400000	12682
A03	43200001	44200000	16766
A03	44000001	45000000	17935
A03	44800001	45800000	18478
A03	45600001	46600000	14525
A03	46400001	47400000	10435
A03	47200001	48200000	9461
A03	48000001	49000000	12214
A03	48800001	49800000	10407
A03	49600001	50600000	7564
A03	50400001	51400000	6926
A03	51200001	52200000	8665
A03	52000001	53000000	8812
A03	52800001	53800000	8554
A03	53600001	54600000	8464
A03	54400001	55400000	7894
A03	55200001	56200000	9982
A03	56000001	57000000	9924
A03	56800001	57800000	10116
A03	57600001	58600000	10249
A03	58400001	59400000	12374
A03	59200001	60200000	11734
A03	60000001	61000000	10309
A03	60800001	61800000	10303
A03	61600001	62600000	9570
A03	62400001	63400000	11610
A03	63200001	64200000	12259
A03	64000001	65000000	13116
A03	64800001	65800000	12719
A03	65600001	66600000	13946
A03	66400001	67400000	10658
A03	67200001	68200000	11677
A03	68000001	69000000	10590
A03	68800001	69800000	9718
A03	69600001	70600000	9065
A03	70400001	71400000	10164
A03	71200001	72200000	10015
A03	72000001	73000000	12238
A03	72800001	73800000	9095
A03	73600001	74600000	10948
A03	74400001	75400000	9395
A03	75200001	76200000	10349
A03	76000001	77000000	11105
A03	76800001	77800000	12176
A03	77600001	78600000	11683
A03	78400001	79400000	12079
A03	79200001	80200000	13167
A03	80000001	81000000	8778
A03	80800001	81800000	9943
A03	81600001	82600000	12120
A03	82400001	83400000	11957
A03	83200001	84200000	8104
A03	84000001	85000000	9690
A03	84800001	85800000	10064
A03	85600001	86600000	10254
A03	86400001	87400000	9599
A03	87200001	88200000	13075
A03	88000001	89000000	10510
A03	88800001	89800000	11058
A03	89600001	90600000	11643
A03	90400001	91400000	9232
A03	91200001	92200000	10877
A03	92000001	93000000	10370
A03	92800001	93800000	9576
A03	93600001	94600000	8021
A03	94400001	95400000	6909
A03	95200001	96200000	6396
A03	96000001	97000000	8239
A03	96800001	97800000	3596
A03	97600001	98600000	4639
A03	98400001	99400000	3239
A03	99200001	100200000	2225
A03	100000001	100263045	573
A04	1	1000000	10572
A04	800001	1800000	8674
A04	1600001	2600000	10492
A04	2400001	3400000	12194
A04	3200001	4200000	9510
A04	4000001	5000000	9040
A04	4800001	5800000	15223
A04	5600001	6600000	14584
A04	6400001	7400000	13206
A04	7200001	8200000	15670
A04	8000001	9000000	17039
A04	8800001	9800000	16468
A04	9600001	10600000	16904
A04	10400001	11400000	14443
A04	11200001	12200000	15431
A04	12000001	13000000	16270
A04	12800001	13800000	16216
A04	13600001	14600000	16221
A04	14400001	15400000	18519
A04	15200001	16200000	16520
A04	16000001	17000000	17405
A04	16800001	17800000	16075
A04	17600001	18600000	14814
A04	18400001	19400000	15977
A04	19200001	20200000	15590
A04	20000001	21000000	16899
A04	20800001	21800000	13618
A04	21600001	22600000	15280
A04	22400001	23400000	12098
A04	23200001	24200000	15152
A04	24000001	25000000	15130
A04	24800001	25800000	15037
A04	25600001	26600000	16063
A04	26400001	27400000	16397
A04	27200001	28200000	18593
A04	28000001	29000000	14165
A04	28800001	29800000	13136
A04	29600001	30600000	16647
A04	30400001	31400000	15977
A04	31200001	32200000	15536
A04	32000001	33000000	14816
A04	32800001	33800000	11285
A04	33600001	34600000	12285
A04	34400001	35400000	16368
A04	35200001	36200000	16197
A04	36000001	37000000	16148
A04	36800001	37800000	17098
A04	37600001	38600000	15598
A04	38400001	39400000	18819
A04	39200001	40200000	16517
A04	40000001	41000000	18184
A04	40800001	41800000	15631
A04	41600001	42600000	13486
A04	42400001	43400000	12663
A04	43200001	44200000	16321
A04	44000001	45000000	18515
A04	44800001	45800000	17034
A04	45600001	46600000	18170
A04	46400001	47400000	15268
A04	47200001	48200000	19322
A04	48000001	49000000	17166
A04	48800001	49800000	17094
A04	49600001	50600000	15772
A04	50400001	51400000	18678
A04	51200001	52200000	17925
A04	52000001	53000000	15465
A04	52800001	53800000	15677
A04	53600001	54600000	12814
A04	54400001	55400000	16277
A04	55200001	56200000	13826
A04	56000001	57000000	17047
A04	56800001	57800000	14169
A04	57600001	58600000	15202
A04	58400001	59400000	10691
A04	59200001	60200000	11856
A04	60000001	61000000	8011
A04	60800001	61800000	9285
A04	61600001	62600000	5180
A04	62400001	62913772	1401
A05	1	1000000	6505
A05	800001	1800000	4302
A05	1600001	2600000	4424
A05	2400001	3400000	4337
A05	3200001	4200000	3325
A05	4000001	5000000	5035
A05	4800001	5800000	3313
A05	5600001	6600000	3940
A05	6400001	7400000	5449
A05	7200001	8200000	4846
A05	8000001	9000000	3502
A05	8800001	9800000	4683
A05	9600001	10600000	4944
A05	10400001	11400000	4205
A05	11200001	12200000	4247
A05	12000001	13000000	5411
A05	12800001	13800000	8394
A05	13600001	14600000	6868
A05	14400001	15400000	6050
A05	15200001	16200000	7200
A05	16000001	17000000	9505
A05	16800001	17800000	8278
A05	17600001	18600000	9728
A05	18400001	19400000	6273
A05	19200001	20200000	8201
A05	20000001	21000000	12164
A05	20800001	21800000	11311
A05	21600001	22600000	13246
A05	22400001	23400000	17893
A05	23200001	24200000	12123
A05	24000001	25000000	11662
A05	24800001	25800000	14518
A05	25600001	26600000	18436
A05	26400001	27400000	13462
A05	27200001	28200000	14247
A05	28000001	29000000	18788
A05	28800001	29800000	18913
A05	29600001	30600000	18731
A05	30400001	31400000	22648
A05	31200001	32200000	21957
A05	32000001	33000000	20811
A05	32800001	33800000	25398
A05	33600001	34600000	21282
A05	34400001	35400000	21654
A05	35200001	36200000	21277
A05	36000001	37000000	20247
A05	36800001	37800000	25498
A05	37600001	38600000	24780
A05	38400001	39400000	22985
A05	39200001	40200000	21266
A05	40000001	41000000	17423
A05	40800001	41800000	17788
A05	41600001	42600000	18539
A05	42400001	43400000	17359
A05	43200001	44200000	13650
A05	44000001	45000000	12778
A05	44800001	45800000	10978
A05	45600001	46600000	13267
A05	46400001	47400000	16937
A05	47200001	48200000	18714
A05	48000001	49000000	14287
A05	48800001	49800000	13058
A05	49600001	50600000	17302
A05	50400001	51400000	20097
A05	51200001	52200000	16853
A05	52000001	53000000	16249
A05	52800001	53800000	12124
A05	53600001	54600000	17792
A05	54400001	55400000	16368
A05	55200001	56200000	17939
A05	56000001	57000000	14569
A05	56800001	57800000	18015
A05	57600001	58600000	16649
A05	58400001	59400000	14499
A05	59200001	60200000	12071
A05	60000001	61000000	14328
A05	60800001	61800000	17280
A05	61600001	62600000	21701
A05	62400001	63400000	14975
A05	63200001	64200000	11241
A05	64000001	65000000	17421
A05	64800001	65800000	17651
A05	65600001	66600000	15597
A05	66400001	67400000	16269
A05	67200001	68200000	12577
A05	68000001	69000000	14492
A05	68800001	69800000	19388
A05	69600001	70600000	18879
A05	70400001	71400000	16158
A05	71200001	72200000	14636
A05	72000001	73000000	16644
A05	72800001	73800000	17119
A05	73600001	74600000	15937
A05	74400001	75400000	17229
A05	75200001	76200000	16384
A05	76000001	77000000	17574
A05	76800001	77800000	17400
A05	77600001	78600000	13487
A05	78400001	79400000	16027
A05	79200001	80200000	17071
A05	80000001	81000000	15658
A05	80800001	81800000	14348
A05	81600001	82600000	17175
A05	82400001	83400000	17216
A05	83200001	84200000	11784
A05	84000001	85000000	14100
A05	84800001	85800000	12378
A05	85600001	86600000	11130
A05	86400001	87400000	10552
A05	87200001	88200000	9447
A05	88000001	89000000	10042
A05	88800001	89800000	9965
A05	89600001	90600000	10690
A05	90400001	91400000	6111
A05	91200001	92200000	3959
A05	92000001	92047023	139
A06	1	1000000	3305
A06	800001	1800000	7013
A06	1600001	2600000	7814
A06	2400001	3400000	9069
A06	3200001	4200000	11115
A06	4000001	5000000	17540
A06	4800001	5800000	13819
A06	5600001	6600000	15176
A06	6400001	7400000	11458
A06	7200001	8200000	17018
A06	8000001	9000000	16324
A06	8800001	9800000	14023
A06	9600001	10600000	15302
A06	10400001	11400000	16129
A06	11200001	12200000	19811
A06	12000001	13000000	18152
A06	12800001	13800000	15531
A06	13600001	14600000	15607
A06	14400001	15400000	13702
A06	15200001	16200000	15055
A06	16000001	17000000	18819
A06	16800001	17800000	16458
A06	17600001	18600000	18053
A06	18400001	19400000	18444
A06	19200001	20200000	19185
A06	20000001	21000000	20773
A06	20800001	21800000	18968
A06	21600001	22600000	16983
A06	22400001	23400000	16850
A06	23200001	24200000	15791
A06	24000001	25000000	16889
A06	24800001	25800000	15128
A06	25600001	26600000	11872
A06	26400001	27400000	16152
A06	27200001	28200000	18788
A06	28000001	29000000	19414
A06	28800001	29800000	17450
A06	29600001	30600000	14078
A06	30400001	31400000	17464
A06	31200001	32200000	17023
A06	32000001	33000000	16363
A06	32800001	33800000	15231
A06	33600001	34600000	18221
A06	34400001	35400000	15511
A06	35200001	36200000	17480
A06	36000001	37000000	17932
A06	36800001	37800000	18672
A06	37600001	38600000	19136
A06	38400001	39400000	16847
A06	39200001	40200000	20688
A06	40000001	41000000	15816
A06	40800001	41800000	15397
A06	41600001	42600000	16247
A06	42400001	43400000	18408
A06	43200001	44200000	13990
A06	44000001	45000000	13889
A06	44800001	45800000	18035
A06	45600001	46600000	13156
A06	46400001	47400000	12568
A06	47200001	48200000	13316
A06	48000001	49000000	16761
A06	48800001	49800000	17244
A06	49600001	50600000	15366
A06	50400001	51400000	14239
A06	51200001	52200000	15634
A06	52000001	53000000	14067
A06	52800001	53800000	11423
A06	53600001	54600000	12698
A06	54400001	55400000	13903
A06	55200001	56200000	13537
A06	56000001	57000000	11235
A06	56800001	57800000	12939
A06	57600001	58600000	14094
A06	58400001	59400000	16294
A06	59200001	60200000	13491
A06	60000001	61000000	14430
A06	60800001	61800000	15994
A06	61600001	62600000	11239
A06	62400001	63400000	13777
A06	63200001	64200000	16398
A06	64000001	65000000	14497
A06	64800001	65800000	14153
A06	65600001	66600000	17291
A06	66400001	67400000	17496
A06	67200001	68200000	16327
A06	68000001	69000000	15891
A06	68800001	69800000	12660
A06	69600001	70600000	16849
A06	70400001	71400000	12362
A06	71200001	72200000	14708
A06	72000001	73000000	13340
A06	72800001	73800000	16418
A06	73600001	74600000	11808
A06	74400001	75400000	15515
A06	75200001	76200000	16075
A06	76000001	77000000	17590
A06	76800001	77800000	17744
A06	77600001	78600000	16648
A06	78400001	79400000	17825
A06	79200001	80200000	16021
A06	80000001	81000000	14435
A06	80800001	81800000	16249
A06	81600001	82600000	14971
A06	82400001	83400000	15659
A06	83200001	84200000	15971
A06	84000001	85000000	14443
A06	84800001	85800000	15914
A06	85600001	86600000	14513
A06	86400001	87400000	16283
A06	87200001	88200000	17322
A06	88000001	89000000	17765
A06	88800001	89800000	18231
A06	89600001	90600000	17060
A06	90400001	91400000	19670
A06	91200001	92200000	19679
A06	92000001	93000000	18520
A06	92800001	93800000	16459
A06	93600001	94600000	18323
A06	94400001	95400000	15934
A06	95200001	96200000	14593
A06	96000001	97000000	14686
A06	96800001	97800000	13296
A06	97600001	98600000	15106
A06	98400001	99400000	15583
A06	99200001	100200000	11472
A06	100000001	101000000	12098
A06	100800001	101800000	9190
A06	101600001	102600000	4378
A06	102400001	103170444	3183
A07	1	1000000	4568
A07	800001	1800000	3498
A07	1600001	2600000	4101
A07	2400001	3400000	5989
A07	3200001	4200000	6491
A07	4000001	5000000	3964
A07	4800001	5800000	7693
A07	5600001	6600000	8296
A07	6400001	7400000	13758
A07	7200001	8200000	11077
A07	8000001	9000000	8977
A07	8800001	9800000	13120
A07	9600001	10600000	16830
A07	10400001	11400000	18972
A07	11200001	12200000	16987
A07	12000001	13000000	15358
A07	12800001	13800000	15801
A07	13600001	14600000	12547
A07	14400001	15400000	18747
A07	15200001	16200000	16363
A07	16000001	17000000	12952
A07	16800001	17800000	15168
A07	17600001	18600000	12602
A07	18400001	19400000	16914
A07	19200001	20200000	17176
A07	20000001	21000000	15610
A07	20800001	21800000	17751
A07	21600001	22600000	19324
A07	22400001	23400000	14280
A07	23200001	24200000	16722
A07	24000001	25000000	18342
A07	24800001	25800000	15872
A07	25600001	26600000	14113
A07	26400001	27400000	16522
A07	27200001	28200000	21863
A07	28000001	29000000	15442
A07	28800001	29800000	14684
A07	29600001	30600000	18982
A07	30400001	31400000	16594
A07	31200001	32200000	15017
A07	32000001	33000000	16681
A07	32800001	33800000	17725
A07	33600001	34600000	13741
A07	34400001	35400000	13268
A07	35200001	36200000	16425
A07	36000001	37000000	14025
A07	36800001	37800000	16227
A07	37600001	38600000	19144
A07	38400001	39400000	19625
A07	39200001	40200000	15651
A07	40000001	41000000	19335
A07	40800001	41800000	17712
A07	41600001	42600000	14815
A07	42400001	43400000	12222
A07	43200001	44200000	12971
A07	44000001	45000000	17513
A07	44800001	45800000	18371
A07	45600001	46600000	16640
A07	46400001	47400000	13218
A07	47200001	48200000	15384
A07	48000001	49000000	14881
A07	48800001	49800000	11479
A07	49600001	50600000	14309
A07	50400001	51400000	14684
A07	51200001	52200000	17831
A07	52000001	53000000	17432
A07	52800001	53800000	15039
A07	53600001	54600000	13674
A07	54400001	55400000	17097
A07	55200001	56200000	17474
A07	56000001	57000000	14756
A07	56800001	57800000	15125
A07	57600001	58600000	17465
A07	58400001	59400000	14891
A07	59200001	60200000	11210
A07	60000001	61000000	16162
A07	60800001	61800000	17045
A07	61600001	62600000	18465
A07	62400001	63400000	17005
A07	63200001	64200000	16098
A07	64000001	65000000	17236
A07	64800001	65800000	16442
A07	65600001	66600000	17822
A07	66400001	67400000	15721
A07	67200001	68200000	18072
A07	68000001	69000000	18648
A07	68800001	69800000	17132
A07	69600001	70600000	14896
A07	70400001	71400000	16138
A07	71200001	72200000	14539
A07	72000001	73000000	13495
A07	72800001	73800000	9579
A07	73600001	74600000	12022
A07	74400001	75400000	9846
A07	75200001	76200000	12406
A07	76000001	77000000	9274
A07	76800001	77800000	9981
A07	77600001	78251018	6830
A08	1	1000000	2358
A08	800001	1800000	4094
A08	1600001	2600000	5513
A08	2400001	3400000	7475
A08	3200001	4200000	5211
A08	4000001	5000000	8214
A08	4800001	5800000	6583
A08	5600001	6600000	6530
A08	6400001	7400000	9052
A08	7200001	8200000	9765
A08	8000001	9000000	9425
A08	8800001	9800000	11261
A08	9600001	10600000	10598
A08	10400001	11400000	10418
A08	11200001	12200000	12366
A08	12000001	13000000	11281
A08	12800001	13800000	11202
A08	13600001	14600000	10725
A08	14400001	15400000	8653
A08	15200001	16200000	9956
A08	16000001	17000000	10794
A08	16800001	17800000	11165
A08	17600001	18600000	11003
A08	18400001	19400000	11783
A08	19200001	20200000	10156
A08	20000001	21000000	10286
A08	20800001	21800000	10309
A08	21600001	22600000	11294
A08	22400001	23400000	10305
A08	23200001	24200000	9830
A08	24000001	25000000	10973
A08	24800001	25800000	11044
A08	25600001	26600000	10672
A08	26400001	27400000	10836
A08	27200001	28200000	9851
A08	28000001	29000000	7898
A08	28800001	29800000	12931
A08	29600001	30600000	12831
A08	30400001	31400000	7047
A08	31200001	32200000	7271
A08	32000001	33000000	7658
A08	32800001	33800000	8913
A08	33600001	34600000	10017
A08	34400001	35400000	10527
A08	35200001	36200000	9770
A08	36000001	37000000	11120
A08	36800001	37800000	8923
A08	37600001	38600000	9399
A08	38400001	39400000	10143
A08	39200001	40200000	8489
A08	40000001	41000000	10590
A08	40800001	41800000	7940
A08	41600001	42600000	8481
A08	42400001	43400000	10712
A08	43200001	44200000	13897
A08	44000001	45000000	15117
A08	44800001	45800000	9309
A08	45600001	46600000	6116
A08	46400001	47400000	11462
A08	47200001	48200000	14377
A08	48000001	49000000	14352
A08	48800001	49800000	14566
A08	49600001	50600000	14254
A08	50400001	51400000	10118
A08	51200001	52200000	16218
A08	52000001	53000000	14137
A08	52800001	53800000	16571
A08	53600001	54600000	13253
A08	54400001	55400000	6268
A08	55200001	56200000	15297
A08	56000001	57000000	12623
A08	56800001	57800000	12751
A08	57600001	58600000	16844
A08	58400001	59400000	13274
A08	59200001	60200000	15369
A08	60000001	61000000	12630
A08	60800001	61800000	15094
A08	61600001	62600000	13648
A08	62400001	63400000	14055
A08	63200001	64200000	14290
A08	64000001	65000000	15887
A08	64800001	65800000	18050
A08	65600001	66600000	19694
A08	66400001	67400000	16189
A08	67200001	68200000	14512
A08	68000001	69000000	15867
A08	68800001	69800000	15348
A08	69600001	70600000	17489
A08	70400001	71400000	17653
A08	71200001	72200000	18645
A08	72000001	73000000	15465
A08	72800001	73800000	14899
A08	73600001	74600000	17769
A08	74400001	75400000	13781
A08	75200001	76200000	15923
A08	76000001	77000000	16929
A08	76800001	77800000	16799
A08	77600001	78600000	16909
A08	78400001	79400000	17701
A08	79200001	80200000	16285
A08	80000001	81000000	18499
A08	80800001	81800000	17856
A08	81600001	82600000	15149
A08	82400001	83400000	15381
A08	83200001	84200000	15508
A08	84000001	85000000	17617
A08	84800001	85800000	13879
A08	85600001	86600000	17478
A08	86400001	87400000	17393
A08	87200001	88200000	16454
A08	88000001	89000000	17311
A08	88800001	89800000	13012
A08	89600001	90600000	8043
A08	90400001	91400000	14080
A08	91200001	92200000	16768
A08	92000001	93000000	15718
A08	92800001	93800000	19503
A08	93600001	94600000	15438
A08	94400001	95400000	16027
A08	95200001	96200000	7753
A08	96000001	97000000	8991
A08	96800001	97800000	9554
A08	97600001	98600000	8020
A08	98400001	99400000	8167
A08	99200001	100200000	9509
A08	100000001	101000000	6774
A08	100800001	101800000	3046
A08	101600001	102600000	3068
A08	102400001	103400000	3196
A08	103200001	103626341	3081
A09	1	1000000	13040
A09	800001	1800000	14017
A09	1600001	2600000	13651
A09	2400001	3400000	11247
A09	3200001	4200000	14619
A09	4000001	5000000	16677
A09	4800001	5800000	15727
A09	5600001	6600000	14271
A09	6400001	7400000	17370
A09	7200001	8200000	16616
A09	8000001	9000000	17934
A09	8800001	9800000	16742
A09	9600001	10600000	17260
A09	10400001	11400000	16322
A09	11200001	12200000	17316
A09	12000001	13000000	15899
A09	12800001	13800000	19519
A09	13600001	14600000	15304
A09	14400001	15400000	15138
A09	15200001	16200000	15089
A09	16000001	17000000	13296
A09	16800001	17800000	16770
A09	17600001	18600000	16371
A09	18400001	19400000	14660
A09	19200001	20200000	18572
A09	20000001	21000000	16380
A09	20800001	21800000	12883
A09	21600001	22600000	13979
A09	22400001	23400000	16900
A09	23200001	24200000	12743
A09	24000001	25000000	15829
A09	24800001	25800000	10669
A09	25600001	26600000	14186
A09	26400001	27400000	15462
A09	27200001	28200000	13819
A09	28000001	29000000	14199
A09	28800001	29800000	12642
A09	29600001	30600000	13315
A09	30400001	31400000	16918
A09	31200001	32200000	15795
A09	32000001	33000000	15318
A09	32800001	33800000	16306
A09	33600001	34600000	18439
A09	34400001	35400000	16371
A09	35200001	36200000	13007
A09	36000001	37000000	14849
A09	36800001	37800000	18638
A09	37600001	38600000	16835
A09	38400001	39400000	17027
A09	39200001	40200000	16621
A09	40000001	41000000	16959
A09	40800001	41800000	18588
A09	41600001	42600000	21086
A09	42400001	43400000	18148
A09	43200001	44200000	21042
A09	44000001	45000000	18554
A09	44800001	45800000	16856
A09	45600001	46600000	17180
A09	46400001	47400000	18019
A09	47200001	48200000	15187
A09	48000001	49000000	13382
A09	48800001	49800000	16961
A09	49600001	50600000	16762
A09	50400001	51400000	19603
A09	51200001	52200000	17671
A09	52000001	53000000	12289
A09	52800001	53800000	13541
A09	53600001	54600000	17797
A09	54400001	55400000	11455
A09	55200001	56200000	9590
A09	56000001	57000000	16314
A09	56800001	57800000	14172
A09	57600001	58600000	11440
A09	58400001	59400000	10954
A09	59200001	60200000	10313
A09	60000001	61000000	8944
A09	60800001	61800000	11449
A09	61600001	62600000	14420
A09	62400001	63400000	9983
A09	63200001	64200000	10883
A09	64000001	65000000	8958
A09	64800001	65800000	7501
A09	65600001	66600000	10825
A09	66400001	67400000	9011
A09	67200001	68200000	5419
A09	68000001	69000000	6305
A09	68800001	69800000	3899
A09	69600001	70600000	3785
A09	70400001	71400000	4872
A09	71200001	72200000	4962
A09	72000001	73000000	3316
A09	72800001	73800000	2906
A09	73600001	74600000	5273
A09	74400001	74999931	1436
A10	1	1000000	4115
A10	800001	1800000	6591
A10	1600001	2600000	3535
A10	2400001	3400000	3504
A10	3200001	4200000	6757
A10	4000001	5000000	8629
A10	4800001	5800000	9417
A10	5600001	6600000	12589
A10	6400001	7400000	13531
A10	7200001	8200000	18218
A10	8000001	9000000	20522
A10	8800001	9800000	17818
A10	9600001	10600000	15181
A10	10400001	11400000	14322
A10	11200001	12200000	11441
A10	12000001	13000000	9231
A10	12800001	13800000	14969
A10	13600001	14600000	18361
A10	14400001	15400000	17236
A10	15200001	16200000	17677
A10	16000001	17000000	16111
A10	16800001	17800000	16836
A10	17600001	18600000	16260
A10	18400001	19400000	16004
A10	19200001	20200000	20803
A10	20000001	21000000	12757
A10	20800001	21800000	16356
A10	21600001	22600000	17247
A10	22400001	23400000	14934
A10	23200001	24200000	12388
A10	24000001	25000000	12749
A10	24800001	25800000	16649
A10	25600001	26600000	14928
A10	26400001	27400000	14378
A10	27200001	28200000	15593
A10	28000001	29000000	17907
A10	28800001	29800000	14881
A10	29600001	30600000	13965
A10	30400001	31400000	12338
A10	31200001	32200000	15719
A10	32000001	33000000	13931
A10	32800001	33800000	11984
A10	33600001	34600000	18178
A10	34400001	35400000	19675
A10	35200001	36200000	14722
A10	36000001	37000000	11488
A10	36800001	37800000	13346
A10	37600001	38600000	14042
A10	38400001	39400000	16631
A10	39200001	40200000	14858
A10	40000001	41000000	15310
A10	40800001	41800000	11774
A10	41600001	42600000	14024
A10	42400001	43400000	16912
A10	43200001	44200000	13886
A10	44000001	45000000	14250
A10	44800001	45800000	14732
A10	45600001	46600000	16448
A10	46400001	47400000	14667
A10	47200001	48200000	18740
A10	48000001	49000000	16719
A10	48800001	49800000	16213
A10	49600001	50600000	18627
A10	50400001	51400000	16522
A10	51200001	52200000	16085
A10	52000001	53000000	17103
A10	52800001	53800000	13058
A10	53600001	54600000	14769
A10	54400001	55400000	15808
A10	55200001	56200000	12255
A10	56000001	57000000	15430
A10	56800001	57800000	15597
A10	57600001	58600000	17802
A10	58400001	59400000	16922
A10	59200001	60200000	18357
A10	60000001	61000000	19867
A10	60800001	61800000	20255
A10	61600001	62600000	18944
A10	62400001	63400000	14604
A10	63200001	64200000	17154
A10	64000001	65000000	15151
A10	64800001	65800000	15661
A10	65600001	66600000	17254
A10	66400001	67400000	17504
A10	67200001	68200000	13766
A10	68000001	69000000	16910
A10	68800001	69800000	16484
A10	69600001	70600000	16885
A10	70400001	71400000	16451
A10	71200001	72200000	16539
A10	72000001	73000000	15137
A10	72800001	73800000	15106
A10	73600001	74600000	15901
A10	74400001	75400000	14589
A10	75200001	76200000	15182
A10	76000001	77000000	16287
A10	76800001	77800000	17879
A10	77600001	78600000	19086
A10	78400001	79400000	18466
A10	79200001	80200000	20036
A10	80000001	81000000	18966
A10	80800001	81800000	15437
A10	81600001	82600000	19565
A10	82400001	83400000	20085
A10	83200001	84200000	17153
A10	84000001	85000000	18112
A10	84800001	85800000	11990
A10	85600001	86600000	14738
A10	86400001	87400000	15921
A10	87200001	88200000	14566
A10	88000001	89000000	15729
A10	88800001	89800000	19143
A10	89600001	90600000	15913
A10	90400001	91400000	12289
A10	91200001	92200000	12532
A10	92000001	93000000	14518
A10	92800001	93800000	14165
A10	93600001	94600000	14343
A10	94400001	95400000	9287
A10	95200001	96200000	10769
A10	96000001	97000000	7848
A10	96800001	97800000	10149
A10	97600001	98600000	10860
A10	98400001	99400000	12369
A10	99200001	100200000	9081
A10	100000001	101000000	6547
A10	100800001	100866604	82
A11	1	1000000	5736
A11	800001	1800000	4145
A11	1600001	2600000	3810
A11	2400001	3400000	3531
A11	3200001	4200000	5361
A11	4000001	5000000	5006
A11	4800001	5800000	6198
A11	5600001	6600000	4874
A11	6400001	7400000	7362
A11	7200001	8200000	4676
A11	8000001	9000000	6784
A11	8800001	9800000	10395
A11	9600001	10600000	10051
A11	10400001	11400000	9034
A11	11200001	12200000	8676
A11	12000001	13000000	10240
A11	12800001	13800000	12638
A11	13600001	14600000	14453
A11	14400001	15400000	11038
A11	15200001	16200000	11947
A11	16000001	17000000	16148
A11	16800001	17800000	10401
A11	17600001	18600000	12380
A11	18400001	19400000	16491
A11	19200001	20200000	14608
A11	20000001	21000000	13722
A11	20800001	21800000	16831
A11	21600001	22600000	12535
A11	22400001	23400000	14729
A11	23200001	24200000	15785
A11	24000001	25000000	16692
A11	24800001	25800000	15512
A11	25600001	26600000	17810
A11	26400001	27400000	18811
A11	27200001	28200000	18320
A11	28000001	29000000	16196
A11	28800001	29800000	16245
A11	29600001	30600000	17819
A11	30400001	31400000	13911
A11	31200001	32200000	16032
A11	32000001	33000000	16808
A11	32800001	33800000	16077
A11	33600001	34600000	15284
A11	34400001	35400000	14222
A11	35200001	36200000	15576
A11	36000001	37000000	18657
A11	36800001	37800000	18797
A11	37600001	38600000	13710
A11	38400001	39400000	13398
A11	39200001	40200000	12332
A11	40000001	41000000	17719
A11	40800001	41800000	12583
A11	41600001	42600000	12411
A11	42400001	43400000	18174
A11	43200001	44200000	17587
A11	44000001	45000000	13794
A11	44800001	45800000	12052
A11	45600001	46600000	16961
A11	46400001	47400000	16419
A11	47200001	48200000	15444
A11	48000001	49000000	12733
A11	48800001	49800000	15924
A11	49600001	50600000	15422
A11	50400001	51400000	15286
A11	51200001	52200000	15625
A11	52000001	53000000	18716
A11	52800001	53800000	17193
A11	53600001	54600000	15407
A11	54400001	55400000	13010
A11	55200001	56200000	13222
A11	56000001	57000000	16297
A11	56800001	57800000	13776
A11	57600001	58600000	14831
A11	58400001	59400000	14638
A11	59200001	60200000	14645
A11	60000001	61000000	19364
A11	60800001	61800000	15335
A11	61600001	62600000	15456
A11	62400001	63400000	17782
A11	63200001	64200000	17955
A11	64000001	65000000	16992
A11	64800001	65800000	17426
A11	65600001	66600000	15758
A11	66400001	67400000	13782
A11	67200001	68200000	17491
A11	68000001	69000000	18401
A11	68800001	69800000	19578
A11	69600001	70600000	14834
A11	70400001	71400000	16831
A11	71200001	72200000	14576
A11	72000001	73000000	16671
A11	72800001	73800000	16647
A11	73600001	74600000	13407
A11	74400001	75400000	14730
A11	75200001	76200000	14931
A11	76000001	77000000	13047
A11	76800001	77800000	15338
A11	77600001	78600000	17329
A11	78400001	79400000	16960
A11	79200001	80200000	17553
A11	80000001	81000000	14876
A11	80800001	81800000	12570
A11	81600001	82600000	14306
A11	82400001	83400000	10765
A11	83200001	84200000	8736
A11	84000001	85000000	13497
A11	84800001	85800000	13633
A11	85600001	86600000	15339
A11	86400001	87400000	13577
A11	87200001	88200000	12099
A11	88000001	89000000	7039
A11	88800001	89800000	9516
A11	89600001	90600000	9458
A11	90400001	91400000	9320
A11	91200001	92200000	9769
A11	92000001	93000000	7572
A11	92800001	93316192	1546
A12	1	1000000	7881
A12	800001	1800000	9830
A12	1600001	2600000	9144
A12	2400001	3400000	10882
A12	3200001	4200000	11466
A12	4000001	5000000	14237
A12	4800001	5800000	16834
A12	5600001	6600000	15163
A12	6400001	7400000	12505
A12	7200001	8200000	16137
A12	8000001	9000000	13699
A12	8800001	9800000	16149
A12	9600001	10600000	11414
A12	10400001	11400000	16518
A12	11200001	12200000	20341
A12	12000001	13000000	16866
A12	12800001	13800000	14753
A12	13600001	14600000	15550
A12	14400001	15400000	16821
A12	15200001	16200000	18625
A12	16000001	17000000	18189
A12	16800001	17800000	17663
A12	17600001	18600000	19255
A12	18400001	19400000	21867
A12	19200001	20200000	16641
A12	20000001	21000000	18652
A12	20800001	21800000	18912
A12	21600001	22600000	17342
A12	22400001	23400000	17390
A12	23200001	24200000	16322
A12	24000001	25000000	13387
A12	24800001	25800000	12229
A12	25600001	26600000	12665
A12	26400001	27400000	17533
A12	27200001	28200000	16509
A12	28000001	29000000	18281
A12	28800001	29800000	18639
A12	29600001	30600000	17557
A12	30400001	31400000	12848
A12	31200001	32200000	12050
A12	32000001	33000000	15112
A12	32800001	33800000	14372
A12	33600001	34600000	13350
A12	34400001	35400000	13246
A12	35200001	36200000	11709
A12	36000001	37000000	12216
A12	36800001	37800000	13911
A12	37600001	38600000	18072
A12	38400001	39400000	15967
A12	39200001	40200000	17835
A12	40000001	41000000	16243
A12	40800001	41800000	16528
A12	41600001	42600000	17520
A12	42400001	43400000	15436
A12	43200001	44200000	14513
A12	44000001	45000000	14811
A12	44800001	45800000	16671
A12	45600001	46600000	16449
A12	46400001	47400000	13744
A12	47200001	48200000	16036
A12	48000001	49000000	13952
A12	48800001	49800000	17714
A12	49600001	50600000	11691
A12	50400001	51400000	18584
A12	51200001	52200000	15248
A12	52000001	53000000	16406
A12	52800001	53800000	16482
A12	53600001	54600000	16611
A12	54400001	55400000	18233
A12	55200001	56200000	16407
A12	56000001	57000000	17385
A12	56800001	57800000	15739
A12	57600001	58600000	15873
A12	58400001	59400000	16672
A12	59200001	60200000	14438
A12	60000001	61000000	12764
A12	60800001	61800000	12395
A12	61600001	62600000	17995
A12	62400001	63400000	17491
A12	63200001	64200000	14343
A12	64000001	65000000	12651
A12	64800001	65800000	13440
A12	65600001	66600000	11948
A12	66400001	67400000	15136
A12	67200001	68200000	16510
A12	68000001	69000000	15540
A12	68800001	69800000	13721
A12	69600001	70600000	17858
A12	70400001	71400000	16534
A12	71200001	72200000	16922
A12	72000001	73000000	14118
A12	72800001	73800000	12623
A12	73600001	74600000	10643
A12	74400001	75400000	14199
A12	75200001	76200000	15499
A12	76000001	77000000	12823
A12	76800001	77800000	12016
A12	77600001	78600000	8851
A12	78400001	79400000	10370
A12	79200001	80200000	11585
A12	80000001	81000000	8083
A12	80800001	81800000	5456
A12	81600001	82600000	7744
A12	82400001	83400000	7182
A12	83200001	84200000	4410
A12	84000001	85000000	3800
A12	84800001	85800000	3488
A12	85600001	86600000	3763
A12	86400001	87400000	3223
A12	87200001	87484866	769
A13	1	1000000	7858
A13	800001	1800000	8445
A13	1600001	2600000	9265
A13	2400001	3400000	7606
A13	3200001	4200000	7719
A13	4000001	5000000	11414
A13	4800001	5800000	11039
A13	5600001	6600000	15185
A13	6400001	7400000	16236
A13	7200001	8200000	14084
A13	8000001	9000000	16959
A13	8800001	9800000	16419
A13	9600001	10600000	17054
A13	10400001	11400000	12052
A13	11200001	12200000	15638
A13	12000001	13000000	17820
A13	12800001	13800000	16133
A13	13600001	14600000	15100
A13	14400001	15400000	19587
A13	15200001	16200000	16506
A13	16000001	17000000	14567
A13	16800001	17800000	16990
A13	17600001	18600000	16681
A13	18400001	19400000	18161
A13	19200001	20200000	14699
A13	20000001	21000000	16072
A13	20800001	21800000	16298
A13	21600001	22600000	15268
A13	22400001	23400000	16745
A13	23200001	24200000	16397
A13	24000001	25000000	14285
A13	24800001	25800000	16434
A13	25600001	26600000	16785
A13	26400001	27400000	17304
A13	27200001	28200000	15019
A13	28000001	29000000	14450
A13	28800001	29800000	16527
A13	29600001	30600000	15684
A13	30400001	31400000	16359
A13	31200001	32200000	18530
A13	32000001	33000000	13352
A13	32800001	33800000	15332
A13	33600001	34600000	11324
A13	34400001	35400000	11723
A13	35200001	36200000	15343
A13	36000001	37000000	15574
A13	36800001	37800000	15983
A13	37600001	38600000	17719
A13	38400001	39400000	16920
A13	39200001	40200000	16800
A13	40000001	41000000	18225
A13	40800001	41800000	19129
A13	41600001	42600000	14657
A13	42400001	43400000	15561
A13	43200001	44200000	17450
A13	44000001	45000000	16350
A13	44800001	45800000	18347
A13	45600001	46600000	18550
A13	46400001	47400000	19533
A13	47200001	48200000	17390
A13	48000001	49000000	16288
A13	48800001	49800000	17252
A13	49600001	50600000	14269
A13	50400001	51400000	15080
A13	51200001	52200000	13588
A13	52000001	53000000	17063
A13	52800001	53800000	16681
A13	53600001	54600000	20506
A13	54400001	55400000	17653
A13	55200001	56200000	21511
A13	56000001	57000000	17990
A13	56800001	57800000	20144
A13	57600001	58600000	19366
A13	58400001	59400000	17795
A13	59200001	60200000	14554
A13	60000001	61000000	13837
A13	60800001	61800000	13251
A13	61600001	62600000	19162
A13	62400001	63400000	17665
A13	63200001	64200000	13808
A13	64000001	65000000	14771
A13	64800001	65800000	14585
A13	65600001	66600000	16930
A13	66400001	67400000	15713
A13	67200001	68200000	14873
A13	68000001	69000000	14517
A13	68800001	69800000	20613
A13	69600001	70600000	17227
A13	70400001	71400000	15507
A13	71200001	72200000	16062
A13	72000001	73000000	13929
A13	72800001	73800000	8735
A13	73600001	74600000	13048
A13	74400001	75400000	8402
A13	75200001	76200000	7805
A13	76000001	77000000	5919
A13	76800001	77800000	10613
A13	77600001	78600000	5526
A13	78400001	79400000	3124
A13	79200001	79961121	2946
D01	1	1000000	3889
D01	800001	1800000	5407
D01	1600001	2600000	6947
D01	2400001	3400000	8562
D01	3200001	4200000	8324
D01	4000001	5000000	9262
D01	4800001	5800000	8842
D01	5600001	6600000	12182
D01	6400001	7400000	15273
D01	7200001	8200000	14149
D01	8000001	9000000	10892
D01	8800001	9800000	11511
D01	9600001	10600000	11852
D01	10400001	11400000	15269
D01	11200001	12200000	18417
D01	12000001	13000000	17092
D01	12800001	13800000	15713
D01	13600001	14600000	11479
D01	14400001	15400000	14636
D01	15200001	16200000	15166
D01	16000001	17000000	17861
D01	16800001	17800000	16342
D01	17600001	18600000	16674
D01	18400001	19400000	17690
D01	19200001	20200000	18029
D01	20000001	21000000	18220
D01	20800001	21800000	16731
D01	21600001	22600000	17839
D01	22400001	23400000	17211
D01	23200001	24200000	18885
D01	24000001	25000000	15992
D01	24800001	25800000	15072
D01	25600001	26600000	14549
D01	26400001	27400000	14956
D01	27200001	28200000	14338
D01	28000001	29000000	15505
D01	28800001	29800000	16539
D01	29600001	30600000	16802
D01	30400001	31400000	17988
D01	31200001	32200000	16026
D01	32000001	33000000	15900
D01	32800001	33800000	12331
D01	33600001	34600000	14622
D01	34400001	35400000	13730
D01	35200001	36200000	16575
D01	36000001	37000000	13941
D01	36800001	37800000	13652
D01	37600001	38600000	16884
D01	38400001	39400000	17363
D01	39200001	40200000	16801
D01	40000001	41000000	14797
D01	40800001	41800000	16242
D01	41600001	42600000	14162
D01	42400001	43400000	18233
D01	43200001	44200000	17845
D01	44000001	45000000	18003
D01	44800001	45800000	16918
D01	45600001	46600000	15142
D01	46400001	47400000	15707
D01	47200001	48200000	16665
D01	48000001	49000000	18802
D01	48800001	49800000	17175
D01	49600001	50600000	14573
D01	50400001	51400000	16953
D01	51200001	52200000	15662
D01	52000001	53000000	15798
D01	52800001	53800000	13889
D01	53600001	54600000	15035
D01	54400001	55400000	14221
D01	55200001	56200000	14045
D01	56000001	57000000	12771
D01	56800001	57800000	9981
D01	57600001	58600000	10959
D01	58400001	59400000	10733
D01	59200001	60200000	8566
D01	60000001	61000000	6100
D01	60800001	61456009	2815
D02	1	1000000	4076
D02	800001	1800000	5713
D02	1600001	2600000	9319
D02	2400001	3400000	6904
D02	3200001	4200000	6772
D02	4000001	5000000	5690
D02	4800001	5800000	8692
D02	5600001	6600000	9286
D02	6400001	7400000	6559
D02	7200001	8200000	12278
D02	8000001	9000000	11611
D02	8800001	9800000	15028
D02	9600001	10600000	12917
D02	10400001	11400000	14504
D02	11200001	12200000	13785
D02	12000001	13000000	15690
D02	12800001	13800000	13844
D02	13600001	14600000	15679
D02	14400001	15400000	17241
D02	15200001	16200000	17159
D02	16000001	17000000	13615
D02	16800001	17800000	14946
D02	17600001	18600000	17956
D02	18400001	19400000	17153
D02	19200001	20200000	13880
D02	20000001	21000000	14357
D02	20800001	21800000	15648
D02	21600001	22600000	17089
D02	22400001	23400000	17712
D02	23200001	24200000	15269
D02	24000001	25000000	15811
D02	24800001	25800000	16431
D02	25600001	26600000	18828
D02	26400001	27400000	18488
D02	27200001	28200000	14350
D02	28000001	29000000	16040
D02	28800001	29800000	13696
D02	29600001	30600000	13679
D02	30400001	31400000	13653
D02	31200001	32200000	14655
D02	32000001	33000000	14747
D02	32800001	33800000	15272
D02	33600001	34600000	15075
D02	34400001	35400000	16930
D02	35200001	36200000	16312
D02	36000001	37000000	13307
D02	36800001	37800000	16290
D02	37600001	38600000	15212
D02	38400001	39400000	17929
D02	39200001	40200000	17994
D02	40000001	41000000	19683
D02	40800001	41800000	17897
D02	41600001	42600000	14463
D02	42400001	43400000	16305
D02	43200001	44200000	16624
D02	44000001	45000000	17610
D02	44800001	45800000	18917
D02	45600001	46600000	17095
D02	46400001	47400000	15715
D02	47200001	48200000	17808
D02	48000001	49000000	17155
D02	48800001	49800000	17758
D02	49600001	50600000	14227
D02	50400001	51400000	17800
D02	51200001	52200000	18905
D02	52000001	53000000	15412
D02	52800001	53800000	14739
D02	53600001	54600000	16544
D02	54400001	55400000	18669
D02	55200001	56200000	17524
D02	56000001	57000000	14079
D02	56800001	57800000	14666
D02	57600001	58600000	12275
D02	58400001	59400000	14432
D02	59200001	60200000	14389
D02	60000001	61000000	12061
D02	60800001	61800000	13927
D02	61600001	62600000	13051
D02	62400001	63400000	10685
D02	63200001	64200000	4935
D02	64000001	65000000	6857
D02	64800001	65800000	5536
D02	65600001	66600000	5352
D02	66400001	67400000	3127
D02	67200001	67284553	562
D03	1	1000000	4361
D03	800001	1800000	7159
D03	1600001	2600000	9506
D03	2400001	3400000	9388
D03	3200001	4200000	10659
D03	4000001	5000000	14098
D03	4800001	5800000	13583
D03	5600001	6600000	13540
D03	6400001	7400000	16229
D03	7200001	8200000	17383
D03	8000001	9000000	19012
D03	8800001	9800000	18244
D03	9600001	10600000	15910
D03	10400001	11400000	15949
D03	11200001	12200000	17179
D03	12000001	13000000	19136
D03	12800001	13800000	15597
D03	13600001	14600000	12949
D03	14400001	15400000	15574
D03	15200001	16200000	18390
D03	16000001	17000000	16507
D03	16800001	17800000	16375
D03	17600001	18600000	15413
D03	18400001	19400000	13403
D03	19200001	20200000	13817
D03	20000001	21000000	15927
D03	20800001	21800000	15634
D03	21600001	22600000	15603
D03	22400001	23400000	14549
D03	23200001	24200000	15688
D03	24000001	25000000	17337
D03	24800001	25800000	16444
D03	25600001	26600000	16463
D03	26400001	27400000	16882
D03	27200001	28200000	15959
D03	28000001	29000000	15920
D03	28800001	29800000	17131
D03	29600001	30600000	15597
D03	30400001	31400000	14485
D03	31200001	32200000	17581
D03	32000001	33000000	18280
D03	32800001	33800000	16993
D03	33600001	34600000	15777
D03	34400001	35400000	15203
D03	35200001	36200000	14240
D03	36000001	37000000	15319
D03	36800001	37800000	13722
D03	37600001	38600000	12197
D03	38400001	39400000	10710
D03	39200001	40200000	12787
D03	40000001	41000000	11937
D03	40800001	41800000	9238
D03	41600001	42600000	9750
D03	42400001	43400000	7161
D03	43200001	44200000	6605
D03	44000001	45000000	8294
D03	44800001	45800000	7539
D03	45600001	46600000	5355
D03	46400001	46690656	653
D04	1	1000000	6820
D04	800001	1800000	8008
D04	1600001	2600000	7596
D04	2400001	3400000	7393
D04	3200001	4200000	9393
D04	4000001	5000000	8605
D04	4800001	5800000	11261
D04	5600001	6600000	10340
D04	6400001	7400000	14168
D04	7200001	8200000	15572
D04	8000001	9000000	13138
D04	8800001	9800000	12583
D04	9600001	10600000	13628
D04	10400001	11400000	14495
D04	11200001	12200000	15905
D04	12000001	13000000	17696
D04	12800001	13800000	16398
D04	13600001	14600000	16750
D04	14400001	15400000	15791
D04	15200001	16200000	16953
D04	16000001	17000000	17226
D04	16800001	17800000	14678
D04	17600001	18600000	16932
D04	18400001	19400000	16305
D04	19200001	20200000	14668
D04	20000001	21000000	14461
D04	20800001	21800000	11677
D04	21600001	22600000	15674
D04	22400001	23400000	14433
D04	23200001	24200000	18261
D04	24000001	25000000	18019
D04	24800001	25800000	16871
D04	25600001	26600000	15885
D04	26400001	27400000	14354
D04	27200001	28200000	13033
D04	28000001	29000000	15972
D04	28800001	29800000	16555
D04	29600001	30600000	19836
D04	30400001	31400000	18058
D04	31200001	32200000	18216
D04	32000001	33000000	16767
D04	32800001	33800000	17883
D04	33600001	34600000	17474
D04	34400001	35400000	16431
D04	35200001	36200000	17165
D04	36000001	37000000	16430
D04	36800001	37800000	14553
D04	37600001	38600000	16344
D04	38400001	39400000	18017
D04	39200001	40200000	18260
D04	40000001	41000000	16128
D04	40800001	41800000	16607
D04	41600001	42600000	13525
D04	42400001	43400000	13603
D04	43200001	44200000	15270
D04	44000001	45000000	10150
D04	44800001	45800000	14411
D04	45600001	46600000	13349
D04	46400001	47400000	8573
D04	47200001	48200000	8151
D04	48000001	49000000	5948
D04	48800001	49800000	7102
D04	49600001	50600000	5829
D04	50400001	51400000	6428
D04	51200001	51454130	907
D05	1	1000000	2421
D05	800001	1800000	2465
D05	1600001	2600000	2460
D05	2400001	3400000	1731
D05	3200001	4200000	2403
D05	4000001	5000000	2299
D05	4800001	5800000	2332
D05	5600001	6600000	2701
D05	6400001	7400000	1879
D05	7200001	8200000	2678
D05	8000001	9000000	2209
D05	8800001	9800000	2380
D05	9600001	10600000	2723
D05	10400001	11400000	1840
D05	11200001	12200000	1778
D05	12000001	13000000	1998
D05	12800001	13800000	3028
D05	13600001	14600000	4141
D05	14400001	15400000	3439
D05	15200001	16200000	3140
D05	16000001	17000000	3143
D05	16800001	17800000	2702
D05	17600001	18600000	3534
D05	18400001	19400000	3211
D05	19200001	20200000	4142
D05	20000001	21000000	5439
D05	20800001	21800000	3408
D05	21600001	22600000	4921
D05	22400001	23400000	5721
D05	23200001	24200000	4956
D05	24000001	25000000	5461
D05	24800001	25800000	5768
D05	25600001	26600000	7394
D05	26400001	27400000	9749
D05	27200001	28200000	10196
D05	28000001	29000000	12165
D05	28800001	29800000	13189
D05	29600001	30600000	15716
D05	30400001	31400000	16109
D05	31200001	32200000	10653
D05	32000001	33000000	12575
D05	32800001	33800000	14397
D05	33600001	34600000	17692
D05	34400001	35400000	16443
D05	35200001	36200000	16923
D05	36000001	37000000	14928
D05	36800001	37800000	15451
D05	37600001	38600000	15897
D05	38400001	39400000	15326
D05	39200001	40200000	11748
D05	40000001	41000000	13309
D05	40800001	41800000	16845
D05	41600001	42600000	18899
D05	42400001	43400000	16960
D05	43200001	44200000	16680
D05	44000001	45000000	16760
D05	44800001	45800000	17160
D05	45600001	46600000	18779
D05	46400001	47400000	20224
D05	47200001	48200000	15238
D05	48000001	49000000	14256
D05	48800001	49800000	15726
D05	49600001	50600000	15084
D05	50400001	51400000	12555
D05	51200001	52200000	16873
D05	52000001	53000000	13403
D05	52800001	53800000	8519
D05	53600001	54600000	11908
D05	54400001	55400000	13740
D05	55200001	56200000	12393
D05	56000001	57000000	16336
D05	56800001	57800000	11752
D05	57600001	58600000	14039
D05	58400001	59400000	14301
D05	59200001	60200000	6183
D05	60000001	61000000	11537
D05	60800001	61800000	11977
D05	61600001	61933047	2085
D06	1	1000000	4945
D06	800001	1800000	5630
D06	1600001	2600000	4015
D06	2400001	3400000	4350
D06	3200001	4200000	12457
D06	4000001	5000000	16889
D06	4800001	5800000	10432
D06	5600001	6600000	9946
D06	6400001	7400000	12415
D06	7200001	8200000	13263
D06	8000001	9000000	9543
D06	8800001	9800000	12727
D06	9600001	10600000	14961
D06	10400001	11400000	12705
D06	11200001	12200000	14246
D06	12000001	13000000	14592
D06	12800001	13800000	14768
D06	13600001	14600000	15477
D06	14400001	15400000	15901
D06	15200001	16200000	16450
D06	16000001	17000000	14465
D06	16800001	17800000	13243
D06	17600001	18600000	16225
D06	18400001	19400000	13468
D06	19200001	20200000	12784
D06	20000001	21000000	14138
D06	20800001	21800000	14845
D06	21600001	22600000	15280
D06	22400001	23400000	16102
D06	23200001	24200000	11901
D06	24000001	25000000	15744
D06	24800001	25800000	15477
D06	25600001	26600000	18100
D06	26400001	27400000	14543
D06	27200001	28200000	14589
D06	28000001	29000000	14606
D06	28800001	29800000	15242
D06	29600001	30600000	17873
D06	30400001	31400000	16702
D06	31200001	32200000	16425
D06	32000001	33000000	14413
D06	32800001	33800000	12241
D06	33600001	34600000	13949
D06	34400001	35400000	10996
D06	35200001	36200000	14014
D06	36000001	37000000	17775
D06	36800001	37800000	14437
D06	37600001	38600000	12415
D06	38400001	39400000	13004
D06	39200001	40200000	16962
D06	40000001	41000000	10945
D06	40800001	41800000	11105
D06	41600001	42600000	11564
D06	42400001	43400000	11712
D06	43200001	44200000	15024
D06	44000001	45000000	12777
D06	44800001	45800000	11310
D06	45600001	46600000	10254
D06	46400001	47400000	11288
D06	47200001	48200000	11754
D06	48000001	49000000	11305
D06	48800001	49800000	11383
D06	49600001	50600000	10987
D06	50400001	51400000	9538
D06	51200001	52200000	11083
D06	52000001	53000000	11407
D06	52800001	53800000	10468
D06	53600001	54600000	9334
D06	54400001	55400000	9720
D06	55200001	56200000	7921
D06	56000001	57000000	8675
D06	56800001	57800000	8511
D06	57600001	58600000	9414
D06	58400001	59400000	6706
D06	59200001	60200000	5387
D06	60000001	61000000	5838
D06	60800001	61800000	6629
D06	61600001	62600000	6175
D06	62400001	63400000	4350
D06	63200001	64200000	3596
D06	64000001	64294643	524
D07	1	1000000	4056
D07	800001	1800000	3568
D07	1600001	2600000	5269
D07	2400001	3400000	4984
D07	3200001	4200000	6407
D07	4000001	5000000	5791
D07	4800001	5800000	8169
D07	5600001	6600000	7901
D07	6400001	7400000	9261
D07	7200001	8200000	8166
D07	8000001	9000000	9231
D07	8800001	9800000	10668
D07	9600001	10600000	11513
D07	10400001	11400000	9120
D07	11200001	12200000	12839
D07	12000001	13000000	13903
D07	12800001	13800000	14512
D07	13600001	14600000	16559
D07	14400001	15400000	11991
D07	15200001	16200000	14090
D07	16000001	17000000	14430
D07	16800001	17800000	15435
D07	17600001	18600000	15117
D07	18400001	19400000	11525
D07	19200001	20200000	11349
D07	20000001	21000000	14685
D07	20800001	21800000	14883
D07	21600001	22600000	14839
D07	22400001	23400000	16338
D07	23200001	24200000	16080
D07	24000001	25000000	15650
D07	24800001	25800000	15760
D07	25600001	26600000	17036
D07	26400001	27400000	16160
D07	27200001	28200000	14702
D07	28000001	29000000	20204
D07	28800001	29800000	16192
D07	29600001	30600000	16846
D07	30400001	31400000	15436
D07	31200001	32200000	14697
D07	32000001	33000000	14297
D07	32800001	33800000	15121
D07	33600001	34600000	15058
D07	34400001	35400000	15875
D07	35200001	36200000	14656
D07	36000001	37000000	14102
D07	36800001	37800000	15776
D07	37600001	38600000	14589
D07	38400001	39400000	11844
D07	39200001	40200000	12008
D07	40000001	41000000	16571
D07	40800001	41800000	17628
D07	41600001	42600000	14514
D07	42400001	43400000	14077
D07	43200001	44200000	16565
D07	44000001	45000000	13291
D07	44800001	45800000	13209
D07	45600001	46600000	14887
D07	46400001	47400000	17815
D07	47200001	48200000	17276
D07	48000001	49000000	13895
D07	48800001	49800000	12143
D07	49600001	50600000	8869
D07	50400001	51400000	11356
D07	51200001	52200000	7480
D07	52000001	53000000	9317
D07	52800001	53800000	9898
D07	53600001	54600000	7707
D07	54400001	55400000	8487
D07	55200001	55312611	1854
D08	1	1000000	6077
D08	800001	1800000	5121
D08	1600001	2600000	6541
D08	2400001	3400000	7552
D08	3200001	4200000	8073
D08	4000001	5000000	8737
D08	4800001	5800000	7998
D08	5600001	6600000	11695
D08	6400001	7400000	13657
D08	7200001	8200000	13497
D08	8000001	9000000	15020
D08	8800001	9800000	13875
D08	9600001	10600000	14939
D08	10400001	11400000	17474
D08	11200001	12200000	15825
D08	12000001	13000000	16832
D08	12800001	13800000	20096
D08	13600001	14600000	19191
D08	14400001	15400000	18104
D08	15200001	16200000	18451
D08	16000001	17000000	16859
D08	16800001	17800000	17141
D08	17600001	18600000	17363
D08	18400001	19400000	16798
D08	19200001	20200000	16871
D08	20000001	21000000	14924
D08	20800001	21800000	13662
D08	21600001	22600000	16476
D08	22400001	23400000	14472
D08	23200001	24200000	15625
D08	24000001	25000000	14535
D08	24800001	25800000	13785
D08	25600001	26600000	9172
D08	26400001	27400000	12570
D08	27200001	28200000	12217
D08	28000001	29000000	11598
D08	28800001	29800000	14403
D08	29600001	30600000	15299
D08	30400001	31400000	16017
D08	31200001	32200000	18022
D08	32000001	33000000	16001
D08	32800001	33800000	16675
D08	33600001	34600000	16129
D08	34400001	35400000	15845
D08	35200001	36200000	16243
D08	36000001	37000000	15815
D08	36800001	37800000	17505
D08	37600001	38600000	17430
D08	38400001	39400000	15697
D08	39200001	40200000	18405
D08	40000001	41000000	17785
D08	40800001	41800000	17359
D08	41600001	42600000	15489
D08	42400001	43400000	17287
D08	43200001	44200000	15760
D08	44000001	45000000	16206
D08	44800001	45800000	17086
D08	45600001	46600000	16875
D08	46400001	47400000	13685
D08	47200001	48200000	12796
D08	48000001	49000000	13516
D08	48800001	49800000	13514
D08	49600001	50600000	10999
D08	50400001	51400000	12830
D08	51200001	52200000	15379
D08	52000001	53000000	13860
D08	52800001	53800000	10191
D08	53600001	54600000	12131
D08	54400001	55400000	13397
D08	55200001	56200000	17726
D08	56000001	57000000	13930
D08	56800001	57800000	12572
D08	57600001	58600000	8863
D08	58400001	59400000	9021
D08	59200001	60200000	5658
D08	60000001	61000000	9070
D08	60800001	61800000	8824
D08	61600001	62600000	9066
D08	62400001	63400000	7364
D08	63200001	64200000	4476
D08	64000001	65000000	3958
D08	64800001	65800000	4159
D08	65600001	65894135	962
D09	1	1000000	13087
D09	800001	1800000	12154
D09	1600001	2600000	11157
D09	2400001	3400000	13231
D09	3200001	4200000	14632
D09	4000001	5000000	14748
D09	4800001	5800000	15480
D09	5600001	6600000	13876
D09	6400001	7400000	15091
D09	7200001	8200000	11589
D09	8000001	9000000	12759
D09	8800001	9800000	16546
D09	9600001	10600000	16623
D09	10400001	11400000	13660
D09	11200001	12200000	15499
D09	12000001	13000000	15866
D09	12800001	13800000	17269
D09	13600001	14600000	15554
D09	14400001	15400000	18500
D09	15200001	16200000	11584
D09	16000001	17000000	12760
D09	16800001	17800000	15479
D09	17600001	18600000	14214
D09	18400001	19400000	15183
D09	19200001	20200000	13213
D09	20000001	21000000	16561
D09	20800001	21800000	16142
D09	21600001	22600000	15900
D09	22400001	23400000	17529
D09	23200001	24200000	15559
D09	24000001	25000000	17187
D09	24800001	25800000	15433
D09	25600001	26600000	16017
D09	26400001	27400000	18660
D09	27200001	28200000	16489
D09	28000001	29000000	14662
D09	28800001	29800000	13214
D09	29600001	30600000	15966
D09	30400001	31400000	13259
D09	31200001	32200000	11301
D09	32000001	33000000	9041
D09	32800001	33800000	9991
D09	33600001	34600000	10664
D09	34400001	35400000	10985
D09	35200001	36200000	8837
D09	36000001	37000000	7674
D09	36800001	37800000	7946
D09	37600001	38600000	7018
D09	38400001	39400000	6904
D09	39200001	40200000	6863
D09	40000001	41000000	9092
D09	40800001	41800000	8509
D09	41600001	42600000	4652
D09	42400001	43400000	5908
D09	43200001	44200000	6269
D09	44000001	45000000	7385
D09	44800001	45800000	7457
D09	45600001	46600000	4763
D09	46400001	47400000	4352
D09	47200001	48200000	2606
D09	48000001	49000000	3253
D09	48800001	49800000	3772
D09	49600001	50600000	4438
D09	50400001	50995436	1284
D10	1	1000000	3313
D10	800001	1800000	3421
D10	1600001	2600000	4345
D10	2400001	3400000	4654
D10	3200001	4200000	5897
D10	4000001	5000000	5467
D10	4800001	5800000	8451
D10	5600001	6600000	11656
D10	6400001	7400000	11872
D10	7200001	8200000	10410
D10	8000001	9000000	10241
D10	8800001	9800000	13268
D10	9600001	10600000	11056
D10	10400001	11400000	14255
D10	11200001	12200000	13749
D10	12000001	13000000	12699
D10	12800001	13800000	13988
D10	13600001	14600000	15515
D10	14400001	15400000	16399
D10	15200001	16200000	14971
D10	16000001	17000000	15573
D10	16800001	17800000	15397
D10	17600001	18600000	15378
D10	18400001	19400000	19761
D10	19200001	20200000	17047
D10	20000001	21000000	13547
D10	20800001	21800000	16632
D10	21600001	22600000	12818
D10	22400001	23400000	13561
D10	23200001	24200000	17288
D10	24000001	25000000	15375
D10	24800001	25800000	14155
D10	25600001	26600000	16014
D10	26400001	27400000	15277
D10	27200001	28200000	17408
D10	28000001	29000000	19123
D10	28800001	29800000	17915
D10	29600001	30600000	16444
D10	30400001	31400000	18626
D10	31200001	32200000	16880
D10	32000001	33000000	14343
D10	32800001	33800000	16658
D10	33600001	34600000	15392
D10	34400001	35400000	14157
D10	35200001	36200000	15266
D10	36000001	37000000	16541
D10	36800001	37800000	14332
D10	37600001	38600000	12020
D10	38400001	39400000	15292
D10	39200001	40200000	15345
D10	40000001	41000000	16341
D10	40800001	41800000	16936
D10	41600001	42600000	16251
D10	42400001	43400000	16098
D10	43200001	44200000	16239
D10	44000001	45000000	14484
D10	44800001	45800000	14684
D10	45600001	46600000	17031
D10	46400001	47400000	17695
D10	47200001	48200000	18453
D10	48000001	49000000	15841
D10	48800001	49800000	15340
D10	49600001	50600000	15087
D10	50400001	51400000	13484
D10	51200001	52200000	13545
D10	52000001	53000000	15202
D10	52800001	53800000	11576
D10	53600001	54600000	12053
D10	54400001	55400000	13272
D10	55200001	56200000	9040
D10	56000001	57000000	11817
D10	56800001	57800000	8821
D10	57600001	58600000	7912
D10	58400001	59400000	13607
D10	59200001	60200000	8744
D10	60000001	61000000	9023
D10	60800001	61800000	9425
D10	61600001	62600000	6602
D10	62400001	63400000	4029
D10	63200001	63374666	421
D11	1	1000000	5129
D11	800001	1800000	4231
D11	1600001	2600000	3313
D11	2400001	3400000	3284
D11	3200001	4200000	4433
D11	4000001	5000000	4706
D11	4800001	5800000	2700
D11	5600001	6600000	5511
D11	6400001	7400000	7259
D11	7200001	8200000	6481
D11	8000001	9000000	6466
D11	8800001	9800000	8230
D11	9600001	10600000	8967
D11	10400001	11400000	10472
D11	11200001	12200000	8865
D11	12000001	13000000	8999
D11	12800001	13800000	8152
D11	13600001	14600000	9021
D11	14400001	15400000	9350
D11	15200001	16200000	10699
D11	16000001	17000000	12195
D11	16800001	17800000	15058
D11	17600001	18600000	15663
D11	18400001	19400000	13034
D11	19200001	20200000	16737
D11	20000001	21000000	17570
D11	20800001	21800000	13534
D11	21600001	22600000	13581
D11	22400001	23400000	15044
D11	23200001	24200000	15564
D11	24000001	25000000	15333
D11	24800001	25800000	15862
D11	25600001	26600000	15767
D11	26400001	27400000	17184
D11	27200001	28200000	15023
D11	28000001	29000000	15511
D11	28800001	29800000	18740
D11	29600001	30600000	17377
D11	30400001	31400000	19580
D11	31200001	32200000	17459
D11	32000001	33000000	16653
D11	32800001	33800000	16166
D11	33600001	34600000	16714
D11	34400001	35400000	16209
D11	35200001	36200000	15098
D11	36000001	37000000	15921
D11	36800001	37800000	15819
D11	37600001	38600000	19166
D11	38400001	39400000	21712
D11	39200001	40200000	16037
D11	40000001	41000000	14435
D11	40800001	41800000	14730
D11	41600001	42600000	15123
D11	42400001	43400000	14163
D11	43200001	44200000	15301
D11	44000001	45000000	16405
D11	44800001	45800000	16520
D11	45600001	46600000	14399
D11	46400001	47400000	13568
D11	47200001	48200000	11352
D11	48000001	49000000	11672
D11	48800001	49800000	12710
D11	49600001	50600000	13217
D11	50400001	51400000	14719
D11	51200001	52200000	13499
D11	52000001	53000000	9628
D11	52800001	53800000	10661
D11	53600001	54600000	10733
D11	54400001	55400000	11547
D11	55200001	56200000	8705
D11	56000001	57000000	8485
D11	56800001	57800000	7437
D11	57600001	58600000	3785
D11	58400001	59400000	6119
D11	59200001	60200000	5014
D11	60000001	61000000	4548
D11	60800001	61800000	5635
D11	61600001	62600000	7286
D11	62400001	63400000	4389
D11	63200001	64200000	5638
D11	64000001	65000000	4102
D11	64800001	65800000	3133
D11	65600001	66087774	1194
D12	1	1000000	7521
D12	800001	1800000	7440
D12	1600001	2600000	8154
D12	2400001	3400000	9009
D12	3200001	4200000	9464
D12	4000001	5000000	13377
D12	4800001	5800000	13652
D12	5600001	6600000	11909
D12	6400001	7400000	12619
D12	7200001	8200000	14214
D12	8000001	9000000	14582
D12	8800001	9800000	18184
D12	9600001	10600000	15429
D12	10400001	11400000	14074
D12	11200001	12200000	14308
D12	12000001	13000000	17043
D12	12800001	13800000	18544
D12	13600001	14600000	16931
D12	14400001	15400000	16243
D12	15200001	16200000	17000
D12	16000001	17000000	16828
D12	16800001	17800000	17083
D12	17600001	18600000	16997
D12	18400001	19400000	15833
D12	19200001	20200000	16065
D12	20000001	21000000	16905
D12	20800001	21800000	17100
D12	21600001	22600000	16434
D12	22400001	23400000	16572
D12	23200001	24200000	12447
D12	24000001	25000000	16783
D12	24800001	25800000	15303
D12	25600001	26600000	17677
D12	26400001	27400000	17585
D12	27200001	28200000	16240
D12	28000001	29000000	13436
D12	28800001	29800000	16378
D12	29600001	30600000	15538
D12	30400001	31400000	15967
D12	31200001	32200000	15779
D12	32000001	33000000	15094
D12	32800001	33800000	14348
D12	33600001	34600000	17198
D12	34400001	35400000	14202
D12	35200001	36200000	13084
D12	36000001	37000000	13982
D12	36800001	37800000	12664
D12	37600001	38600000	14194
D12	38400001	39400000	15596
D12	39200001	40200000	10923
D12	40000001	41000000	13495
D12	40800001	41800000	13400
D12	41600001	42600000	13210
D12	42400001	43400000	12331
D12	43200001	44200000	11011
D12	44000001	45000000	12008
D12	44800001	45800000	12627
D12	45600001	46600000	12424
D12	46400001	47400000	10046
D12	47200001	48200000	8623
D12	48000001	49000000	11767
D12	48800001	49800000	10184
D12	49600001	50600000	7347
D12	50400001	51400000	9987
D12	51200001	52200000	9599
D12	52000001	53000000	8406
D12	52800001	53800000	7263
D12	53600001	54600000	6168
D12	54400001	55400000	8741
D12	55200001	56200000	5376
D12	56000001	57000000	5248
D12	56800001	57800000	4389
D12	57600001	58600000	4242
D12	58400001	59109837	3114
D13	1	1000000	4459
D13	800001	1800000	6059
D13	1600001	2600000	6645
D13	2400001	3400000	6857
D13	3200001	4200000	9446
D13	4000001	5000000	9283
D13	4800001	5800000	9416
D13	5600001	6600000	15905
D13	6400001	7400000	16704
D13	7200001	8200000	14270
D13	8000001	9000000	13862
D13	8800001	9800000	16692
D13	9600001	10600000	17908
D13	10400001	11400000	13208
D13	11200001	12200000	15760
D13	12000001	13000000	17231
D13	12800001	13800000	18498
D13	13600001	14600000	18643
D13	14400001	15400000	15742
D13	15200001	16200000	16707
D13	16000001	17000000	14917
D13	16800001	17800000	16042
D13	17600001	18600000	18624
D13	18400001	19400000	15897
D13	19200001	20200000	16391
D13	20000001	21000000	17240
D13	20800001	21800000	14430
D13	21600001	22600000	15547
D13	22400001	23400000	12618
D13	23200001	24200000	10256
D13	24000001	25000000	17122
D13	24800001	25800000	15567
D13	25600001	26600000	11613
D13	26400001	27400000	14383
D13	27200001	28200000	16695
D13	28000001	29000000	12419
D13	28800001	29800000	18220
D13	29600001	30600000	15206
D13	30400001	31400000	15001
D13	31200001	32200000	16115
D13	32000001	33000000	18379
D13	32800001	33800000	17321
D13	33600001	34600000	15913
D13	34400001	35400000	17175
D13	35200001	36200000	16988
D13	36000001	37000000	17353
D13	36800001	37800000	17099
D13	37600001	38600000	16418
D13	38400001	39400000	14291
D13	39200001	40200000	16025
D13	40000001	41000000	18268
D13	40800001	41800000	16246
D13	41600001	42600000	13492
D13	42400001	43400000	13382
D13	43200001	44200000	14517
D13	44000001	45000000	17649
D13	44800001	45800000	14791
D13	45600001	46600000	14064
D13	46400001	47400000	15377
D13	47200001	48200000	12022
D13	48000001	49000000	14682
D13	48800001	49800000	14809
D13	49600001	50600000	13621
D13	50400001	51400000	13461
D13	51200001	52200000	13449
D13	52000001	53000000	11593
D13	52800001	53800000	9015
D13	53600001	54600000	12453
D13	54400001	55400000	8945
D13	55200001	56200000	10362
D13	56000001	57000000	7579
D13	56800001	57800000	5349
D13	57600001	58600000	4242
D13	58400001	59400000	6434
D13	59200001	60200000	8174
D13	60000001	60534298	2400
