A01	1	1000000	3316
A01	800001	1800000	4045
A01	1600001	2600000	5643
A01	2400001	3400000	8207
A01	3200001	4200000	6578
A01	4000001	5000000	9511
A01	4800001	5800000	10942
A01	5600001	6600000	10795
A01	6400001	7400000	11289
A01	7200001	8200000	9638
A01	8000001	9000000	17052
A01	8800001	9800000	17634
A01	9600001	10600000	17095
A01	10400001	11400000	14019
A01	11200001	12200000	11788
A01	12000001	13000000	13817
A01	12800001	13800000	12348
A01	13600001	14600000	11939
A01	14400001	15400000	21062
A01	15200001	16200000	20613
A01	16000001	17000000	17608
A01	16800001	17800000	17515
A01	17600001	18600000	15312
A01	18400001	19400000	13564
A01	19200001	20200000	13608
A01	20000001	21000000	17978
A01	20800001	21800000	16832
A01	21600001	22600000	19282
A01	22400001	23400000	16531
A01	23200001	24200000	17107
A01	24000001	25000000	18307
A01	24800001	25800000	20270
A01	25600001	26600000	18893
A01	26400001	27400000	18239
A01	27200001	28200000	16174
A01	28000001	29000000	16795
A01	28800001	29800000	24248
A01	29600001	30600000	18441
A01	30400001	31400000	17507
A01	31200001	32200000	21161
A01	32000001	33000000	18722
A01	32800001	33800000	16830
A01	33600001	34600000	18356
A01	34400001	35400000	13939
A01	35200001	36200000	14133
A01	36000001	37000000	14773
A01	36800001	37800000	15655
A01	37600001	38600000	16817
A01	38400001	39400000	14812
A01	39200001	40200000	16775
A01	40000001	41000000	20336
A01	40800001	41800000	19370
A01	41600001	42600000	15141
A01	42400001	43400000	13991
A01	43200001	44200000	17877
A01	44000001	45000000	19402
A01	44800001	45800000	18087
A01	45600001	46600000	17925
A01	46400001	47400000	14840
A01	47200001	48200000	19520
A01	48000001	49000000	18253
A01	48800001	49800000	16318
A01	49600001	50600000	17428
A01	50400001	51400000	17839
A01	51200001	52200000	15985
A01	52000001	53000000	16501
A01	52800001	53800000	21337
A01	53600001	54600000	21675
A01	54400001	55400000	20615
A01	55200001	56200000	19741
A01	56000001	57000000	16656
A01	56800001	57800000	14671
A01	57600001	58600000	18353
A01	58400001	59400000	17991
A01	59200001	60200000	18443
A01	60000001	61000000	18289
A01	60800001	61800000	19037
A01	61600001	62600000	18240
A01	62400001	63400000	14583
A01	63200001	64200000	16925
A01	64000001	65000000	18336
A01	64800001	65800000	13974
A01	65600001	66600000	16748
A01	66400001	67400000	14332
A01	67200001	68200000	13118
A01	68000001	69000000	17679
A01	68800001	69800000	21573
A01	69600001	70600000	15158
A01	70400001	71400000	20929
A01	71200001	72200000	19005
A01	72000001	73000000	18455
A01	72800001	73800000	18822
A01	73600001	74600000	15592
A01	74400001	75400000	19936
A01	75200001	76200000	15056
A01	76000001	77000000	18763
A01	76800001	77800000	19514
A01	77600001	78600000	17106
A01	78400001	79400000	18853
A01	79200001	80200000	16518
A01	80000001	81000000	16336
A01	80800001	81800000	17045
A01	81600001	82600000	16686
A01	82400001	83400000	15766
A01	83200001	84200000	13776
A01	84000001	85000000	16857
A01	84800001	85800000	18751
A01	85600001	86600000	19838
A01	86400001	87400000	17910
A01	87200001	88200000	17036
A01	88000001	89000000	17644
A01	88800001	89800000	19737
A01	89600001	90600000	14583
A01	90400001	91400000	12440
A01	91200001	92200000	15925
A01	92000001	93000000	15699
A01	92800001	93800000	14598
A01	93600001	94600000	13260
A01	94400001	95400000	13189
A01	95200001	96200000	10532
A01	96000001	97000000	14672
A01	96800001	97800000	12628
A01	97600001	98600000	6888
A01	98400001	99400000	4331
A01	99200001	99884700	2832
A02	1	1000000	3721
A02	800001	1800000	3833
A02	1600001	2600000	6325
A02	2400001	3400000	7154
A02	3200001	4200000	7511
A02	4000001	5000000	13115
A02	4800001	5800000	14005
A02	5600001	6600000	13979
A02	6400001	7400000	11501
A02	7200001	8200000	11947
A02	8000001	9000000	16368
A02	8800001	9800000	18340
A02	9600001	10600000	17854
A02	10400001	11400000	15103
A02	11200001	12200000	15265
A02	12000001	13000000	19340
A02	12800001	13800000	18384
A02	13600001	14600000	17822
A02	14400001	15400000	16019
A02	15200001	16200000	16793
A02	16000001	17000000	20166
A02	16800001	17800000	18563
A02	17600001	18600000	19000
A02	18400001	19400000	16559
A02	19200001	20200000	22442
A02	20000001	21000000	17689
A02	20800001	21800000	20624
A02	21600001	22600000	18702
A02	22400001	23400000	14970
A02	23200001	24200000	20718
A02	24000001	25000000	17435
A02	24800001	25800000	19138
A02	25600001	26600000	17853
A02	26400001	27400000	17547
A02	27200001	28200000	17269
A02	28000001	29000000	15117
A02	28800001	29800000	20264
A02	29600001	30600000	17411
A02	30400001	31400000	18240
A02	31200001	32200000	19133
A02	32000001	33000000	19796
A02	32800001	33800000	15957
A02	33600001	34600000	17966
A02	34400001	35400000	17243
A02	35200001	36200000	15292
A02	36000001	37000000	18762
A02	36800001	37800000	19252
A02	37600001	38600000	20663
A02	38400001	39400000	19435
A02	39200001	40200000	17582
A02	40000001	41000000	15183
A02	40800001	41800000	14741
A02	41600001	42600000	18749
A02	42400001	43400000	20433
A02	43200001	44200000	17844
A02	44000001	45000000	16093
A02	44800001	45800000	19140
A02	45600001	46600000	19302
A02	46400001	47400000	17455
A02	47200001	48200000	16936
A02	48000001	49000000	16278
A02	48800001	49800000	16814
A02	49600001	50600000	21125
A02	50400001	51400000	18260
A02	51200001	52200000	19239
A02	52000001	53000000	17167
A02	52800001	53800000	20258
A02	53600001	54600000	18141
A02	54400001	55400000	19519
A02	55200001	56200000	15971
A02	56000001	57000000	16074
A02	56800001	57800000	16474
A02	57600001	58600000	19364
A02	58400001	59400000	17198
A02	59200001	60200000	20665
A02	60000001	61000000	15150
A02	60800001	61800000	15585
A02	61600001	62600000	17504
A02	62400001	63400000	18744
A02	63200001	64200000	16111
A02	64000001	65000000	14551
A02	64800001	65800000	15770
A02	65600001	66600000	17503
A02	66400001	67400000	17324
A02	67200001	68200000	15896
A02	68000001	69000000	15627
A02	68800001	69800000	21248
A02	69600001	70600000	15146
A02	70400001	71400000	17748
A02	71200001	72200000	20153
A02	72000001	73000000	23309
A02	72800001	73800000	19465
A02	73600001	74600000	18690
A02	74400001	75400000	16320
A02	75200001	76200000	15286
A02	76000001	77000000	18958
A02	76800001	77800000	21737
A02	77600001	78600000	16235
A02	78400001	79400000	10910
A02	79200001	80200000	11100
A02	80000001	81000000	11786
A02	80800001	81800000	9739
A02	81600001	82600000	7386
A02	82400001	83400000	3240
A02	83200001	83447906	421
A03	1	1000000	9428
A03	800001	1800000	7378
A03	1600001	2600000	5112
A03	2400001	3400000	5979
A03	3200001	4200000	8101
A03	4000001	5000000	10645
A03	4800001	5800000	15744
A03	5600001	6600000	13701
A03	6400001	7400000	11226
A03	7200001	8200000	15183
A03	8000001	9000000	16225
A03	8800001	9800000	16632
A03	9600001	10600000	14270
A03	10400001	11400000	17431
A03	11200001	12200000	15608
A03	12000001	13000000	15805
A03	12800001	13800000	20010
A03	13600001	14600000	18656
A03	14400001	15400000	18801
A03	15200001	16200000	19157
A03	16000001	17000000	16388
A03	16800001	17800000	16106
A03	17600001	18600000	19518
A03	18400001	19400000	18419
A03	19200001	20200000	14678
A03	20000001	21000000	19240
A03	20800001	21800000	18285
A03	21600001	22600000	14155
A03	22400001	23400000	19201
A03	23200001	24200000	17378
A03	24000001	25000000	18760
A03	24800001	25800000	16533
A03	25600001	26600000	14882
A03	26400001	27400000	14693
A03	27200001	28200000	18678
A03	28000001	29000000	15257
A03	28800001	29800000	16560
A03	29600001	30600000	16235
A03	30400001	31400000	17438
A03	31200001	32200000	14910
A03	32000001	33000000	18373
A03	32800001	33800000	21488
A03	33600001	34600000	15119
A03	34400001	35400000	17924
A03	35200001	36200000	8781
A03	36000001	37000000	14805
A03	36800001	37800000	13721
A03	37600001	38600000	14313
A03	38400001	39400000	19123
A03	39200001	40200000	19846
A03	40000001	41000000	16444
A03	40800001	41800000	14400
A03	41600001	42600000	16063
A03	42400001	43400000	14002
A03	43200001	44200000	18014
A03	44000001	45000000	19877
A03	44800001	45800000	21146
A03	45600001	46600000	17496
A03	46400001	47400000	13885
A03	47200001	48200000	16026
A03	48000001	49000000	20510
A03	48800001	49800000	18545
A03	49600001	50600000	12856
A03	50400001	51400000	12378
A03	51200001	52200000	14529
A03	52000001	53000000	14849
A03	52800001	53800000	14493
A03	53600001	54600000	14517
A03	54400001	55400000	13622
A03	55200001	56200000	16204
A03	56000001	57000000	15682
A03	56800001	57800000	15873
A03	57600001	58600000	17054
A03	58400001	59400000	21236
A03	59200001	60200000	19257
A03	60000001	61000000	17031
A03	60800001	61800000	17466
A03	61600001	62600000	15237
A03	62400001	63400000	18850
A03	63200001	64200000	18492
A03	64000001	65000000	20833
A03	64800001	65800000	19838
A03	65600001	66600000	22071
A03	66400001	67400000	18100
A03	67200001	68200000	19719
A03	68000001	69000000	18564
A03	68800001	69800000	16982
A03	69600001	70600000	15529
A03	70400001	71400000	17919
A03	71200001	72200000	17515
A03	72000001	73000000	19469
A03	72800001	73800000	15029
A03	73600001	74600000	17996
A03	74400001	75400000	15768
A03	75200001	76200000	15988
A03	76000001	77000000	16679
A03	76800001	77800000	19260
A03	77600001	78600000	19570
A03	78400001	79400000	20558
A03	79200001	80200000	20727
A03	80000001	81000000	14230
A03	80800001	81800000	15559
A03	81600001	82600000	20075
A03	82400001	83400000	19421
A03	83200001	84200000	16226
A03	84000001	85000000	15949
A03	84800001	85800000	15420
A03	85600001	86600000	16107
A03	86400001	87400000	15328
A03	87200001	88200000	20913
A03	88000001	89000000	17147
A03	88800001	89800000	17747
A03	89600001	90600000	18817
A03	90400001	91400000	13367
A03	91200001	92200000	15770
A03	92000001	93000000	15508
A03	92800001	93800000	15527
A03	93600001	94600000	11999
A03	94400001	95400000	10684
A03	95200001	96200000	10471
A03	96000001	97000000	12930
A03	96800001	97800000	5543
A03	97600001	98600000	7825
A03	98400001	99400000	3683
A03	99200001	100200000	3461
A03	100000001	100263045	1233
A04	1	1000000	8156
A04	800001	1800000	7714
A04	1600001	2600000	10574
A04	2400001	3400000	12188
A04	3200001	4200000	8931
A04	4000001	5000000	8481
A04	4800001	5800000	13854
A04	5600001	6600000	12175
A04	6400001	7400000	12950
A04	7200001	8200000	14414
A04	8000001	9000000	15206
A04	8800001	9800000	15864
A04	9600001	10600000	17115
A04	10400001	11400000	14718
A04	11200001	12200000	14464
A04	12000001	13000000	16756
A04	12800001	13800000	16011
A04	13600001	14600000	17490
A04	14400001	15400000	21222
A04	15200001	16200000	17736
A04	16000001	17000000	19010
A04	16800001	17800000	17111
A04	17600001	18600000	16441
A04	18400001	19400000	17104
A04	19200001	20200000	16086
A04	20000001	21000000	19601
A04	20800001	21800000	15151
A04	21600001	22600000	17295
A04	22400001	23400000	13717
A04	23200001	24200000	18086
A04	24000001	25000000	16875
A04	24800001	25800000	16985
A04	25600001	26600000	18509
A04	26400001	27400000	18035
A04	27200001	28200000	21347
A04	28000001	29000000	14976
A04	28800001	29800000	13709
A04	29600001	30600000	17624
A04	30400001	31400000	18169
A04	31200001	32200000	16590
A04	32000001	33000000	16964
A04	32800001	33800000	12585
A04	33600001	34600000	13565
A04	34400001	35400000	17707
A04	35200001	36200000	19226
A04	36000001	37000000	17692
A04	36800001	37800000	19014
A04	37600001	38600000	16979
A04	38400001	39400000	20221
A04	39200001	40200000	18189
A04	40000001	41000000	20280
A04	40800001	41800000	17313
A04	41600001	42600000	14116
A04	42400001	43400000	15487
A04	43200001	44200000	18803
A04	44000001	45000000	20821
A04	44800001	45800000	17803
A04	45600001	46600000	19561
A04	46400001	47400000	16723
A04	47200001	48200000	21319
A04	48000001	49000000	20114
A04	48800001	49800000	18959
A04	49600001	50600000	16865
A04	50400001	51400000	20536
A04	51200001	52200000	19400
A04	52000001	53000000	16037
A04	52800001	53800000	16636
A04	53600001	54600000	13089
A04	54400001	55400000	17547
A04	55200001	56200000	14803
A04	56000001	57000000	16816
A04	56800001	57800000	14560
A04	57600001	58600000	16596
A04	58400001	59400000	10942
A04	59200001	60200000	12110
A04	60000001	61000000	8041
A04	60800001	61800000	8751
A04	61600001	62600000	5835
A04	62400001	62913772	2023
A05	1	1000000	4741
A05	800001	1800000	3417
A05	1600001	2600000	3233
A05	2400001	3400000	3635
A05	3200001	4200000	2911
A05	4000001	5000000	4034
A05	4800001	5800000	2634
A05	5600001	6600000	3320
A05	6400001	7400000	4441
A05	7200001	8200000	3309
A05	8000001	9000000	2690
A05	8800001	9800000	3555
A05	9600001	10600000	4413
A05	10400001	11400000	3713
A05	11200001	12200000	3135
A05	12000001	13000000	4397
A05	12800001	13800000	6350
A05	13600001	14600000	5546
A05	14400001	15400000	4690
A05	15200001	16200000	5525
A05	16000001	17000000	6905
A05	16800001	17800000	5717
A05	17600001	18600000	7180
A05	18400001	19400000	4230
A05	19200001	20200000	6628
A05	20000001	21000000	10000
A05	20800001	21800000	8430
A05	21600001	22600000	10146
A05	22400001	23400000	14002
A05	23200001	24200000	9419
A05	24000001	25000000	9099
A05	24800001	25800000	11874
A05	25600001	26600000	15018
A05	26400001	27400000	9947
A05	27200001	28200000	11238
A05	28000001	29000000	15515
A05	28800001	29800000	14233
A05	29600001	30600000	15134
A05	30400001	31400000	18169
A05	31200001	32200000	16574
A05	32000001	33000000	16708
A05	32800001	33800000	19412
A05	33600001	34600000	16536
A05	34400001	35400000	18198
A05	35200001	36200000	17319
A05	36000001	37000000	15673
A05	36800001	37800000	19399
A05	37600001	38600000	19210
A05	38400001	39400000	17806
A05	39200001	40200000	18180
A05	40000001	41000000	13819
A05	40800001	41800000	15831
A05	41600001	42600000	17075
A05	42400001	43400000	20373
A05	43200001	44200000	15504
A05	44000001	45000000	18903
A05	44800001	45800000	15194
A05	45600001	46600000	15377
A05	46400001	47400000	18197
A05	47200001	48200000	21882
A05	48000001	49000000	15953
A05	48800001	49800000	14358
A05	49600001	50600000	20039
A05	50400001	51400000	22158
A05	51200001	52200000	18883
A05	52000001	53000000	17871
A05	52800001	53800000	12912
A05	53600001	54600000	18672
A05	54400001	55400000	17835
A05	55200001	56200000	20371
A05	56000001	57000000	15937
A05	56800001	57800000	18488
A05	57600001	58600000	17313
A05	58400001	59400000	14988
A05	59200001	60200000	13315
A05	60000001	61000000	15495
A05	60800001	61800000	18917
A05	61600001	62600000	41688
A05	62400001	63400000	16760
A05	63200001	64200000	13106
A05	64000001	65000000	18876
A05	64800001	65800000	18991
A05	65600001	66600000	17021
A05	66400001	67400000	18098
A05	67200001	68200000	13614
A05	68000001	69000000	14908
A05	68800001	69800000	20824
A05	69600001	70600000	20342
A05	70400001	71400000	17437
A05	71200001	72200000	16174
A05	72000001	73000000	16981
A05	72800001	73800000	17584
A05	73600001	74600000	17171
A05	74400001	75400000	18743
A05	75200001	76200000	17786
A05	76000001	77000000	18865
A05	76800001	77800000	18213
A05	77600001	78600000	13264
A05	78400001	79400000	16734
A05	79200001	80200000	18518
A05	80000001	81000000	17122
A05	80800001	81800000	15034
A05	81600001	82600000	17578
A05	82400001	83400000	16890
A05	83200001	84200000	11571
A05	84000001	85000000	14068
A05	84800001	85800000	13254
A05	85600001	86600000	11153
A05	86400001	87400000	10971
A05	87200001	88200000	9369
A05	88000001	89000000	9048
A05	88800001	89800000	8871
A05	89600001	90600000	10336
A05	90400001	91400000	5817
A05	91200001	92200000	4216
A05	92000001	92047023	175
A06	1	1000000	3798
A06	800001	1800000	7601
A06	1600001	2600000	7841
A06	2400001	3400000	8701
A06	3200001	4200000	11173
A06	4000001	5000000	17052
A06	4800001	5800000	13662
A06	5600001	6600000	14882
A06	6400001	7400000	12341
A06	7200001	8200000	17497
A06	8000001	9000000	16206
A06	8800001	9800000	12593
A06	9600001	10600000	15334
A06	10400001	11400000	17855
A06	11200001	12200000	22072
A06	12000001	13000000	22419
A06	12800001	13800000	16299
A06	13600001	14600000	16290
A06	14400001	15400000	13231
A06	15200001	16200000	15234
A06	16000001	17000000	19808
A06	16800001	17800000	17465
A06	17600001	18600000	19166
A06	18400001	19400000	20209
A06	19200001	20200000	20788
A06	20000001	21000000	23144
A06	20800001	21800000	20821
A06	21600001	22600000	17972
A06	22400001	23400000	19446
A06	23200001	24200000	17523
A06	24000001	25000000	18688
A06	24800001	25800000	17359
A06	25600001	26600000	13579
A06	26400001	27400000	16524
A06	27200001	28200000	20045
A06	28000001	29000000	22017
A06	28800001	29800000	17767
A06	29600001	30600000	14277
A06	30400001	31400000	20329
A06	31200001	32200000	18807
A06	32000001	33000000	17241
A06	32800001	33800000	15770
A06	33600001	34600000	20073
A06	34400001	35400000	17336
A06	35200001	36200000	18554
A06	36000001	37000000	19550
A06	36800001	37800000	19805
A06	37600001	38600000	20829
A06	38400001	39400000	17984
A06	39200001	40200000	22475
A06	40000001	41000000	17742
A06	40800001	41800000	16702
A06	41600001	42600000	17093
A06	42400001	43400000	20120
A06	43200001	44200000	15652
A06	44000001	45000000	15035
A06	44800001	45800000	20120
A06	45600001	46600000	14038
A06	46400001	47400000	13603
A06	47200001	48200000	14387
A06	48000001	49000000	16492
A06	48800001	49800000	18225
A06	49600001	50600000	17074
A06	50400001	51400000	16071
A06	51200001	52200000	16907
A06	52000001	53000000	14769
A06	52800001	53800000	12800
A06	53600001	54600000	14074
A06	54400001	55400000	15411
A06	55200001	56200000	14307
A06	56000001	57000000	11749
A06	56800001	57800000	14340
A06	57600001	58600000	14960
A06	58400001	59400000	17831
A06	59200001	60200000	15911
A06	60000001	61000000	15544
A06	60800001	61800000	17252
A06	61600001	62600000	12504
A06	62400001	63400000	15292
A06	63200001	64200000	18007
A06	64000001	65000000	16023
A06	64800001	65800000	16826
A06	65600001	66600000	19069
A06	66400001	67400000	19434
A06	67200001	68200000	17889
A06	68000001	69000000	17681
A06	68800001	69800000	14044
A06	69600001	70600000	19201
A06	70400001	71400000	13323
A06	71200001	72200000	16128
A06	72000001	73000000	15199
A06	72800001	73800000	18237
A06	73600001	74600000	13648
A06	74400001	75400000	17151
A06	75200001	76200000	18537
A06	76000001	77000000	20396
A06	76800001	77800000	20239
A06	77600001	78600000	19473
A06	78400001	79400000	19466
A06	79200001	80200000	18772
A06	80000001	81000000	16255
A06	80800001	81800000	17495
A06	81600001	82600000	16387
A06	82400001	83400000	16836
A06	83200001	84200000	18488
A06	84000001	85000000	15066
A06	84800001	85800000	17352
A06	85600001	86600000	16063
A06	86400001	87400000	17731
A06	87200001	88200000	17838
A06	88000001	89000000	17364
A06	88800001	89800000	19178
A06	89600001	90600000	18703
A06	90400001	91400000	20613
A06	91200001	92200000	19252
A06	92000001	93000000	18529
A06	92800001	93800000	16047
A06	93600001	94600000	18382
A06	94400001	95400000	16020
A06	95200001	96200000	15125
A06	96000001	97000000	15568
A06	96800001	97800000	13452
A06	97600001	98600000	15749
A06	98400001	99400000	15995
A06	99200001	100200000	11374
A06	100000001	101000000	11906
A06	100800001	101800000	9190
A06	101600001	102600000	4295
A06	102400001	103170444	3353
A07	1	1000000	4695
A07	800001	1800000	3445
A07	1600001	2600000	3985
A07	2400001	3400000	6110
A07	3200001	4200000	6540
A07	4000001	5000000	3839
A07	4800001	5800000	7513
A07	5600001	6600000	8130
A07	6400001	7400000	13529
A07	7200001	8200000	11017
A07	8000001	9000000	8848
A07	8800001	9800000	12220
A07	9600001	10600000	17608
A07	10400001	11400000	19637
A07	11200001	12200000	16414
A07	12000001	13000000	17098
A07	12800001	13800000	16922
A07	13600001	14600000	12558
A07	14400001	15400000	19012
A07	15200001	16200000	17391
A07	16000001	17000000	12500
A07	16800001	17800000	15817
A07	17600001	18600000	12347
A07	18400001	19400000	17515
A07	19200001	20200000	17301
A07	20000001	21000000	16365
A07	20800001	21800000	18032
A07	21600001	22600000	19743
A07	22400001	23400000	14516
A07	23200001	24200000	17747
A07	24000001	25000000	20168
A07	24800001	25800000	16602
A07	25600001	26600000	14245
A07	26400001	27400000	16892
A07	27200001	28200000	23132
A07	28000001	29000000	15396
A07	28800001	29800000	15177
A07	29600001	30600000	20508
A07	30400001	31400000	17869
A07	31200001	32200000	16574
A07	32000001	33000000	15902
A07	32800001	33800000	18048
A07	33600001	34600000	13910
A07	34400001	35400000	14383
A07	35200001	36200000	18912
A07	36000001	37000000	15142
A07	36800001	37800000	17462
A07	37600001	38600000	20876
A07	38400001	39400000	21102
A07	39200001	40200000	16678
A07	40000001	41000000	20862
A07	40800001	41800000	18359
A07	41600001	42600000	16223
A07	42400001	43400000	12615
A07	43200001	44200000	14614
A07	44000001	45000000	18948
A07	44800001	45800000	20465
A07	45600001	46600000	18464
A07	46400001	47400000	14204
A07	47200001	48200000	17387
A07	48000001	49000000	16393
A07	48800001	49800000	12552
A07	49600001	50600000	15335
A07	50400001	51400000	16740
A07	51200001	52200000	19407
A07	52000001	53000000	19298
A07	52800001	53800000	17170
A07	53600001	54600000	15875
A07	54400001	55400000	18900
A07	55200001	56200000	18484
A07	56000001	57000000	16631
A07	56800001	57800000	17180
A07	57600001	58600000	18715
A07	58400001	59400000	16203
A07	59200001	60200000	12621
A07	60000001	61000000	18855
A07	60800001	61800000	18811
A07	61600001	62600000	19652
A07	62400001	63400000	16930
A07	63200001	64200000	17428
A07	64000001	65000000	18093
A07	64800001	65800000	16737
A07	65600001	66600000	21315
A07	66400001	67400000	17152
A07	67200001	68200000	17810
A07	68000001	69000000	31760
A07	68800001	69800000	22037
A07	69600001	70600000	14653
A07	70400001	71400000	14820
A07	71200001	72200000	13301
A07	72000001	73000000	13288
A07	72800001	73800000	8917
A07	73600001	74600000	11829
A07	74400001	75400000	9909
A07	75200001	76200000	11739
A07	76000001	77000000	8751
A07	76800001	77800000	8925
A07	77600001	78251018	7010
A08	1	1000000	4060
A08	800001	1800000	6752
A08	1600001	2600000	8773
A08	2400001	3400000	12212
A08	3200001	4200000	8670
A08	4000001	5000000	12469
A08	4800001	5800000	10159
A08	5600001	6600000	10603
A08	6400001	7400000	14393
A08	7200001	8200000	15829
A08	8000001	9000000	13873
A08	8800001	9800000	15945
A08	9600001	10600000	16788
A08	10400001	11400000	15646
A08	11200001	12200000	19904
A08	12000001	13000000	17728
A08	12800001	13800000	22088
A08	13600001	14600000	18781
A08	14400001	15400000	12867
A08	15200001	16200000	15701
A08	16000001	17000000	17911
A08	16800001	17800000	18282
A08	17600001	18600000	17705
A08	18400001	19400000	18923
A08	19200001	20200000	17082
A08	20000001	21000000	18114
A08	20800001	21800000	16980
A08	21600001	22600000	18403
A08	22400001	23400000	17244
A08	23200001	24200000	17019
A08	24000001	25000000	18158
A08	24800001	25800000	17034
A08	25600001	26600000	17065
A08	26400001	27400000	16491
A08	27200001	28200000	15060
A08	28000001	29000000	11953
A08	28800001	29800000	14862
A08	29600001	30600000	16727
A08	30400001	31400000	12985
A08	31200001	32200000	12445
A08	32000001	33000000	13278
A08	32800001	33800000	14830
A08	33600001	34600000	16673
A08	34400001	35400000	16607
A08	35200001	36200000	17173
A08	36000001	37000000	17331
A08	36800001	37800000	14232
A08	37600001	38600000	14340
A08	38400001	39400000	17517
A08	39200001	40200000	15165
A08	40000001	41000000	17725
A08	40800001	41800000	14610
A08	41600001	42600000	14673
A08	42400001	43400000	16720
A08	43200001	44200000	15719
A08	44000001	45000000	16664
A08	44800001	45800000	10014
A08	45600001	46600000	6740
A08	46400001	47400000	13681
A08	47200001	48200000	16210
A08	48000001	49000000	16187
A08	48800001	49800000	15763
A08	49600001	50600000	14977
A08	50400001	51400000	10683
A08	51200001	52200000	18429
A08	52000001	53000000	16293
A08	52800001	53800000	18394
A08	53600001	54600000	15469
A08	54400001	55400000	7169
A08	55200001	56200000	16929
A08	56000001	57000000	14665
A08	56800001	57800000	14112
A08	57600001	58600000	18969
A08	58400001	59400000	15217
A08	59200001	60200000	17564
A08	60000001	61000000	14517
A08	60800001	61800000	16754
A08	61600001	62600000	15646
A08	62400001	63400000	15660
A08	63200001	64200000	15921
A08	64000001	65000000	18250
A08	64800001	65800000	19609
A08	65600001	66600000	21191
A08	66400001	67400000	18189
A08	67200001	68200000	16332
A08	68000001	69000000	16543
A08	68800001	69800000	16655
A08	69600001	70600000	18798
A08	70400001	71400000	19351
A08	71200001	72200000	19802
A08	72000001	73000000	15591
A08	72800001	73800000	15909
A08	73600001	74600000	19781
A08	74400001	75400000	16055
A08	75200001	76200000	18943
A08	76000001	77000000	19464
A08	76800001	77800000	19466
A08	77600001	78600000	19453
A08	78400001	79400000	20365
A08	79200001	80200000	17565
A08	80000001	81000000	19181
A08	80800001	81800000	19296
A08	81600001	82600000	15950
A08	82400001	83400000	16864
A08	83200001	84200000	15782
A08	84000001	85000000	18306
A08	84800001	85800000	13880
A08	85600001	86600000	18329
A08	86400001	87400000	19147
A08	87200001	88200000	16915
A08	88000001	89000000	17982
A08	88800001	89800000	13283
A08	89600001	90600000	7836
A08	90400001	91400000	15007
A08	91200001	92200000	16647
A08	92000001	93000000	15043
A08	92800001	93800000	20815
A08	93600001	94600000	14569
A08	94400001	95400000	16963
A08	95200001	96200000	7586
A08	96000001	97000000	9475
A08	96800001	97800000	9502
A08	97600001	98600000	7836
A08	98400001	99400000	7356
A08	99200001	100200000	9482
A08	100000001	101000000	6900
A08	100800001	101800000	3363
A08	101600001	102600000	3549
A08	102400001	103400000	4038
A08	103200001	103626341	3412
A09	1	1000000	8864
A09	800001	1800000	9734
A09	1600001	2600000	8561
A09	2400001	3400000	7116
A09	3200001	4200000	10180
A09	4000001	5000000	10243
A09	4800001	5800000	11352
A09	5600001	6600000	8873
A09	6400001	7400000	10673
A09	7200001	8200000	10755
A09	8000001	9000000	12695
A09	8800001	9800000	11753
A09	9600001	10600000	12138
A09	10400001	11400000	12590
A09	11200001	12200000	12476
A09	12000001	13000000	11439
A09	12800001	13800000	13843
A09	13600001	14600000	13065
A09	14400001	15400000	16073
A09	15200001	16200000	16762
A09	16000001	17000000	15210
A09	16800001	17800000	18594
A09	17600001	18600000	16938
A09	18400001	19400000	16377
A09	19200001	20200000	19812
A09	20000001	21000000	18510
A09	20800001	21800000	13972
A09	21600001	22600000	14472
A09	22400001	23400000	18167
A09	23200001	24200000	14193
A09	24000001	25000000	18509
A09	24800001	25800000	12033
A09	25600001	26600000	15296
A09	26400001	27400000	16268
A09	27200001	28200000	15607
A09	28000001	29000000	15364
A09	28800001	29800000	14875
A09	29600001	30600000	14800
A09	30400001	31400000	19679
A09	31200001	32200000	17373
A09	32000001	33000000	16120
A09	32800001	33800000	17734
A09	33600001	34600000	19452
A09	34400001	35400000	17122
A09	35200001	36200000	14235
A09	36000001	37000000	15508
A09	36800001	37800000	19244
A09	37600001	38600000	17491
A09	38400001	39400000	17485
A09	39200001	40200000	18379
A09	40000001	41000000	19234
A09	40800001	41800000	18578
A09	41600001	42600000	20849
A09	42400001	43400000	18409
A09	43200001	44200000	21670
A09	44000001	45000000	19681
A09	44800001	45800000	17425
A09	45600001	46600000	16671
A09	46400001	47400000	17819
A09	47200001	48200000	15007
A09	48000001	49000000	13163
A09	48800001	49800000	17587
A09	49600001	50600000	17987
A09	50400001	51400000	19856
A09	51200001	52200000	17916
A09	52000001	53000000	12606
A09	52800001	53800000	12894
A09	53600001	54600000	17166
A09	54400001	55400000	11865
A09	55200001	56200000	9779
A09	56000001	57000000	16350
A09	56800001	57800000	15335
A09	57600001	58600000	12337
A09	58400001	59400000	11613
A09	59200001	60200000	10981
A09	60000001	61000000	9541
A09	60800001	61800000	12075
A09	61600001	62600000	13591
A09	62400001	63400000	9653
A09	63200001	64200000	11431
A09	64000001	65000000	10309
A09	64800001	65800000	7651
A09	65600001	66600000	11476
A09	66400001	67400000	9524
A09	67200001	68200000	5037
A09	68000001	69000000	5699
A09	68800001	69800000	4112
A09	69600001	70600000	3703
A09	70400001	71400000	4538
A09	71200001	72200000	5404
A09	72000001	73000000	3588
A09	72800001	73800000	2983
A09	73600001	74600000	6097
A09	74400001	74999931	1867
A10	1	1000000	4365
A10	800001	1800000	6279
A10	1600001	2600000	3328
A10	2400001	3400000	3519
A10	3200001	4200000	6351
A10	4000001	5000000	7665
A10	4800001	5800000	9806
A10	5600001	6600000	12838
A10	6400001	7400000	12992
A10	7200001	8200000	18872
A10	8000001	9000000	22020
A10	8800001	9800000	20786
A10	9600001	10600000	15512
A10	10400001	11400000	13568
A10	11200001	12200000	11352
A10	12000001	13000000	9400
A10	12800001	13800000	16294
A10	13600001	14600000	18889
A10	14400001	15400000	18063
A10	15200001	16200000	19079
A10	16000001	17000000	16579
A10	16800001	17800000	16985
A10	17600001	18600000	16424
A10	18400001	19400000	15729
A10	19200001	20200000	19339
A10	20000001	21000000	12699
A10	20800001	21800000	16150
A10	21600001	22600000	17609
A10	22400001	23400000	16200
A10	23200001	24200000	13422
A10	24000001	25000000	14347
A10	24800001	25800000	18994
A10	25600001	26600000	16631
A10	26400001	27400000	16873
A10	27200001	28200000	16801
A10	28000001	29000000	19647
A10	28800001	29800000	16554
A10	29600001	30600000	15587
A10	30400001	31400000	13937
A10	31200001	32200000	18087
A10	32000001	33000000	15081
A10	32800001	33800000	13367
A10	33600001	34600000	20806
A10	34400001	35400000	20538
A10	35200001	36200000	16079
A10	36000001	37000000	12525
A10	36800001	37800000	14969
A10	37600001	38600000	15852
A10	38400001	39400000	16540
A10	39200001	40200000	15073
A10	40000001	41000000	15865
A10	40800001	41800000	12361
A10	41600001	42600000	16518
A10	42400001	43400000	18691
A10	43200001	44200000	15377
A10	44000001	45000000	15959
A10	44800001	45800000	15422
A10	45600001	46600000	18060
A10	46400001	47400000	17075
A10	47200001	48200000	19936
A10	48000001	49000000	17668
A10	48800001	49800000	17838
A10	49600001	50600000	20558
A10	50400001	51400000	18160
A10	51200001	52200000	16504
A10	52000001	53000000	18364
A10	52800001	53800000	14622
A10	53600001	54600000	15716
A10	54400001	55400000	17635
A10	55200001	56200000	13489
A10	56000001	57000000	15618
A10	56800001	57800000	16066
A10	57600001	58600000	18325
A10	58400001	59400000	17587
A10	59200001	60200000	18146
A10	60000001	61000000	19809
A10	60800001	61800000	20840
A10	61600001	62600000	18914
A10	62400001	63400000	14538
A10	63200001	64200000	16825
A10	64000001	65000000	15740
A10	64800001	65800000	16442
A10	65600001	66600000	17647
A10	66400001	67400000	17610
A10	67200001	68200000	14341
A10	68000001	69000000	18878
A10	68800001	69800000	18552
A10	69600001	70600000	18080
A10	70400001	71400000	18551
A10	71200001	72200000	17326
A10	72000001	73000000	16304
A10	72800001	73800000	16539
A10	73600001	74600000	18485
A10	74400001	75400000	16561
A10	75200001	76200000	16071
A10	76000001	77000000	16523
A10	76800001	77800000	18502
A10	77600001	78600000	20612
A10	78400001	79400000	18922
A10	79200001	80200000	20053
A10	80000001	81000000	22204
A10	80800001	81800000	17497
A10	81600001	82600000	20598
A10	82400001	83400000	20790
A10	83200001	84200000	17578
A10	84000001	85000000	18791
A10	84800001	85800000	12365
A10	85600001	86600000	14643
A10	86400001	87400000	15611
A10	87200001	88200000	14822
A10	88000001	89000000	17030
A10	88800001	89800000	19839
A10	89600001	90600000	15772
A10	90400001	91400000	12537
A10	91200001	92200000	11291
A10	92000001	93000000	15490
A10	92800001	93800000	13131
A10	93600001	94600000	13976
A10	94400001	95400000	9352
A10	95200001	96200000	8257
A10	96000001	97000000	8325
A10	96800001	97800000	9753
A10	97600001	98600000	9339
A10	98400001	99400000	7993
A10	99200001	100200000	7297
A10	100000001	101000000	5236
A10	100800001	100866604	168
A11	1	1000000	5926
A11	800001	1800000	4182
A11	1600001	2600000	3705
A11	2400001	3400000	3476
A11	3200001	4200000	5177
A11	4000001	5000000	5206
A11	4800001	5800000	5468
A11	5600001	6600000	4873
A11	6400001	7400000	7698
A11	7200001	8200000	5077
A11	8000001	9000000	6419
A11	8800001	9800000	9762
A11	9600001	10600000	10177
A11	10400001	11400000	8976
A11	11200001	12200000	8826
A11	12000001	13000000	10573
A11	12800001	13800000	12612
A11	13600001	14600000	14834
A11	14400001	15400000	10423
A11	15200001	16200000	12168
A11	16000001	17000000	15865
A11	16800001	17800000	10373
A11	17600001	18600000	12434
A11	18400001	19400000	17424
A11	19200001	20200000	14496
A11	20000001	21000000	12990
A11	20800001	21800000	17073
A11	21600001	22600000	11764
A11	22400001	23400000	15334
A11	23200001	24200000	16815
A11	24000001	25000000	17213
A11	24800001	25800000	16791
A11	25600001	26600000	18565
A11	26400001	27400000	20945
A11	27200001	28200000	18290
A11	28000001	29000000	16958
A11	28800001	29800000	16399
A11	29600001	30600000	18575
A11	30400001	31400000	14799
A11	31200001	32200000	17149
A11	32000001	33000000	19100
A11	32800001	33800000	19066
A11	33600001	34600000	17497
A11	34400001	35400000	15583
A11	35200001	36200000	17733
A11	36000001	37000000	20026
A11	36800001	37800000	20637
A11	37600001	38600000	15305
A11	38400001	39400000	15141
A11	39200001	40200000	13529
A11	40000001	41000000	19431
A11	40800001	41800000	13936
A11	41600001	42600000	12813
A11	42400001	43400000	19568
A11	43200001	44200000	19153
A11	44000001	45000000	14884
A11	44800001	45800000	13689
A11	45600001	46600000	19530
A11	46400001	47400000	17771
A11	47200001	48200000	16565
A11	48000001	49000000	12090
A11	48800001	49800000	17701
A11	49600001	50600000	16953
A11	50400001	51400000	16595
A11	51200001	52200000	17978
A11	52000001	53000000	19954
A11	52800001	53800000	18799
A11	53600001	54600000	17156
A11	54400001	55400000	13463
A11	55200001	56200000	14449
A11	56000001	57000000	17031
A11	56800001	57800000	15443
A11	57600001	58600000	16711
A11	58400001	59400000	14707
A11	59200001	60200000	16352
A11	60000001	61000000	20493
A11	60800001	61800000	16140
A11	61600001	62600000	17010
A11	62400001	63400000	19300
A11	63200001	64200000	19576
A11	64000001	65000000	17596
A11	64800001	65800000	18596
A11	65600001	66600000	15787
A11	66400001	67400000	14579
A11	67200001	68200000	18168
A11	68000001	69000000	20239
A11	68800001	69800000	19531
A11	69600001	70600000	15122
A11	70400001	71400000	19809
A11	71200001	72200000	13805
A11	72000001	73000000	16840
A11	72800001	73800000	16995
A11	73600001	74600000	14625
A11	74400001	75400000	16298
A11	75200001	76200000	16833
A11	76000001	77000000	13668
A11	76800001	77800000	15388
A11	77600001	78600000	17212
A11	78400001	79400000	16598
A11	79200001	80200000	19094
A11	80000001	81000000	14923
A11	80800001	81800000	12179
A11	81600001	82600000	14070
A11	82400001	83400000	10894
A11	83200001	84200000	8360
A11	84000001	85000000	12790
A11	84800001	85800000	11618
A11	85600001	86600000	12802
A11	86400001	87400000	11835
A11	87200001	88200000	9746
A11	88000001	89000000	5467
A11	88800001	89800000	9480
A11	89600001	90600000	9883
A11	90400001	91400000	7408
A11	91200001	92200000	7898
A11	92000001	93000000	7705
A11	92800001	93316192	2069
A12	1	1000000	7717
A12	800001	1800000	9231
A12	1600001	2600000	8749
A12	2400001	3400000	10426
A12	3200001	4200000	11480
A12	4000001	5000000	14761
A12	4800001	5800000	15105
A12	5600001	6600000	15280
A12	6400001	7400000	12114
A12	7200001	8200000	16128
A12	8000001	9000000	13210
A12	8800001	9800000	16242
A12	9600001	10600000	10921
A12	10400001	11400000	16303
A12	11200001	12200000	20951
A12	12000001	13000000	17900
A12	12800001	13800000	14743
A12	13600001	14600000	15911
A12	14400001	15400000	17232
A12	15200001	16200000	19620
A12	16000001	17000000	19648
A12	16800001	17800000	18124
A12	17600001	18600000	20692
A12	18400001	19400000	23565
A12	19200001	20200000	17772
A12	20000001	21000000	20402
A12	20800001	21800000	21477
A12	21600001	22600000	18360
A12	22400001	23400000	19096
A12	23200001	24200000	19305
A12	24000001	25000000	15111
A12	24800001	25800000	13959
A12	25600001	26600000	13778
A12	26400001	27400000	19434
A12	27200001	28200000	18051
A12	28000001	29000000	19977
A12	28800001	29800000	20565
A12	29600001	30600000	19537
A12	30400001	31400000	14385
A12	31200001	32200000	13450
A12	32000001	33000000	16554
A12	32800001	33800000	15286
A12	33600001	34600000	14593
A12	34400001	35400000	14806
A12	35200001	36200000	12833
A12	36000001	37000000	14470
A12	36800001	37800000	14667
A12	37600001	38600000	20204
A12	38400001	39400000	17876
A12	39200001	40200000	19415
A12	40000001	41000000	18558
A12	40800001	41800000	20162
A12	41600001	42600000	19790
A12	42400001	43400000	17077
A12	43200001	44200000	17129
A12	44000001	45000000	17084
A12	44800001	45800000	19165
A12	45600001	46600000	18794
A12	46400001	47400000	15243
A12	47200001	48200000	18289
A12	48000001	49000000	15478
A12	48800001	49800000	19907
A12	49600001	50600000	13457
A12	50400001	51400000	22047
A12	51200001	52200000	17818
A12	52000001	53000000	17171
A12	52800001	53800000	18403
A12	53600001	54600000	17353
A12	54400001	55400000	18836
A12	55200001	56200000	19259
A12	56000001	57000000	20219
A12	56800001	57800000	18340
A12	57600001	58600000	16695
A12	58400001	59400000	18664
A12	59200001	60200000	14477
A12	60000001	61000000	12885
A12	60800001	61800000	14492
A12	61600001	62600000	18863
A12	62400001	63400000	19069
A12	63200001	64200000	15218
A12	64000001	65000000	12307
A12	64800001	65800000	13957
A12	65600001	66600000	12277
A12	66400001	67400000	14656
A12	67200001	68200000	16582
A12	68000001	69000000	16120
A12	68800001	69800000	14170
A12	69600001	70600000	17950
A12	70400001	71400000	17034
A12	71200001	72200000	17515
A12	72000001	73000000	14181
A12	72800001	73800000	13820
A12	73600001	74600000	10786
A12	74400001	75400000	14433
A12	75200001	76200000	15997
A12	76000001	77000000	12890
A12	76800001	77800000	12362
A12	77600001	78600000	9245
A12	78400001	79400000	9910
A12	79200001	80200000	11522
A12	80000001	81000000	7914
A12	80800001	81800000	5888
A12	81600001	82600000	7755
A12	82400001	83400000	6883
A12	83200001	84200000	4802
A12	84000001	85000000	3744
A12	84800001	85800000	3290
A12	85600001	86600000	3376
A12	86400001	87400000	3386
A12	87200001	87484866	905
A13	1	1000000	6891
A13	800001	1800000	8485
A13	1600001	2600000	8708
A13	2400001	3400000	6965
A13	3200001	4200000	7575
A13	4000001	5000000	11100
A13	4800001	5800000	11696
A13	5600001	6600000	15995
A13	6400001	7400000	17616
A13	7200001	8200000	16463
A13	8000001	9000000	18852
A13	8800001	9800000	18379
A13	9600001	10600000	18251
A13	10400001	11400000	12081
A13	11200001	12200000	15271
A13	12000001	13000000	17633
A13	12800001	13800000	15923
A13	13600001	14600000	14449
A13	14400001	15400000	19821
A13	15200001	16200000	17246
A13	16000001	17000000	15196
A13	16800001	17800000	18336
A13	17600001	18600000	17969
A13	18400001	19400000	19567
A13	19200001	20200000	15144
A13	20000001	21000000	17505
A13	20800001	21800000	17304
A13	21600001	22600000	17773
A13	22400001	23400000	18299
A13	23200001	24200000	17309
A13	24000001	25000000	15866
A13	24800001	25800000	17950
A13	25600001	26600000	18528
A13	26400001	27400000	19222
A13	27200001	28200000	17180
A13	28000001	29000000	16198
A13	28800001	29800000	17486
A13	29600001	30600000	17132
A13	30400001	31400000	17812
A13	31200001	32200000	19408
A13	32000001	33000000	14669
A13	32800001	33800000	16627
A13	33600001	34600000	12477
A13	34400001	35400000	13410
A13	35200001	36200000	16994
A13	36000001	37000000	16136
A13	36800001	37800000	17574
A13	37600001	38600000	18683
A13	38400001	39400000	17925
A13	39200001	40200000	17453
A13	40000001	41000000	18961
A13	40800001	41800000	20533
A13	41600001	42600000	15931
A13	42400001	43400000	17165
A13	43200001	44200000	19574
A13	44000001	45000000	16941
A13	44800001	45800000	18817
A13	45600001	46600000	18924
A13	46400001	47400000	20362
A13	47200001	48200000	19857
A13	48000001	49000000	18057
A13	48800001	49800000	19457
A13	49600001	50600000	14662
A13	50400001	51400000	16823
A13	51200001	52200000	14394
A13	52000001	53000000	18401
A13	52800001	53800000	17685
A13	53600001	54600000	21927
A13	54400001	55400000	18736
A13	55200001	56200000	22113
A13	56000001	57000000	18931
A13	56800001	57800000	21464
A13	57600001	58600000	20715
A13	58400001	59400000	18846
A13	59200001	60200000	14229
A13	60000001	61000000	14026
A13	60800001	61800000	12961
A13	61600001	62600000	20091
A13	62400001	63400000	17754
A13	63200001	64200000	13201
A13	64000001	65000000	14142
A13	64800001	65800000	14944
A13	65600001	66600000	16853
A13	66400001	67400000	16421
A13	67200001	68200000	14909
A13	68000001	69000000	14960
A13	68800001	69800000	21746
A13	69600001	70600000	18338
A13	70400001	71400000	15993
A13	71200001	72200000	16854
A13	72000001	73000000	13914
A13	72800001	73800000	8889
A13	73600001	74600000	12506
A13	74400001	75400000	7933
A13	75200001	76200000	6720
A13	76000001	77000000	6158
A13	76800001	77800000	11494
A13	77600001	78600000	5963
A13	78400001	79400000	3813
A13	79200001	79961121	3611
D01	1	1000000	5367
D01	800001	1800000	5143
D01	1600001	2600000	6806
D01	2400001	3400000	7322
D01	3200001	4200000	6305
D01	4000001	5000000	8720
D01	4800001	5800000	8583
D01	5600001	6600000	12668
D01	6400001	7400000	14914
D01	7200001	8200000	14186
D01	8000001	9000000	11340
D01	8800001	9800000	10858
D01	9600001	10600000	10744
D01	10400001	11400000	14858
D01	11200001	12200000	18333
D01	12000001	13000000	16375
D01	12800001	13800000	15234
D01	13600001	14600000	12223
D01	14400001	15400000	15654
D01	15200001	16200000	15466
D01	16000001	17000000	17474
D01	16800001	17800000	16905
D01	17600001	18600000	17917
D01	18400001	19400000	17602
D01	19200001	20200000	17659
D01	20000001	21000000	17188
D01	20800001	21800000	16286
D01	21600001	22600000	17123
D01	22400001	23400000	15720
D01	23200001	24200000	18117
D01	24000001	25000000	16342
D01	24800001	25800000	15669
D01	25600001	26600000	14780
D01	26400001	27400000	14719
D01	27200001	28200000	14446
D01	28000001	29000000	15823
D01	28800001	29800000	15662
D01	29600001	30600000	16566
D01	30400001	31400000	18160
D01	31200001	32200000	16198
D01	32000001	33000000	16503
D01	32800001	33800000	13339
D01	33600001	34600000	15206
D01	34400001	35400000	13663
D01	35200001	36200000	15735
D01	36000001	37000000	13363
D01	36800001	37800000	13376
D01	37600001	38600000	16434
D01	38400001	39400000	17654
D01	39200001	40200000	17611
D01	40000001	41000000	14493
D01	40800001	41800000	16113
D01	41600001	42600000	14216
D01	42400001	43400000	18410
D01	43200001	44200000	17690
D01	44000001	45000000	17480
D01	44800001	45800000	15479
D01	45600001	46600000	14901
D01	46400001	47400000	14055
D01	47200001	48200000	16873
D01	48000001	49000000	17970
D01	48800001	49800000	17632
D01	49600001	50600000	14007
D01	50400001	51400000	16850
D01	51200001	52200000	15696
D01	52000001	53000000	16184
D01	52800001	53800000	12797
D01	53600001	54600000	13773
D01	54400001	55400000	14149
D01	55200001	56200000	13557
D01	56000001	57000000	13514
D01	56800001	57800000	9910
D01	57600001	58600000	10919
D01	58400001	59400000	10125
D01	59200001	60200000	8289
D01	60000001	61000000	5551
D01	60800001	61456009	2089
D02	1	1000000	4085
D02	800001	1800000	5129
D02	1600001	2600000	7587
D02	2400001	3400000	6484
D02	3200001	4200000	5572
D02	4000001	5000000	5902
D02	4800001	5800000	9066
D02	5600001	6600000	9398
D02	6400001	7400000	7002
D02	7200001	8200000	11105
D02	8000001	9000000	11077
D02	8800001	9800000	13575
D02	9600001	10600000	12791
D02	10400001	11400000	14411
D02	11200001	12200000	14598
D02	12000001	13000000	14876
D02	12800001	13800000	13503
D02	13600001	14600000	15263
D02	14400001	15400000	16265
D02	15200001	16200000	16645
D02	16000001	17000000	12932
D02	16800001	17800000	15023
D02	17600001	18600000	17124
D02	18400001	19400000	16579
D02	19200001	20200000	13289
D02	20000001	21000000	14032
D02	20800001	21800000	15822
D02	21600001	22600000	16615
D02	22400001	23400000	17518
D02	23200001	24200000	14279
D02	24000001	25000000	15751
D02	24800001	25800000	15576
D02	25600001	26600000	17002
D02	26400001	27400000	17046
D02	27200001	28200000	14449
D02	28000001	29000000	15580
D02	28800001	29800000	12975
D02	29600001	30600000	13333
D02	30400001	31400000	13650
D02	31200001	32200000	15379
D02	32000001	33000000	15002
D02	32800001	33800000	15399
D02	33600001	34600000	14909
D02	34400001	35400000	17715
D02	35200001	36200000	17525
D02	36000001	37000000	13103
D02	36800001	37800000	15733
D02	37600001	38600000	14173
D02	38400001	39400000	17474
D02	39200001	40200000	17140
D02	40000001	41000000	18583
D02	40800001	41800000	17805
D02	41600001	42600000	14387
D02	42400001	43400000	16385
D02	43200001	44200000	16033
D02	44000001	45000000	16481
D02	44800001	45800000	18519
D02	45600001	46600000	16664
D02	46400001	47400000	15553
D02	47200001	48200000	17526
D02	48000001	49000000	16842
D02	48800001	49800000	17492
D02	49600001	50600000	14749
D02	50400001	51400000	17092
D02	51200001	52200000	17494
D02	52000001	53000000	15356
D02	52800001	53800000	15033
D02	53600001	54600000	16942
D02	54400001	55400000	17578
D02	55200001	56200000	16088
D02	56000001	57000000	13328
D02	56800001	57800000	13887
D02	57600001	58600000	12444
D02	58400001	59400000	14713
D02	59200001	60200000	15256
D02	60000001	61000000	12494
D02	60800001	61800000	13622
D02	61600001	62600000	12528
D02	62400001	63400000	10305
D02	63200001	64200000	5324
D02	64000001	65000000	7526
D02	64800001	65800000	5656
D02	65600001	66600000	4547
D02	66400001	67400000	3356
D02	67200001	67284553	626
D03	1	1000000	5150
D03	800001	1800000	6972
D03	1600001	2600000	8733
D03	2400001	3400000	9505
D03	3200001	4200000	10840
D03	4000001	5000000	14036
D03	4800001	5800000	13089
D03	5600001	6600000	13466
D03	6400001	7400000	16708
D03	7200001	8200000	16859
D03	8000001	9000000	18441
D03	8800001	9800000	17443
D03	9600001	10600000	15330
D03	10400001	11400000	15510
D03	11200001	12200000	16557
D03	12000001	13000000	17832
D03	12800001	13800000	15238
D03	13600001	14600000	13428
D03	14400001	15400000	14895
D03	15200001	16200000	17708
D03	16000001	17000000	17324
D03	16800001	17800000	15502
D03	17600001	18600000	15657
D03	18400001	19400000	14945
D03	19200001	20200000	15971
D03	20000001	21000000	15434
D03	20800001	21800000	18222
D03	21600001	22600000	16125
D03	22400001	23400000	15335
D03	23200001	24200000	17161
D03	24000001	25000000	17206
D03	24800001	25800000	16749
D03	25600001	26600000	16844
D03	26400001	27400000	16601
D03	27200001	28200000	15225
D03	28000001	29000000	16222
D03	28800001	29800000	17914
D03	29600001	30600000	15983
D03	30400001	31400000	15205
D03	31200001	32200000	18017
D03	32000001	33000000	18339
D03	32800001	33800000	17730
D03	33600001	34600000	16449
D03	34400001	35400000	14345
D03	35200001	36200000	13230
D03	36000001	37000000	14888
D03	36800001	37800000	13870
D03	37600001	38600000	12227
D03	38400001	39400000	10546
D03	39200001	40200000	13336
D03	40000001	41000000	11858
D03	40800001	41800000	9557
D03	41600001	42600000	10212
D03	42400001	43400000	6611
D03	43200001	44200000	6874
D03	44000001	45000000	7985
D03	44800001	45800000	6674
D03	45600001	46600000	5145
D03	46400001	46690656	754
D04	1	1000000	6381
D04	800001	1800000	7746
D04	1600001	2600000	7205
D04	2400001	3400000	6834
D04	3200001	4200000	9583
D04	4000001	5000000	7701
D04	4800001	5800000	10878
D04	5600001	6600000	10605
D04	6400001	7400000	13073
D04	7200001	8200000	14975
D04	8000001	9000000	13707
D04	8800001	9800000	12731
D04	9600001	10600000	13433
D04	10400001	11400000	14518
D04	11200001	12200000	16965
D04	12000001	13000000	17416
D04	12800001	13800000	16659
D04	13600001	14600000	16993
D04	14400001	15400000	15919
D04	15200001	16200000	16155
D04	16000001	17000000	16842
D04	16800001	17800000	14030
D04	17600001	18600000	15680
D04	18400001	19400000	16039
D04	19200001	20200000	13994
D04	20000001	21000000	14265
D04	20800001	21800000	10804
D04	21600001	22600000	15265
D04	22400001	23400000	14677
D04	23200001	24200000	18702
D04	24000001	25000000	17008
D04	24800001	25800000	16007
D04	25600001	26600000	16611
D04	26400001	27400000	14570
D04	27200001	28200000	13733
D04	28000001	29000000	15910
D04	28800001	29800000	16539
D04	29600001	30600000	19255
D04	30400001	31400000	17773
D04	31200001	32200000	17516
D04	32000001	33000000	16581
D04	32800001	33800000	17777
D04	33600001	34600000	16974
D04	34400001	35400000	17791
D04	35200001	36200000	17274
D04	36000001	37000000	16904
D04	36800001	37800000	14661
D04	37600001	38600000	17120
D04	38400001	39400000	18439
D04	39200001	40200000	17773
D04	40000001	41000000	15347
D04	40800001	41800000	16346
D04	41600001	42600000	13756
D04	42400001	43400000	14991
D04	43200001	44200000	16018
D04	44000001	45000000	10460
D04	44800001	45800000	14213
D04	45600001	46600000	13537
D04	46400001	47400000	8686
D04	47200001	48200000	7595
D04	48000001	49000000	6234
D04	48800001	49800000	7006
D04	49600001	50600000	6291
D04	50400001	51400000	6291
D04	51200001	51454130	1299
D05	1	1000000	4138
D05	800001	1800000	4024
D05	1600001	2600000	3859
D05	2400001	3400000	2728
D05	3200001	4200000	3900
D05	4000001	5000000	3596
D05	4800001	5800000	3813
D05	5600001	6600000	4511
D05	6400001	7400000	3000
D05	7200001	8200000	3850
D05	8000001	9000000	3404
D05	8800001	9800000	3697
D05	9600001	10600000	4234
D05	10400001	11400000	2917
D05	11200001	12200000	2689
D05	12000001	13000000	3092
D05	12800001	13800000	4296
D05	13600001	14600000	5626
D05	14400001	15400000	4866
D05	15200001	16200000	5326
D05	16000001	17000000	4482
D05	16800001	17800000	4003
D05	17600001	18600000	5658
D05	18400001	19400000	5425
D05	19200001	20200000	6559
D05	20000001	21000000	8980
D05	20800001	21800000	5347
D05	21600001	22600000	7607
D05	22400001	23400000	8772
D05	23200001	24200000	6922
D05	24000001	25000000	8302
D05	24800001	25800000	8989
D05	25600001	26600000	8873
D05	26400001	27400000	9423
D05	27200001	28200000	10007
D05	28000001	29000000	12671
D05	28800001	29800000	13481
D05	29600001	30600000	14235
D05	30400001	31400000	15076
D05	31200001	32200000	10335
D05	32000001	33000000	12409
D05	32800001	33800000	14183
D05	33600001	34600000	17188
D05	34400001	35400000	17402
D05	35200001	36200000	16575
D05	36000001	37000000	14501
D05	36800001	37800000	14838
D05	37600001	38600000	15224
D05	38400001	39400000	15417
D05	39200001	40200000	11921
D05	40000001	41000000	14197
D05	40800001	41800000	17179
D05	41600001	42600000	17093
D05	42400001	43400000	16075
D05	43200001	44200000	17069
D05	44000001	45000000	16834
D05	44800001	45800000	17016
D05	45600001	46600000	31839
D05	46400001	47400000	31162
D05	47200001	48200000	15396
D05	48000001	49000000	14165
D05	48800001	49800000	15249
D05	49600001	50600000	15725
D05	50400001	51400000	12264
D05	51200001	52200000	16854
D05	52000001	53000000	12330
D05	52800001	53800000	8122
D05	53600001	54600000	10732
D05	54400001	55400000	11067
D05	55200001	56200000	8122
D05	56000001	57000000	15324
D05	56800001	57800000	11277
D05	57600001	58600000	14125
D05	58400001	59400000	13017
D05	59200001	60200000	5325
D05	60000001	61000000	8113
D05	60800001	61800000	7821
D05	61600001	61933047	1828
D06	1	1000000	6143
D06	800001	1800000	6295
D06	1600001	2600000	4029
D06	2400001	3400000	4326
D06	3200001	4200000	12332
D06	4000001	5000000	15668
D06	4800001	5800000	10520
D06	5600001	6600000	10883
D06	6400001	7400000	15896
D06	7200001	8200000	14893
D06	8000001	9000000	10817
D06	8800001	9800000	14052
D06	9600001	10600000	14790
D06	10400001	11400000	12862
D06	11200001	12200000	15719
D06	12000001	13000000	15044
D06	12800001	13800000	15223
D06	13600001	14600000	16701
D06	14400001	15400000	17171
D06	15200001	16200000	17589
D06	16000001	17000000	15041
D06	16800001	17800000	14792
D06	17600001	18600000	17067
D06	18400001	19400000	17582
D06	19200001	20200000	13965
D06	20000001	21000000	15303
D06	20800001	21800000	16363
D06	21600001	22600000	15414
D06	22400001	23400000	16750
D06	23200001	24200000	11957
D06	24000001	25000000	16495
D06	24800001	25800000	15434
D06	25600001	26600000	17823
D06	26400001	27400000	14415
D06	27200001	28200000	14666
D06	28000001	29000000	15612
D06	28800001	29800000	14672
D06	29600001	30600000	17772
D06	30400001	31400000	17010
D06	31200001	32200000	16721
D06	32000001	33000000	14132
D06	32800001	33800000	13470
D06	33600001	34600000	15473
D06	34400001	35400000	12452
D06	35200001	36200000	15197
D06	36000001	37000000	19163
D06	36800001	37800000	15235
D06	37600001	38600000	13103
D06	38400001	39400000	12626
D06	39200001	40200000	17454
D06	40000001	41000000	14267
D06	40800001	41800000	17074
D06	41600001	42600000	16237
D06	42400001	43400000	15884
D06	43200001	44200000	15463
D06	44000001	45000000	16165
D06	44800001	45800000	15168
D06	45600001	46600000	15759
D06	46400001	47400000	16810
D06	47200001	48200000	17577
D06	48000001	49000000	15716
D06	48800001	49800000	16241
D06	49600001	50600000	16058
D06	50400001	51400000	14569
D06	51200001	52200000	15569
D06	52000001	53000000	16501
D06	52800001	53800000	14709
D06	53600001	54600000	13301
D06	54400001	55400000	14144
D06	55200001	56200000	12212
D06	56000001	57000000	13907
D06	56800001	57800000	13648
D06	57600001	58600000	12945
D06	58400001	59400000	10768
D06	59200001	60200000	7983
D06	60000001	61000000	9472
D06	60800001	61800000	10157
D06	61600001	62600000	7704
D06	62400001	63400000	7485
D06	63200001	64200000	6452
D06	64000001	64294643	910
D07	1	1000000	2988
D07	800001	1800000	2071
D07	1600001	2600000	3222
D07	2400001	3400000	3152
D07	3200001	4200000	4314
D07	4000001	5000000	3303
D07	4800001	5800000	5454
D07	5600001	6600000	5118
D07	6400001	7400000	5957
D07	7200001	8200000	4983
D07	8000001	9000000	6117
D07	8800001	9800000	7062
D07	9600001	10600000	7601
D07	10400001	11400000	5438
D07	11200001	12200000	8942
D07	12000001	13000000	10129
D07	12800001	13800000	9911
D07	13600001	14600000	11273
D07	14400001	15400000	8331
D07	15200001	16200000	9435
D07	16000001	17000000	9417
D07	16800001	17800000	10151
D07	17600001	18600000	10719
D07	18400001	19400000	8017
D07	19200001	20200000	7783
D07	20000001	21000000	9930
D07	20800001	21800000	10594
D07	21600001	22600000	10893
D07	22400001	23400000	11051
D07	23200001	24200000	11073
D07	24000001	25000000	10869
D07	24800001	25800000	11144
D07	25600001	26600000	11362
D07	26400001	27400000	10128
D07	27200001	28200000	10191
D07	28000001	29000000	12674
D07	28800001	29800000	10814
D07	29600001	30600000	11235
D07	30400001	31400000	10504
D07	31200001	32200000	10206
D07	32000001	33000000	9835
D07	32800001	33800000	9846
D07	33600001	34600000	10003
D07	34400001	35400000	10645
D07	35200001	36200000	9730
D07	36000001	37000000	10112
D07	36800001	37800000	10427
D07	37600001	38600000	10122
D07	38400001	39400000	8842
D07	39200001	40200000	9733
D07	40000001	41000000	11590
D07	40800001	41800000	11786
D07	41600001	42600000	10137
D07	42400001	43400000	10540
D07	43200001	44200000	12211
D07	44000001	45000000	8218
D07	44800001	45800000	8742
D07	45600001	46600000	9589
D07	46400001	47400000	11708
D07	47200001	48200000	11367
D07	48000001	49000000	10847
D07	48800001	49800000	8122
D07	49600001	50600000	5567
D07	50400001	51400000	8082
D07	51200001	52200000	4642
D07	52000001	53000000	6543
D07	52800001	53800000	6696
D07	53600001	54600000	5128
D07	54400001	55400000	6076
D07	55200001	55312611	1463
D08	1	1000000	6781
D08	800001	1800000	6010
D08	1600001	2600000	6409
D08	2400001	3400000	7873
D08	3200001	4200000	8915
D08	4000001	5000000	9625
D08	4800001	5800000	8386
D08	5600001	6600000	11753
D08	6400001	7400000	13563
D08	7200001	8200000	13344
D08	8000001	9000000	14373
D08	8800001	9800000	14468
D08	9600001	10600000	13794
D08	10400001	11400000	16654
D08	11200001	12200000	15969
D08	12000001	13000000	16839
D08	12800001	13800000	18674
D08	13600001	14600000	17600
D08	14400001	15400000	17078
D08	15200001	16200000	23907
D08	16000001	17000000	16266
D08	16800001	17800000	16521
D08	17600001	18600000	16702
D08	18400001	19400000	16096
D08	19200001	20200000	16156
D08	20000001	21000000	14910
D08	20800001	21800000	12811
D08	21600001	22600000	16199
D08	22400001	23400000	14346
D08	23200001	24200000	15958
D08	24000001	25000000	15452
D08	24800001	25800000	14336
D08	25600001	26600000	10014
D08	26400001	27400000	12331
D08	27200001	28200000	11902
D08	28000001	29000000	12168
D08	28800001	29800000	14276
D08	29600001	30600000	14722
D08	30400001	31400000	17439
D08	31200001	32200000	17323
D08	32000001	33000000	14958
D08	32800001	33800000	16397
D08	33600001	34600000	15343
D08	34400001	35400000	15770
D08	35200001	36200000	16418
D08	36000001	37000000	16311
D08	36800001	37800000	17544
D08	37600001	38600000	17621
D08	38400001	39400000	15245
D08	39200001	40200000	17102
D08	40000001	41000000	16494
D08	40800001	41800000	17181
D08	41600001	42600000	15492
D08	42400001	43400000	18190
D08	43200001	44200000	16020
D08	44000001	45000000	16556
D08	44800001	45800000	18091
D08	45600001	46600000	17404
D08	46400001	47400000	14163
D08	47200001	48200000	13378
D08	48000001	49000000	14456
D08	48800001	49800000	13703
D08	49600001	50600000	10738
D08	50400001	51400000	13533
D08	51200001	52200000	15157
D08	52000001	53000000	14296
D08	52800001	53800000	10026
D08	53600001	54600000	13206
D08	54400001	55400000	14322
D08	55200001	56200000	18061
D08	56000001	57000000	14171
D08	56800001	57800000	13133
D08	57600001	58600000	9681
D08	58400001	59400000	10134
D08	59200001	60200000	5806
D08	60000001	61000000	9763
D08	60800001	61800000	8368
D08	61600001	62600000	8441
D08	62400001	63400000	7918
D08	63200001	64200000	5252
D08	64000001	65000000	4528
D08	64800001	65800000	4735
D08	65600001	65894135	1059
D09	1	1000000	12953
D09	800001	1800000	11374
D09	1600001	2600000	11553
D09	2400001	3400000	12981
D09	3200001	4200000	15502
D09	4000001	5000000	14628
D09	4800001	5800000	13298
D09	5600001	6600000	12769
D09	6400001	7400000	13465
D09	7200001	8200000	11432
D09	8000001	9000000	12578
D09	8800001	9800000	16529
D09	9600001	10600000	16116
D09	10400001	11400000	13424
D09	11200001	12200000	14991
D09	12000001	13000000	15654
D09	12800001	13800000	17296
D09	13600001	14600000	14989
D09	14400001	15400000	17273
D09	15200001	16200000	12620
D09	16000001	17000000	13371
D09	16800001	17800000	15479
D09	17600001	18600000	14391
D09	18400001	19400000	16046
D09	19200001	20200000	15803
D09	20000001	21000000	16962
D09	20800001	21800000	16672
D09	21600001	22600000	15235
D09	22400001	23400000	16932
D09	23200001	24200000	15528
D09	24000001	25000000	17198
D09	24800001	25800000	14323
D09	25600001	26600000	16205
D09	26400001	27400000	18246
D09	27200001	28200000	16569
D09	28000001	29000000	14330
D09	28800001	29800000	13415
D09	29600001	30600000	15250
D09	30400001	31400000	12479
D09	31200001	32200000	11478
D09	32000001	33000000	10196
D09	32800001	33800000	10488
D09	33600001	34600000	11142
D09	34400001	35400000	12298
D09	35200001	36200000	9517
D09	36000001	37000000	7738
D09	36800001	37800000	7923
D09	37600001	38600000	7063
D09	38400001	39400000	7306
D09	39200001	40200000	6929
D09	40000001	41000000	8407
D09	40800001	41800000	8479
D09	41600001	42600000	3839
D09	42400001	43400000	5892
D09	43200001	44200000	6191
D09	44000001	45000000	7022
D09	44800001	45800000	7463
D09	45600001	46600000	4596
D09	46400001	47400000	4232
D09	47200001	48200000	3072
D09	48000001	49000000	3594
D09	48800001	49800000	5052
D09	49600001	50600000	5520
D09	50400001	50995436	2087
D10	1	1000000	4369
D10	800001	1800000	3342
D10	1600001	2600000	4316
D10	2400001	3400000	4504
D10	3200001	4200000	6156
D10	4000001	5000000	5506
D10	4800001	5800000	9125
D10	5600001	6600000	10081
D10	6400001	7400000	10825
D10	7200001	8200000	9899
D10	8000001	9000000	10334
D10	8800001	9800000	13012
D10	9600001	10600000	11382
D10	10400001	11400000	13296
D10	11200001	12200000	12448
D10	12000001	13000000	13163
D10	12800001	13800000	14290
D10	13600001	14600000	15753
D10	14400001	15400000	16578
D10	15200001	16200000	14867
D10	16000001	17000000	14808
D10	16800001	17800000	14682
D10	17600001	18600000	15072
D10	18400001	19400000	19610
D10	19200001	20200000	16827
D10	20000001	21000000	13046
D10	20800001	21800000	16865
D10	21600001	22600000	12098
D10	22400001	23400000	13795
D10	23200001	24200000	17392
D10	24000001	25000000	15805
D10	24800001	25800000	14355
D10	25600001	26600000	14844
D10	26400001	27400000	15242
D10	27200001	28200000	17454
D10	28000001	29000000	18429
D10	28800001	29800000	16703
D10	29600001	30600000	16493
D10	30400001	31400000	18811
D10	31200001	32200000	15780
D10	32000001	33000000	13383
D10	32800001	33800000	16664
D10	33600001	34600000	14484
D10	34400001	35400000	13223
D10	35200001	36200000	14787
D10	36000001	37000000	15983
D10	36800001	37800000	14126
D10	37600001	38600000	13615
D10	38400001	39400000	15727
D10	39200001	40200000	14464
D10	40000001	41000000	15535
D10	40800001	41800000	17799
D10	41600001	42600000	15266
D10	42400001	43400000	15401
D10	43200001	44200000	16268
D10	44000001	45000000	13313
D10	44800001	45800000	14145
D10	45600001	46600000	16455
D10	46400001	47400000	16985
D10	47200001	48200000	18264
D10	48000001	49000000	15964
D10	48800001	49800000	15417
D10	49600001	50600000	14471
D10	50400001	51400000	13228
D10	51200001	52200000	14771
D10	52000001	53000000	15083
D10	52800001	53800000	12231
D10	53600001	54600000	11410
D10	54400001	55400000	12652
D10	55200001	56200000	8591
D10	56000001	57000000	11385
D10	56800001	57800000	8820
D10	57600001	58600000	8025
D10	58400001	59400000	11111
D10	59200001	60200000	7923
D10	60000001	61000000	7048
D10	60800001	61800000	9090
D10	61600001	62600000	5264
D10	62400001	63400000	3108
D10	63200001	63374666	312
D11	1	1000000	5226
D11	800001	1800000	5096
D11	1600001	2600000	3816
D11	2400001	3400000	4058
D11	3200001	4200000	4753
D11	4000001	5000000	4995
D11	4800001	5800000	2863
D11	5600001	6600000	6406
D11	6400001	7400000	7543
D11	7200001	8200000	7130
D11	8000001	9000000	6555
D11	8800001	9800000	7548
D11	9600001	10600000	8251
D11	10400001	11400000	10034
D11	11200001	12200000	9380
D11	12000001	13000000	9442
D11	12800001	13800000	8672
D11	13600001	14600000	9006
D11	14400001	15400000	9195
D11	15200001	16200000	11225
D11	16000001	17000000	11981
D11	16800001	17800000	12283
D11	17600001	18600000	12943
D11	18400001	19400000	11972
D11	19200001	20200000	15289
D11	20000001	21000000	15486
D11	20800001	21800000	13521
D11	21600001	22600000	14364
D11	22400001	23400000	14961
D11	23200001	24200000	15331
D11	24000001	25000000	16340
D11	24800001	25800000	16301
D11	25600001	26600000	14732
D11	26400001	27400000	16888
D11	27200001	28200000	15631
D11	28000001	29000000	16704
D11	28800001	29800000	19677
D11	29600001	30600000	15891
D11	30400001	31400000	15613
D11	31200001	32200000	15881
D11	32000001	33000000	15688
D11	32800001	33800000	15705
D11	33600001	34600000	15947
D11	34400001	35400000	16179
D11	35200001	36200000	14570
D11	36000001	37000000	15955
D11	36800001	37800000	15108
D11	37600001	38600000	16326
D11	38400001	39400000	18551
D11	39200001	40200000	13439
D11	40000001	41000000	14099
D11	40800001	41800000	15955
D11	41600001	42600000	17712
D11	42400001	43400000	15800
D11	43200001	44200000	16486
D11	44000001	45000000	18619
D11	44800001	45800000	19049
D11	45600001	46600000	16195
D11	46400001	47400000	15025
D11	47200001	48200000	13492
D11	48000001	49000000	13178
D11	48800001	49800000	14299
D11	49600001	50600000	14836
D11	50400001	51400000	15108
D11	51200001	52200000	15213
D11	52000001	53000000	11685
D11	52800001	53800000	12725
D11	53600001	54600000	12060
D11	54400001	55400000	13169
D11	55200001	56200000	11468
D11	56000001	57000000	12840
D11	56800001	57800000	12650
D11	57600001	58600000	5873
D11	58400001	59400000	8453
D11	59200001	60200000	6360
D11	60000001	61000000	7430
D11	60800001	61800000	7218
D11	61600001	62600000	8267
D11	62400001	63400000	6760
D11	63200001	64200000	6320
D11	64000001	65000000	4728
D11	64800001	65800000	4869
D11	65600001	66087774	2234
D12	1	1000000	7457
D12	800001	1800000	7275
D12	1600001	2600000	8445
D12	2400001	3400000	8977
D12	3200001	4200000	9939
D12	4000001	5000000	13827
D12	4800001	5800000	12092
D12	5600001	6600000	12503
D12	6400001	7400000	12327
D12	7200001	8200000	14173
D12	8000001	9000000	15181
D12	8800001	9800000	16847
D12	9600001	10600000	15682
D12	10400001	11400000	13724
D12	11200001	12200000	13441
D12	12000001	13000000	16691
D12	12800001	13800000	18201
D12	13600001	14600000	16631
D12	14400001	15400000	16452
D12	15200001	16200000	16670
D12	16000001	17000000	16704
D12	16800001	17800000	17065
D12	17600001	18600000	16964
D12	18400001	19400000	15498
D12	19200001	20200000	15855
D12	20000001	21000000	16954
D12	20800001	21800000	16885
D12	21600001	22600000	17388
D12	22400001	23400000	21998
D12	23200001	24200000	13861
D12	24000001	25000000	16422
D12	24800001	25800000	14386
D12	25600001	26600000	17076
D12	26400001	27400000	17210
D12	27200001	28200000	16059
D12	28000001	29000000	13402
D12	28800001	29800000	15568
D12	29600001	30600000	14543
D12	30400001	31400000	15626
D12	31200001	32200000	15552
D12	32000001	33000000	14988
D12	32800001	33800000	14640
D12	33600001	34600000	16789
D12	34400001	35400000	15003
D12	35200001	36200000	13856
D12	36000001	37000000	15622
D12	36800001	37800000	16204
D12	37600001	38600000	15597
D12	38400001	39400000	14722
D12	39200001	40200000	11260
D12	40000001	41000000	14346
D12	40800001	41800000	14318
D12	41600001	42600000	13735
D12	42400001	43400000	11893
D12	43200001	44200000	10754
D12	44000001	45000000	11942
D12	44800001	45800000	13235
D12	45600001	46600000	12896
D12	46400001	47400000	10105
D12	47200001	48200000	9087
D12	48000001	49000000	10995
D12	48800001	49800000	10493
D12	49600001	50600000	7766
D12	50400001	51400000	10131
D12	51200001	52200000	9434
D12	52000001	53000000	8501
D12	52800001	53800000	7676
D12	53600001	54600000	6923
D12	54400001	55400000	8592
D12	55200001	56200000	4971
D12	56000001	57000000	4988
D12	56800001	57800000	4142
D12	57600001	58600000	4367
D12	58400001	59109837	3508
D13	1	1000000	3701
D13	800001	1800000	5672
D13	1600001	2600000	6377
D13	2400001	3400000	6314
D13	3200001	4200000	9162
D13	4000001	5000000	9869
D13	4800001	5800000	10328
D13	5600001	6600000	15747
D13	6400001	7400000	15661
D13	7200001	8200000	14975
D13	8000001	9000000	13965
D13	8800001	9800000	15843
D13	9600001	10600000	17533
D13	10400001	11400000	11882
D13	11200001	12200000	14193
D13	12000001	13000000	15486
D13	12800001	13800000	16135
D13	13600001	14600000	17729
D13	14400001	15400000	15850
D13	15200001	16200000	16369
D13	16000001	17000000	14502
D13	16800001	17800000	14970
D13	17600001	18600000	18482
D13	18400001	19400000	15878
D13	19200001	20200000	15793
D13	20000001	21000000	17665
D13	20800001	21800000	15241
D13	21600001	22600000	15343
D13	22400001	23400000	13552
D13	23200001	24200000	9620
D13	24000001	25000000	16524
D13	24800001	25800000	15423
D13	25600001	26600000	11972
D13	26400001	27400000	13789
D13	27200001	28200000	16491
D13	28000001	29000000	13104
D13	28800001	29800000	19329
D13	29600001	30600000	14280
D13	30400001	31400000	14152
D13	31200001	32200000	15072
D13	32000001	33000000	16763
D13	32800001	33800000	16001
D13	33600001	34600000	15402
D13	34400001	35400000	17195
D13	35200001	36200000	15265
D13	36000001	37000000	16824
D13	36800001	37800000	16554
D13	37600001	38600000	15746
D13	38400001	39400000	13318
D13	39200001	40200000	15716
D13	40000001	41000000	17484
D13	40800001	41800000	15483
D13	41600001	42600000	13952
D13	42400001	43400000	13073
D13	43200001	44200000	14861
D13	44000001	45000000	15660
D13	44800001	45800000	14175
D13	45600001	46600000	14136
D13	46400001	47400000	17079
D13	47200001	48200000	12079
D13	48000001	49000000	14226
D13	48800001	49800000	14660
D13	49600001	50600000	12630
D13	50400001	51400000	13440
D13	51200001	52200000	13916
D13	52000001	53000000	11043
D13	52800001	53800000	9506
D13	53600001	54600000	11749
D13	54400001	55400000	9049
D13	55200001	56200000	10229
D13	56000001	57000000	7512
D13	56800001	57800000	5293
D13	57600001	58600000	4411
D13	58400001	59400000	7334
D13	59200001	60200000	9198
D13	60000001	60534298	2764
