A01	1	1000000	1997
A01	800001	1800000	3853
A01	1600001	2600000	4290
A01	2400001	3400000	9566
A01	3200001	4200000	7908
A01	4000001	5000000	10449
A01	4800001	5800000	11784
A01	5600001	6600000	11500
A01	6400001	7400000	11696
A01	7200001	8200000	9890
A01	8000001	9000000	18054
A01	8800001	9800000	18710
A01	9600001	10600000	17283
A01	10400001	11400000	14799
A01	11200001	12200000	12255
A01	12000001	13000000	13601
A01	12800001	13800000	12943
A01	13600001	14600000	12139
A01	14400001	15400000	22396
A01	15200001	16200000	19897
A01	16000001	17000000	17744
A01	16800001	17800000	17902
A01	17600001	18600000	15456
A01	18400001	19400000	13330
A01	19200001	20200000	13367
A01	20000001	21000000	18576
A01	20800001	21800000	17714
A01	21600001	22600000	19773
A01	22400001	23400000	16912
A01	23200001	24200000	17183
A01	24000001	25000000	18429
A01	24800001	25800000	20149
A01	25600001	26600000	18857
A01	26400001	27400000	18327
A01	27200001	28200000	16059
A01	28000001	29000000	18207
A01	28800001	29800000	24477
A01	29600001	30600000	18374
A01	30400001	31400000	17540
A01	31200001	32200000	21593
A01	32000001	33000000	19527
A01	32800001	33800000	16505
A01	33600001	34600000	18444
A01	34400001	35400000	14474
A01	35200001	36200000	14664
A01	36000001	37000000	15742
A01	36800001	37800000	16647
A01	37600001	38600000	17945
A01	38400001	39400000	14908
A01	39200001	40200000	17576
A01	40000001	41000000	21032
A01	40800001	41800000	19465
A01	41600001	42600000	14712
A01	42400001	43400000	13964
A01	43200001	44200000	18082
A01	44000001	45000000	20504
A01	44800001	45800000	18233
A01	45600001	46600000	17481
A01	46400001	47400000	14165
A01	47200001	48200000	19966
A01	48000001	49000000	18568
A01	48800001	49800000	16795
A01	49600001	50600000	17514
A01	50400001	51400000	17847
A01	51200001	52200000	16283
A01	52000001	53000000	17121
A01	52800001	53800000	21495
A01	53600001	54600000	21082
A01	54400001	55400000	21479
A01	55200001	56200000	19873
A01	56000001	57000000	16119
A01	56800001	57800000	14478
A01	57600001	58600000	18114
A01	58400001	59400000	18176
A01	59200001	60200000	19317
A01	60000001	61000000	18933
A01	60800001	61800000	19244
A01	61600001	62600000	17970
A01	62400001	63400000	14720
A01	63200001	64200000	17779
A01	64000001	65000000	18455
A01	64800001	65800000	15012
A01	65600001	66600000	16213
A01	66400001	67400000	14141
A01	67200001	68200000	12896
A01	68000001	69000000	18288
A01	68800001	69800000	21820
A01	69600001	70600000	15023
A01	70400001	71400000	21501
A01	71200001	72200000	19130
A01	72000001	73000000	18245
A01	72800001	73800000	18433
A01	73600001	74600000	16085
A01	74400001	75400000	19935
A01	75200001	76200000	14497
A01	76000001	77000000	18069
A01	76800001	77800000	18715
A01	77600001	78600000	17700
A01	78400001	79400000	19496
A01	79200001	80200000	16229
A01	80000001	81000000	16029
A01	80800001	81800000	16868
A01	81600001	82600000	16347
A01	82400001	83400000	16936
A01	83200001	84200000	13872
A01	84000001	85000000	17171
A01	84800001	85800000	19551
A01	85600001	86600000	20414
A01	86400001	87400000	18221
A01	87200001	88200000	16931
A01	88000001	89000000	16824
A01	88800001	89800000	20819
A01	89600001	90600000	15084
A01	90400001	91400000	12422
A01	91200001	92200000	16095
A01	92000001	93000000	16135
A01	92800001	93800000	14685
A01	93600001	94600000	13294
A01	94400001	95400000	13001
A01	95200001	96200000	10898
A01	96000001	97000000	14684
A01	96800001	97800000	12536
A01	97600001	98600000	5939
A01	98400001	99400000	4385
A01	99200001	99884700	4275
A02	1	1000000	2758
A02	800001	1800000	3247
A02	1600001	2600000	8807
A02	2400001	3400000	7669
A02	3200001	4200000	6470
A02	4000001	5000000	13590
A02	4800001	5800000	14054
A02	5600001	6600000	13984
A02	6400001	7400000	11289
A02	7200001	8200000	12543
A02	8000001	9000000	15898
A02	8800001	9800000	18334
A02	9600001	10600000	17663
A02	10400001	11400000	14614
A02	11200001	12200000	14895
A02	12000001	13000000	21090
A02	12800001	13800000	19477
A02	13600001	14600000	18598
A02	14400001	15400000	16457
A02	15200001	16200000	17198
A02	16000001	17000000	19176
A02	16800001	17800000	18800
A02	17600001	18600000	18662
A02	18400001	19400000	16381
A02	19200001	20200000	21710
A02	20000001	21000000	16906
A02	20800001	21800000	20020
A02	21600001	22600000	19232
A02	22400001	23400000	15595
A02	23200001	24200000	21239
A02	24000001	25000000	17629
A02	24800001	25800000	20326
A02	25600001	26600000	17580
A02	26400001	27400000	16589
A02	27200001	28200000	16430
A02	28000001	29000000	14963
A02	28800001	29800000	20283
A02	29600001	30600000	17987
A02	30400001	31400000	19270
A02	31200001	32200000	19598
A02	32000001	33000000	19975
A02	32800001	33800000	17074
A02	33600001	34600000	18492
A02	34400001	35400000	17292
A02	35200001	36200000	15184
A02	36000001	37000000	19083
A02	36800001	37800000	19771
A02	37600001	38600000	20877
A02	38400001	39400000	18824
A02	39200001	40200000	17151
A02	40000001	41000000	15330
A02	40800001	41800000	14610
A02	41600001	42600000	19183
A02	42400001	43400000	20627
A02	43200001	44200000	18411
A02	44000001	45000000	17575
A02	44800001	45800000	19394
A02	45600001	46600000	18211
A02	46400001	47400000	17882
A02	47200001	48200000	18003
A02	48000001	49000000	17223
A02	48800001	49800000	17228
A02	49600001	50600000	21591
A02	50400001	51400000	18781
A02	51200001	52200000	19609
A02	52000001	53000000	16314
A02	52800001	53800000	20259
A02	53600001	54600000	17989
A02	54400001	55400000	18802
A02	55200001	56200000	15350
A02	56000001	57000000	16631
A02	56800001	57800000	17396
A02	57600001	58600000	19735
A02	58400001	59400000	17065
A02	59200001	60200000	21381
A02	60000001	61000000	15468
A02	60800001	61800000	16286
A02	61600001	62600000	16823
A02	62400001	63400000	19022
A02	63200001	64200000	16290
A02	64000001	65000000	15473
A02	64800001	65800000	16127
A02	65600001	66600000	18223
A02	66400001	67400000	18291
A02	67200001	68200000	16327
A02	68000001	69000000	16504
A02	68800001	69800000	22871
A02	69600001	70600000	15706
A02	70400001	71400000	18934
A02	71200001	72200000	21247
A02	72000001	73000000	23452
A02	72800001	73800000	18797
A02	73600001	74600000	18887
A02	74400001	75400000	16695
A02	75200001	76200000	14752
A02	76000001	77000000	18838
A02	76800001	77800000	20983
A02	77600001	78600000	15318
A02	78400001	79400000	10835
A02	79200001	80200000	10793
A02	80000001	81000000	10523
A02	80800001	81800000	9654
A02	81600001	82600000	6499
A02	82400001	83400000	1335
A02	83200001	83447906	313
A03	1	1000000	9252
A03	800001	1800000	6452
A03	1600001	2600000	4805
A03	2400001	3400000	5162
A03	3200001	4200000	8144
A03	4000001	5000000	10150
A03	4800001	5800000	15777
A03	5600001	6600000	13344
A03	6400001	7400000	11094
A03	7200001	8200000	14552
A03	8000001	9000000	16398
A03	8800001	9800000	17591
A03	9600001	10600000	14380
A03	10400001	11400000	17255
A03	11200001	12200000	16296
A03	12000001	13000000	16643
A03	12800001	13800000	20652
A03	13600001	14600000	18057
A03	14400001	15400000	18600
A03	15200001	16200000	19835
A03	16000001	17000000	16390
A03	16800001	17800000	16893
A03	17600001	18600000	20542
A03	18400001	19400000	19550
A03	19200001	20200000	16372
A03	20000001	21000000	20042
A03	20800001	21800000	17902
A03	21600001	22600000	13692
A03	22400001	23400000	18540
A03	23200001	24200000	16346
A03	24000001	25000000	18172
A03	24800001	25800000	16482
A03	25600001	26600000	15022
A03	26400001	27400000	14316
A03	27200001	28200000	17906
A03	28000001	29000000	14975
A03	28800001	29800000	16585
A03	29600001	30600000	15564
A03	30400001	31400000	16274
A03	31200001	32200000	15118
A03	32000001	33000000	18001
A03	32800001	33800000	21084
A03	33600001	34600000	14344
A03	34400001	35400000	17879
A03	35200001	36200000	8487
A03	36000001	37000000	14797
A03	36800001	37800000	13620
A03	37600001	38600000	15328
A03	38400001	39400000	18511
A03	39200001	40200000	19586
A03	40000001	41000000	16628
A03	40800001	41800000	13660
A03	41600001	42600000	16453
A03	42400001	43400000	13178
A03	43200001	44200000	17560
A03	44000001	45000000	19826
A03	44800001	45800000	20803
A03	45600001	46600000	17011
A03	46400001	47400000	13757
A03	47200001	48200000	15789
A03	48000001	49000000	20474
A03	48800001	49800000	17607
A03	49600001	50600000	12053
A03	50400001	51400000	11972
A03	51200001	52200000	14517
A03	52000001	53000000	14947
A03	52800001	53800000	14229
A03	53600001	54600000	14268
A03	54400001	55400000	13429
A03	55200001	56200000	16186
A03	56000001	57000000	15918
A03	56800001	57800000	15472
A03	57600001	58600000	16937
A03	58400001	59400000	21316
A03	59200001	60200000	19006
A03	60000001	61000000	16729
A03	60800001	61800000	17394
A03	61600001	62600000	15654
A03	62400001	63400000	18610
A03	63200001	64200000	18616
A03	64000001	65000000	21547
A03	64800001	65800000	20483
A03	65600001	66600000	23414
A03	66400001	67400000	17729
A03	67200001	68200000	19508
A03	68000001	69000000	18269
A03	68800001	69800000	16653
A03	69600001	70600000	15061
A03	70400001	71400000	17379
A03	71200001	72200000	17700
A03	72000001	73000000	19739
A03	72800001	73800000	15089
A03	73600001	74600000	18758
A03	74400001	75400000	15344
A03	75200001	76200000	16713
A03	76000001	77000000	17869
A03	76800001	77800000	20391
A03	77600001	78600000	19570
A03	78400001	79400000	19725
A03	79200001	80200000	21328
A03	80000001	81000000	13463
A03	80800001	81800000	14960
A03	81600001	82600000	19842
A03	82400001	83400000	19649
A03	83200001	84200000	15859
A03	84000001	85000000	16353
A03	84800001	85800000	16110
A03	85600001	86600000	16004
A03	86400001	87400000	14982
A03	87200001	88200000	21394
A03	88000001	89000000	16257
A03	88800001	89800000	17230
A03	89600001	90600000	19397
A03	90400001	91400000	13960
A03	91200001	92200000	16332
A03	92000001	93000000	15841
A03	92800001	93800000	15324
A03	93600001	94600000	12269
A03	94400001	95400000	10660
A03	95200001	96200000	9995
A03	96000001	97000000	13345
A03	96800001	97800000	4294
A03	97600001	98600000	6088
A03	98400001	99400000	4241
A03	99200001	100200000	2709
A03	100000001	100263045	1042
A04	1	1000000	9677
A04	800001	1800000	7448
A04	1600001	2600000	10386
A04	2400001	3400000	12901
A04	3200001	4200000	9929
A04	4000001	5000000	8511
A04	4800001	5800000	16270
A04	5600001	6600000	14923
A04	6400001	7400000	13466
A04	7200001	8200000	16521
A04	8000001	9000000	17919
A04	8800001	9800000	17431
A04	9600001	10600000	18780
A04	10400001	11400000	15559
A04	11200001	12200000	15680
A04	12000001	13000000	17055
A04	12800001	13800000	16542
A04	13600001	14600000	17551
A04	14400001	15400000	21258
A04	15200001	16200000	18553
A04	16000001	17000000	19623
A04	16800001	17800000	17533
A04	17600001	18600000	16784
A04	18400001	19400000	17347
A04	19200001	20200000	16506
A04	20000001	21000000	18673
A04	20800001	21800000	14967
A04	21600001	22600000	16956
A04	22400001	23400000	12871
A04	23200001	24200000	17284
A04	24000001	25000000	16914
A04	24800001	25800000	16653
A04	25600001	26600000	18075
A04	26400001	27400000	17743
A04	27200001	28200000	20342
A04	28000001	29000000	15097
A04	28800001	29800000	14359
A04	29600001	30600000	18311
A04	30400001	31400000	17883
A04	31200001	32200000	17104
A04	32000001	33000000	16656
A04	32800001	33800000	12210
A04	33600001	34600000	13898
A04	34400001	35400000	18008
A04	35200001	36200000	19025
A04	36000001	37000000	17082
A04	36800001	37800000	18730
A04	37600001	38600000	17185
A04	38400001	39400000	19809
A04	39200001	40200000	17865
A04	40000001	41000000	20129
A04	40800001	41800000	16235
A04	41600001	42600000	14306
A04	42400001	43400000	14127
A04	43200001	44200000	17428
A04	44000001	45000000	19700
A04	44800001	45800000	17472
A04	45600001	46600000	19399
A04	46400001	47400000	16291
A04	47200001	48200000	21208
A04	48000001	49000000	18867
A04	48800001	49800000	18138
A04	49600001	50600000	16436
A04	50400001	51400000	20439
A04	51200001	52200000	19286
A04	52000001	53000000	16218
A04	52800001	53800000	16500
A04	53600001	54600000	12762
A04	54400001	55400000	17200
A04	55200001	56200000	13901
A04	56000001	57000000	17064
A04	56800001	57800000	14606
A04	57600001	58600000	16718
A04	58400001	59400000	11483
A04	59200001	60200000	11405
A04	60000001	61000000	6833
A04	60800001	61800000	8106
A04	61600001	62600000	4135
A04	62400001	62913772	915
A05	1	1000000	4693
A05	800001	1800000	2924
A05	1600001	2600000	3194
A05	2400001	3400000	3101
A05	3200001	4200000	2239
A05	4000001	5000000	3486
A05	4800001	5800000	2037
A05	5600001	6600000	2516
A05	6400001	7400000	3695
A05	7200001	8200000	2876
A05	8000001	9000000	1980
A05	8800001	9800000	2937
A05	9600001	10600000	3636
A05	10400001	11400000	3030
A05	11200001	12200000	2858
A05	12000001	13000000	4258
A05	12800001	13800000	6386
A05	13600001	14600000	5243
A05	14400001	15400000	4124
A05	15200001	16200000	5119
A05	16000001	17000000	6537
A05	16800001	17800000	5144
A05	17600001	18600000	7349
A05	18400001	19400000	3700
A05	19200001	20200000	5388
A05	20000001	21000000	8926
A05	20800001	21800000	7841
A05	21600001	22600000	9992
A05	22400001	23400000	14586
A05	23200001	24200000	9295
A05	24000001	25000000	8759
A05	24800001	25800000	11372
A05	25600001	26600000	14679
A05	26400001	27400000	9686
A05	27200001	28200000	11188
A05	28000001	29000000	15320
A05	28800001	29800000	14828
A05	29600001	30600000	15057
A05	30400001	31400000	19464
A05	31200001	32200000	18190
A05	32000001	33000000	16562
A05	32800001	33800000	21136
A05	33600001	34600000	17694
A05	34400001	35400000	17917
A05	35200001	36200000	17856
A05	36000001	37000000	16449
A05	36800001	37800000	20792
A05	37600001	38600000	20486
A05	38400001	39400000	20250
A05	39200001	40200000	18557
A05	40000001	41000000	15182
A05	40800001	41800000	16598
A05	41600001	42600000	17129
A05	42400001	43400000	20262
A05	43200001	44200000	16128
A05	44000001	45000000	19436
A05	44800001	45800000	15178
A05	45600001	46600000	14674
A05	46400001	47400000	18587
A05	47200001	48200000	21640
A05	48000001	49000000	16299
A05	48800001	49800000	14735
A05	49600001	50600000	20592
A05	50400001	51400000	23733
A05	51200001	52200000	19831
A05	52000001	53000000	19322
A05	52800001	53800000	13257
A05	53600001	54600000	18905
A05	54400001	55400000	18340
A05	55200001	56200000	19711
A05	56000001	57000000	15942
A05	56800001	57800000	19373
A05	57600001	58600000	17592
A05	58400001	59400000	15313
A05	59200001	60200000	13082
A05	60000001	61000000	16571
A05	60800001	61800000	19363
A05	61600001	62600000	33119
A05	62400001	63400000	16938
A05	63200001	64200000	12729
A05	64000001	65000000	19632
A05	64800001	65800000	20139
A05	65600001	66600000	18197
A05	66400001	67400000	18213
A05	67200001	68200000	13461
A05	68000001	69000000	14853
A05	68800001	69800000	21481
A05	69600001	70600000	20603
A05	70400001	71400000	17261
A05	71200001	72200000	15696
A05	72000001	73000000	17242
A05	72800001	73800000	18009
A05	73600001	74600000	16701
A05	74400001	75400000	18129
A05	75200001	76200000	17855
A05	76000001	77000000	19315
A05	76800001	77800000	18719
A05	77600001	78600000	13337
A05	78400001	79400000	16143
A05	79200001	80200000	17918
A05	80000001	81000000	15771
A05	80800001	81800000	14965
A05	81600001	82600000	18434
A05	82400001	83400000	17929
A05	83200001	84200000	11204
A05	84000001	85000000	14191
A05	84800001	85800000	13489
A05	85600001	86600000	10913
A05	86400001	87400000	10412
A05	87200001	88200000	9169
A05	88000001	89000000	8806
A05	88800001	89800000	8786
A05	89600001	90600000	10087
A05	90400001	91400000	4997
A05	91200001	92200000	3125
A05	92000001	92047023	117
A06	1	1000000	2559
A06	800001	1800000	6848
A06	1600001	2600000	7375
A06	2400001	3400000	7896
A06	3200001	4200000	10404
A06	4000001	5000000	18424
A06	4800001	5800000	13965
A06	5600001	6600000	15447
A06	6400001	7400000	11910
A06	7200001	8200000	17889
A06	8000001	9000000	16490
A06	8800001	9800000	13741
A06	9600001	10600000	15553
A06	10400001	11400000	17245
A06	11200001	12200000	21834
A06	12000001	13000000	21765
A06	12800001	13800000	16671
A06	13600001	14600000	15875
A06	14400001	15400000	13413
A06	15200001	16200000	15011
A06	16000001	17000000	20363
A06	16800001	17800000	17285
A06	17600001	18600000	19419
A06	18400001	19400000	19449
A06	19200001	20200000	20395
A06	20000001	21000000	23139
A06	20800001	21800000	20550
A06	21600001	22600000	18151
A06	22400001	23400000	18516
A06	23200001	24200000	17289
A06	24000001	25000000	18388
A06	24800001	25800000	17224
A06	25600001	26600000	12555
A06	26400001	27400000	17143
A06	27200001	28200000	19987
A06	28000001	29000000	22185
A06	28800001	29800000	18531
A06	29600001	30600000	14295
A06	30400001	31400000	19201
A06	31200001	32200000	18838
A06	32000001	33000000	16918
A06	32800001	33800000	15561
A06	33600001	34600000	20107
A06	34400001	35400000	17017
A06	35200001	36200000	18493
A06	36000001	37000000	19485
A06	36800001	37800000	20327
A06	37600001	38600000	21232
A06	38400001	39400000	18400
A06	39200001	40200000	22852
A06	40000001	41000000	17804
A06	40800001	41800000	16431
A06	41600001	42600000	17320
A06	42400001	43400000	20515
A06	43200001	44200000	15323
A06	44000001	45000000	15198
A06	44800001	45800000	20629
A06	45600001	46600000	14210
A06	46400001	47400000	14027
A06	47200001	48200000	13824
A06	48000001	49000000	17107
A06	48800001	49800000	18456
A06	49600001	50600000	15933
A06	50400001	51400000	15325
A06	51200001	52200000	17269
A06	52000001	53000000	15827
A06	52800001	53800000	13422
A06	53600001	54600000	14819
A06	54400001	55400000	15274
A06	55200001	56200000	15033
A06	56000001	57000000	12836
A06	56800001	57800000	13958
A06	57600001	58600000	15031
A06	58400001	59400000	17346
A06	59200001	60200000	15238
A06	60000001	61000000	15897
A06	60800001	61800000	17575
A06	61600001	62600000	12752
A06	62400001	63400000	15054
A06	63200001	64200000	18149
A06	64000001	65000000	15744
A06	64800001	65800000	16472
A06	65600001	66600000	19521
A06	66400001	67400000	19664
A06	67200001	68200000	17455
A06	68000001	69000000	17224
A06	68800001	69800000	13576
A06	69600001	70600000	18510
A06	70400001	71400000	13236
A06	71200001	72200000	16821
A06	72000001	73000000	14724
A06	72800001	73800000	18009
A06	73600001	74600000	13452
A06	74400001	75400000	17044
A06	75200001	76200000	17790
A06	76000001	77000000	20009
A06	76800001	77800000	20273
A06	77600001	78600000	18916
A06	78400001	79400000	19669
A06	79200001	80200000	17669
A06	80000001	81000000	16062
A06	80800001	81800000	17938
A06	81600001	82600000	16797
A06	82400001	83400000	17399
A06	83200001	84200000	17801
A06	84000001	85000000	15258
A06	84800001	85800000	17410
A06	85600001	86600000	15625
A06	86400001	87400000	17779
A06	87200001	88200000	17670
A06	88000001	89000000	18260
A06	88800001	89800000	19192
A06	89600001	90600000	18243
A06	90400001	91400000	21334
A06	91200001	92200000	20540
A06	92000001	93000000	19337
A06	92800001	93800000	16705
A06	93600001	94600000	18857
A06	94400001	95400000	16091
A06	95200001	96200000	14898
A06	96000001	97000000	15339
A06	96800001	97800000	13445
A06	97600001	98600000	15917
A06	98400001	99400000	16297
A06	99200001	100200000	11432
A06	100000001	101000000	11735
A06	100800001	101800000	9077
A06	101600001	102600000	3422
A06	102400001	103170444	1883
A07	1	1000000	3934
A07	800001	1800000	2495
A07	1600001	2600000	3220
A07	2400001	3400000	5669
A07	3200001	4200000	6030
A07	4000001	5000000	3191
A07	4800001	5800000	6608
A07	5600001	6600000	7530
A07	6400001	7400000	13499
A07	7200001	8200000	10594
A07	8000001	9000000	8428
A07	8800001	9800000	12900
A07	9600001	10600000	17653
A07	10400001	11400000	20521
A07	11200001	12200000	17736
A07	12000001	13000000	17104
A07	12800001	13800000	16631
A07	13600001	14600000	12782
A07	14400001	15400000	19538
A07	15200001	16200000	16997
A07	16000001	17000000	13093
A07	16800001	17800000	16119
A07	17600001	18600000	12158
A07	18400001	19400000	17342
A07	19200001	20200000	17281
A07	20000001	21000000	15906
A07	20800001	21800000	18713
A07	21600001	22600000	20126
A07	22400001	23400000	14055
A07	23200001	24200000	17920
A07	24000001	25000000	19610
A07	24800001	25800000	15936
A07	25600001	26600000	14735
A07	26400001	27400000	17018
A07	27200001	28200000	23693
A07	28000001	29000000	15737
A07	28800001	29800000	15492
A07	29600001	30600000	19517
A07	30400001	31400000	17305
A07	31200001	32200000	16112
A07	32000001	33000000	16791
A07	32800001	33800000	18620
A07	33600001	34600000	14241
A07	34400001	35400000	14245
A07	35200001	36200000	17927
A07	36000001	37000000	15239
A07	36800001	37800000	17619
A07	37600001	38600000	21272
A07	38400001	39400000	21334
A07	39200001	40200000	16350
A07	40000001	41000000	21318
A07	40800001	41800000	19188
A07	41600001	42600000	16012
A07	42400001	43400000	12288
A07	43200001	44200000	14125
A07	44000001	45000000	18618
A07	44800001	45800000	20419
A07	45600001	46600000	18978
A07	46400001	47400000	14700
A07	47200001	48200000	17421
A07	48000001	49000000	16990
A07	48800001	49800000	12603
A07	49600001	50600000	15891
A07	50400001	51400000	15512
A07	51200001	52200000	19560
A07	52000001	53000000	19628
A07	52800001	53800000	17452
A07	53600001	54600000	15501
A07	54400001	55400000	18945
A07	55200001	56200000	18782
A07	56000001	57000000	16458
A07	56800001	57800000	16747
A07	57600001	58600000	19293
A07	58400001	59400000	16292
A07	59200001	60200000	12516
A07	60000001	61000000	18379
A07	60800001	61800000	19489
A07	61600001	62600000	19681
A07	62400001	63400000	17469
A07	63200001	64200000	17482
A07	64000001	65000000	18333
A07	64800001	65800000	17931
A07	65600001	66600000	20197
A07	66400001	67400000	17025
A07	67200001	68200000	18968
A07	68000001	69000000	25879
A07	68800001	69800000	20971
A07	69600001	70600000	15347
A07	70400001	71400000	16431
A07	71200001	72200000	14697
A07	72000001	73000000	12585
A07	72800001	73800000	8613
A07	73600001	74600000	11464
A07	74400001	75400000	8841
A07	75200001	76200000	11968
A07	76000001	77000000	8006
A07	76800001	77800000	8815
A07	77600001	78251018	6428
A08	1	1000000	2465
A08	800001	1800000	5569
A08	1600001	2600000	7745
A08	2400001	3400000	11345
A08	3200001	4200000	7243
A08	4000001	5000000	12312
A08	4800001	5800000	9916
A08	5600001	6600000	9689
A08	6400001	7400000	13435
A08	7200001	8200000	15196
A08	8000001	9000000	13877
A08	8800001	9800000	18098
A08	9600001	10600000	16868
A08	10400001	11400000	15578
A08	11200001	12200000	20365
A08	12000001	13000000	17837
A08	12800001	13800000	20688
A08	13600001	14600000	18499
A08	14400001	15400000	13036
A08	15200001	16200000	15463
A08	16000001	17000000	17477
A08	16800001	17800000	18918
A08	17600001	18600000	18580
A08	18400001	19400000	19576
A08	19200001	20200000	17251
A08	20000001	21000000	17832
A08	20800001	21800000	17694
A08	21600001	22600000	18865
A08	22400001	23400000	18286
A08	23200001	24200000	16540
A08	24000001	25000000	18021
A08	24800001	25800000	17900
A08	25600001	26600000	17488
A08	26400001	27400000	16694
A08	27200001	28200000	15175
A08	28000001	29000000	12431
A08	28800001	29800000	16376
A08	29600001	30600000	15917
A08	30400001	31400000	12389
A08	31200001	32200000	12058
A08	32000001	33000000	12338
A08	32800001	33800000	14751
A08	33600001	34600000	16552
A08	34400001	35400000	17192
A08	35200001	36200000	17291
A08	36000001	37000000	17266
A08	36800001	37800000	14501
A08	37600001	38600000	14326
A08	38400001	39400000	17008
A08	39200001	40200000	15011
A08	40000001	41000000	17533
A08	40800001	41800000	13682
A08	41600001	42600000	14278
A08	42400001	43400000	17503
A08	43200001	44200000	16410
A08	44000001	45000000	16954
A08	44800001	45800000	9898
A08	45600001	46600000	6598
A08	46400001	47400000	12820
A08	47200001	48200000	16043
A08	48000001	49000000	15926
A08	48800001	49800000	15949
A08	49600001	50600000	15170
A08	50400001	51400000	10658
A08	51200001	52200000	17779
A08	52000001	53000000	15763
A08	52800001	53800000	18575
A08	53600001	54600000	15037
A08	54400001	55400000	7483
A08	55200001	56200000	17234
A08	56000001	57000000	13871
A08	56800001	57800000	14421
A08	57600001	58600000	18531
A08	58400001	59400000	14588
A08	59200001	60200000	16802
A08	60000001	61000000	13320
A08	60800001	61800000	16173
A08	61600001	62600000	15278
A08	62400001	63400000	15411
A08	63200001	64200000	16812
A08	64000001	65000000	18709
A08	64800001	65800000	20622
A08	65600001	66600000	22238
A08	66400001	67400000	18121
A08	67200001	68200000	15685
A08	68000001	69000000	16951
A08	68800001	69800000	17376
A08	69600001	70600000	19414
A08	70400001	71400000	18959
A08	71200001	72200000	19876
A08	72000001	73000000	15410
A08	72800001	73800000	15481
A08	73600001	74600000	19878
A08	74400001	75400000	15805
A08	75200001	76200000	18223
A08	76000001	77000000	19252
A08	76800001	77800000	18580
A08	77600001	78600000	18695
A08	78400001	79400000	20200
A08	79200001	80200000	17248
A08	80000001	81000000	19919
A08	80800001	81800000	18850
A08	81600001	82600000	15077
A08	82400001	83400000	16304
A08	83200001	84200000	16210
A08	84000001	85000000	18735
A08	84800001	85800000	14000
A08	85600001	86600000	18268
A08	86400001	87400000	18564
A08	87200001	88200000	17073
A08	88000001	89000000	18589
A08	88800001	89800000	13745
A08	89600001	90600000	7725
A08	90400001	91400000	14160
A08	91200001	92200000	16923
A08	92000001	93000000	15634
A08	92800001	93800000	20521
A08	93600001	94600000	15378
A08	94400001	95400000	16829
A08	95200001	96200000	7376
A08	96000001	97000000	8901
A08	96800001	97800000	9070
A08	97600001	98600000	7874
A08	98400001	99400000	7916
A08	99200001	100200000	9382
A08	100000001	101000000	6164
A08	100800001	101800000	2102
A08	101600001	102600000	2118
A08	102400001	103400000	2420
A08	103200001	103626341	3077
A09	1	1000000	9105
A09	800001	1800000	9524
A09	1600001	2600000	8707
A09	2400001	3400000	6891
A09	3200001	4200000	9915
A09	4000001	5000000	11698
A09	4800001	5800000	11534
A09	5600001	6600000	9585
A09	6400001	7400000	11866
A09	7200001	8200000	11374
A09	8000001	9000000	13223
A09	8800001	9800000	11930
A09	9600001	10600000	12848
A09	10400001	11400000	13087
A09	11200001	12200000	12955
A09	12000001	13000000	12047
A09	12800001	13800000	14370
A09	13600001	14600000	13026
A09	14400001	15400000	15422
A09	15200001	16200000	16185
A09	16000001	17000000	14508
A09	16800001	17800000	18715
A09	17600001	18600000	17959
A09	18400001	19400000	15907
A09	19200001	20200000	19344
A09	20000001	21000000	17586
A09	20800001	21800000	13952
A09	21600001	22600000	14838
A09	22400001	23400000	18552
A09	23200001	24200000	13963
A09	24000001	25000000	17054
A09	24800001	25800000	11212
A09	25600001	26600000	15245
A09	26400001	27400000	16517
A09	27200001	28200000	15579
A09	28000001	29000000	15277
A09	28800001	29800000	13558
A09	29600001	30600000	15361
A09	30400001	31400000	19341
A09	31200001	32200000	17282
A09	32000001	33000000	16035
A09	32800001	33800000	17083
A09	33600001	34600000	20449
A09	34400001	35400000	17390
A09	35200001	36200000	13790
A09	36000001	37000000	15823
A09	36800001	37800000	19771
A09	37600001	38600000	17335
A09	38400001	39400000	17401
A09	39200001	40200000	18118
A09	40000001	41000000	18724
A09	40800001	41800000	18555
A09	41600001	42600000	22320
A09	42400001	43400000	18372
A09	43200001	44200000	22264
A09	44000001	45000000	21212
A09	44800001	45800000	17850
A09	45600001	46600000	18506
A09	46400001	47400000	18713
A09	47200001	48200000	14653
A09	48000001	49000000	12808
A09	48800001	49800000	17182
A09	49600001	50600000	17593
A09	50400001	51400000	20989
A09	51200001	52200000	18961
A09	52000001	53000000	12136
A09	52800001	53800000	13554
A09	53600001	54600000	18089
A09	54400001	55400000	11161
A09	55200001	56200000	9137
A09	56000001	57000000	16716
A09	56800001	57800000	14244
A09	57600001	58600000	11521
A09	58400001	59400000	11042
A09	59200001	60200000	10024
A09	60000001	61000000	8610
A09	60800001	61800000	11250
A09	61600001	62600000	14143
A09	62400001	63400000	9043
A09	63200001	64200000	10778
A09	64000001	65000000	8772
A09	64800001	65800000	7384
A09	65600001	66600000	10671
A09	66400001	67400000	8927
A09	67200001	68200000	5106
A09	68000001	69000000	5424
A09	68800001	69800000	3351
A09	69600001	70600000	2937
A09	70400001	71400000	4389
A09	71200001	72200000	4544
A09	72000001	73000000	2637
A09	72800001	73800000	2140
A09	73600001	74600000	4921
A09	74400001	74999931	901
A10	1	1000000	3311
A10	800001	1800000	6327
A10	1600001	2600000	2608
A10	2400001	3400000	2632
A10	3200001	4200000	6099
A10	4000001	5000000	8283
A10	4800001	5800000	9064
A10	5600001	6600000	12936
A10	6400001	7400000	13333
A10	7200001	8200000	19329
A10	8000001	9000000	21997
A10	8800001	9800000	19585
A10	9600001	10600000	14670
A10	10400001	11400000	13743
A10	11200001	12200000	10883
A10	12000001	13000000	9378
A10	12800001	13800000	15785
A10	13600001	14600000	19055
A10	14400001	15400000	18021
A10	15200001	16200000	18098
A10	16000001	17000000	16053
A10	16800001	17800000	17003
A10	17600001	18600000	16552
A10	18400001	19400000	15893
A10	19200001	20200000	21415
A10	20000001	21000000	12784
A10	20800001	21800000	17000
A10	21600001	22600000	18294
A10	22400001	23400000	16012
A10	23200001	24200000	12863
A10	24000001	25000000	13885
A10	24800001	25800000	18544
A10	25600001	26600000	17038
A10	26400001	27400000	16012
A10	27200001	28200000	16676
A10	28000001	29000000	19366
A10	28800001	29800000	16307
A10	29600001	30600000	15073
A10	30400001	31400000	13534
A10	31200001	32200000	17846
A10	32000001	33000000	15355
A10	32800001	33800000	14186
A10	33600001	34600000	20913
A10	34400001	35400000	22224
A10	35200001	36200000	16791
A10	36000001	37000000	12683
A10	36800001	37800000	14896
A10	37600001	38600000	15772
A10	38400001	39400000	17724
A10	39200001	40200000	17339
A10	40000001	41000000	16777
A10	40800001	41800000	12640
A10	41600001	42600000	15475
A10	42400001	43400000	18923
A10	43200001	44200000	15941
A10	44000001	45000000	16107
A10	44800001	45800000	15507
A10	45600001	46600000	18895
A10	46400001	47400000	16412
A10	47200001	48200000	20103
A10	48000001	49000000	18604
A10	48800001	49800000	17372
A10	49600001	50600000	20396
A10	50400001	51400000	18023
A10	51200001	52200000	17210
A10	52000001	53000000	18838
A10	52800001	53800000	14747
A10	53600001	54600000	16363
A10	54400001	55400000	17619
A10	55200001	56200000	13649
A10	56000001	57000000	16437
A10	56800001	57800000	15759
A10	57600001	58600000	18537
A10	58400001	59400000	17643
A10	59200001	60200000	19321
A10	60000001	61000000	21316
A10	60800001	61800000	21924
A10	61600001	62600000	19908
A10	62400001	63400000	14849
A10	63200001	64200000	17613
A10	64000001	65000000	15741
A10	64800001	65800000	16206
A10	65600001	66600000	18226
A10	66400001	67400000	18364
A10	67200001	68200000	14650
A10	68000001	69000000	19026
A10	68800001	69800000	18029
A10	69600001	70600000	17674
A10	70400001	71400000	18203
A10	71200001	72200000	16842
A10	72000001	73000000	15614
A10	72800001	73800000	15682
A10	73600001	74600000	18228
A10	74400001	75400000	16450
A10	75200001	76200000	16184
A10	76000001	77000000	16755
A10	76800001	77800000	18871
A10	77600001	78600000	21096
A10	78400001	79400000	19116
A10	79200001	80200000	20813
A10	80000001	81000000	22017
A10	80800001	81800000	17005
A10	81600001	82600000	20556
A10	82400001	83400000	22165
A10	83200001	84200000	17695
A10	84000001	85000000	18923
A10	84800001	85800000	12385
A10	85600001	86600000	15196
A10	86400001	87400000	16351
A10	87200001	88200000	14854
A10	88000001	89000000	17014
A10	88800001	89800000	20181
A10	89600001	90600000	16513
A10	90400001	91400000	12279
A10	91200001	92200000	12306
A10	92000001	93000000	15388
A10	92800001	93800000	14125
A10	93600001	94600000	14808
A10	94400001	95400000	8842
A10	95200001	96200000	11185
A10	96000001	97000000	8509
A10	96800001	97800000	10433
A10	97600001	98600000	10997
A10	98400001	99400000	12666
A10	99200001	100200000	8477
A10	100000001	101000000	6368
A10	100800001	100866604	144
A11	1	1000000	5300
A11	800001	1800000	3245
A11	1600001	2600000	3106
A11	2400001	3400000	2637
A11	3200001	4200000	4825
A11	4000001	5000000	4621
A11	4800001	5800000	5736
A11	5600001	6600000	4364
A11	6400001	7400000	6837
A11	7200001	8200000	4275
A11	8000001	9000000	5898
A11	8800001	9800000	9986
A11	9600001	10600000	9720
A11	10400001	11400000	8627
A11	11200001	12200000	8158
A11	12000001	13000000	10252
A11	12800001	13800000	12242
A11	13600001	14600000	14484
A11	14400001	15400000	10228
A11	15200001	16200000	11926
A11	16000001	17000000	16625
A11	16800001	17800000	9720
A11	17600001	18600000	12427
A11	18400001	19400000	17912
A11	19200001	20200000	14570
A11	20000001	21000000	13226
A11	20800001	21800000	17412
A11	21600001	22600000	12500
A11	22400001	23400000	15187
A11	23200001	24200000	16105
A11	24000001	25000000	17072
A11	24800001	25800000	16287
A11	25600001	26600000	18550
A11	26400001	27400000	19884
A11	27200001	28200000	18948
A11	28000001	29000000	16807
A11	28800001	29800000	16775
A11	29600001	30600000	19367
A11	30400001	31400000	14558
A11	31200001	32200000	17604
A11	32000001	33000000	18700
A11	32800001	33800000	18812
A11	33600001	34600000	16714
A11	34400001	35400000	15055
A11	35200001	36200000	17540
A11	36000001	37000000	20916
A11	36800001	37800000	20460
A11	37600001	38600000	14880
A11	38400001	39400000	15128
A11	39200001	40200000	13596
A11	40000001	41000000	19246
A11	40800001	41800000	13028
A11	41600001	42600000	12765
A11	42400001	43400000	20300
A11	43200001	44200000	20236
A11	44000001	45000000	15656
A11	44800001	45800000	12950
A11	45600001	46600000	19288
A11	46400001	47400000	17333
A11	47200001	48200000	17246
A11	48000001	49000000	13180
A11	48800001	49800000	17778
A11	49600001	50600000	17324
A11	50400001	51400000	17003
A11	51200001	52200000	16897
A11	52000001	53000000	20074
A11	52800001	53800000	18584
A11	53600001	54600000	17133
A11	54400001	55400000	13963
A11	55200001	56200000	13799
A11	56000001	57000000	16652
A11	56800001	57800000	15197
A11	57600001	58600000	17011
A11	58400001	59400000	15407
A11	59200001	60200000	16267
A11	60000001	61000000	21992
A11	60800001	61800000	16833
A11	61600001	62600000	17190
A11	62400001	63400000	19480
A11	63200001	64200000	19108
A11	64000001	65000000	17692
A11	64800001	65800000	18692
A11	65600001	66600000	17544
A11	66400001	67400000	15093
A11	67200001	68200000	18830
A11	68000001	69000000	21151
A11	68800001	69800000	20749
A11	69600001	70600000	15006
A11	70400001	71400000	19090
A11	71200001	72200000	14795
A11	72000001	73000000	17457
A11	72800001	73800000	18350
A11	73600001	74600000	14420
A11	74400001	75400000	16488
A11	75200001	76200000	17320
A11	76000001	77000000	13370
A11	76800001	77800000	15148
A11	77600001	78600000	17281
A11	78400001	79400000	17152
A11	79200001	80200000	18227
A11	80000001	81000000	15095
A11	80800001	81800000	12483
A11	81600001	82600000	14218
A11	82400001	83400000	10299
A11	83200001	84200000	8295
A11	84000001	85000000	13802
A11	84800001	85800000	13952
A11	85600001	86600000	16050
A11	86400001	87400000	14212
A11	87200001	88200000	12130
A11	88000001	89000000	6525
A11	88800001	89800000	9669
A11	89600001	90600000	9423
A11	90400001	91400000	9886
A11	91200001	92200000	10092
A11	92000001	93000000	6927
A11	92800001	93316192	1119
A12	1	1000000	6992
A12	800001	1800000	8890
A12	1600001	2600000	8690
A12	2400001	3400000	10396
A12	3200001	4200000	11321
A12	4000001	5000000	14598
A12	4800001	5800000	17984
A12	5600001	6600000	15416
A12	6400001	7400000	11976
A12	7200001	8200000	16474
A12	8000001	9000000	13373
A12	8800001	9800000	15951
A12	9600001	10600000	10760
A12	10400001	11400000	17051
A12	11200001	12200000	21415
A12	12000001	13000000	17386
A12	12800001	13800000	14332
A12	13600001	14600000	16055
A12	14400001	15400000	17269
A12	15200001	16200000	19719
A12	16000001	17000000	19660
A12	16800001	17800000	18604
A12	17600001	18600000	21043
A12	18400001	19400000	24604
A12	19200001	20200000	18492
A12	20000001	21000000	20583
A12	20800001	21800000	21671
A12	21600001	22600000	18709
A12	22400001	23400000	19362
A12	23200001	24200000	18870
A12	24000001	25000000	14665
A12	24800001	25800000	14496
A12	25600001	26600000	14284
A12	26400001	27400000	19277
A12	27200001	28200000	18748
A12	28000001	29000000	19879
A12	28800001	29800000	20800
A12	29600001	30600000	20007
A12	30400001	31400000	14542
A12	31200001	32200000	13395
A12	32000001	33000000	16613
A12	32800001	33800000	15346
A12	33600001	34600000	14863
A12	34400001	35400000	14850
A12	35200001	36200000	12878
A12	36000001	37000000	13845
A12	36800001	37800000	14428
A12	37600001	38600000	20472
A12	38400001	39400000	18080
A12	39200001	40200000	19479
A12	40000001	41000000	18739
A12	40800001	41800000	19263
A12	41600001	42600000	19283
A12	42400001	43400000	16496
A12	43200001	44200000	15915
A12	44000001	45000000	16992
A12	44800001	45800000	18544
A12	45600001	46600000	17902
A12	46400001	47400000	14612
A12	47200001	48200000	17930
A12	48000001	49000000	15332
A12	48800001	49800000	20322
A12	49600001	50600000	13525
A12	50400001	51400000	21131
A12	51200001	52200000	17221
A12	52000001	53000000	18131
A12	52800001	53800000	18547
A12	53600001	54600000	18753
A12	54400001	55400000	20520
A12	55200001	56200000	18871
A12	56000001	57000000	19653
A12	56800001	57800000	16807
A12	57600001	58600000	15936
A12	58400001	59400000	17533
A12	59200001	60200000	14109
A12	60000001	61000000	12660
A12	60800001	61800000	12764
A12	61600001	62600000	19428
A12	62400001	63400000	18593
A12	63200001	64200000	14406
A12	64000001	65000000	12126
A12	64800001	65800000	13448
A12	65600001	66600000	11314
A12	66400001	67400000	15357
A12	67200001	68200000	17362
A12	68000001	69000000	16960
A12	68800001	69800000	14196
A12	69600001	70600000	18316
A12	70400001	71400000	17214
A12	71200001	72200000	17156
A12	72000001	73000000	14169
A12	72800001	73800000	13062
A12	73600001	74600000	10705
A12	74400001	75400000	14387
A12	75200001	76200000	16143
A12	76000001	77000000	13187
A12	76800001	77800000	12726
A12	77600001	78600000	9288
A12	78400001	79400000	9983
A12	79200001	80200000	11221
A12	80000001	81000000	7645
A12	80800001	81800000	5189
A12	81600001	82600000	7424
A12	82400001	83400000	6251
A12	83200001	84200000	3935
A12	84000001	85000000	3201
A12	84800001	85800000	2493
A12	85600001	86600000	2823
A12	86400001	87400000	2453
A12	87200001	87484866	650
A13	1	1000000	7852
A13	800001	1800000	8399
A13	1600001	2600000	9021
A13	2400001	3400000	6893
A13	3200001	4200000	6787
A13	4000001	5000000	10979
A13	4800001	5800000	10549
A13	5600001	6600000	15849
A13	6400001	7400000	18084
A13	7200001	8200000	17113
A13	8000001	9000000	19693
A13	8800001	9800000	17806
A13	9600001	10600000	18027
A13	10400001	11400000	11917
A13	11200001	12200000	15970
A13	12000001	13000000	18540
A13	12800001	13800000	16512
A13	13600001	14600000	15318
A13	14400001	15400000	21109
A13	15200001	16200000	17416
A13	16000001	17000000	15742
A13	16800001	17800000	18057
A13	17600001	18600000	17492
A13	18400001	19400000	20318
A13	19200001	20200000	16054
A13	20000001	21000000	16916
A13	20800001	21800000	17351
A13	21600001	22600000	17340
A13	22400001	23400000	18474
A13	23200001	24200000	17436
A13	24000001	25000000	15579
A13	24800001	25800000	17921
A13	25600001	26600000	18569
A13	26400001	27400000	19427
A13	27200001	28200000	16856
A13	28000001	29000000	16205
A13	28800001	29800000	18259
A13	29600001	30600000	17653
A13	30400001	31400000	18197
A13	31200001	32200000	20080
A13	32000001	33000000	14548
A13	32800001	33800000	16952
A13	33600001	34600000	11819
A13	34400001	35400000	12596
A13	35200001	36200000	16849
A13	36000001	37000000	16767
A13	36800001	37800000	17575
A13	37600001	38600000	19362
A13	38400001	39400000	18498
A13	39200001	40200000	17734
A13	40000001	41000000	19059
A13	40800001	41800000	21298
A13	41600001	42600000	16340
A13	42400001	43400000	16980
A13	43200001	44200000	19789
A13	44000001	45000000	17124
A13	44800001	45800000	19843
A13	45600001	46600000	19766
A13	46400001	47400000	20866
A13	47200001	48200000	19018
A13	48000001	49000000	17724
A13	48800001	49800000	18774
A13	49600001	50600000	15185
A13	50400001	51400000	15923
A13	51200001	52200000	13864
A13	52000001	53000000	18731
A13	52800001	53800000	18938
A13	53600001	54600000	22564
A13	54400001	55400000	18367
A13	55200001	56200000	22935
A13	56000001	57000000	18589
A13	56800001	57800000	21209
A13	57600001	58600000	20423
A13	58400001	59400000	18952
A13	59200001	60200000	14388
A13	60000001	61000000	14103
A13	60800001	61800000	13008
A13	61600001	62600000	20554
A13	62400001	63400000	19272
A13	63200001	64200000	14076
A13	64000001	65000000	14770
A13	64800001	65800000	14053
A13	65600001	66600000	16784
A13	66400001	67400000	15598
A13	67200001	68200000	14853
A13	68000001	69000000	14637
A13	68800001	69800000	22082
A13	69600001	70600000	18500
A13	70400001	71400000	15935
A13	71200001	72200000	16875
A13	72000001	73000000	14934
A13	72800001	73800000	8387
A13	73600001	74600000	13212
A13	74400001	75400000	7568
A13	75200001	76200000	6537
A13	76000001	77000000	5547
A13	76800001	77800000	10836
A13	77600001	78600000	4314
A13	78400001	79400000	1625
A13	79200001	79961121	2344
D01	1	1000000	3182
D01	800001	1800000	4076
D01	1600001	2600000	5674
D01	2400001	3400000	8544
D01	3200001	4200000	8156
D01	4000001	5000000	8818
D01	4800001	5800000	8246
D01	5600001	6600000	12775
D01	6400001	7400000	15445
D01	7200001	8200000	13930
D01	8000001	9000000	10885
D01	8800001	9800000	10822
D01	9600001	10600000	11307
D01	10400001	11400000	14622
D01	11200001	12200000	18777
D01	12000001	13000000	16620
D01	12800001	13800000	14926
D01	13600001	14600000	10917
D01	14400001	15400000	14206
D01	15200001	16200000	14708
D01	16000001	17000000	17451
D01	16800001	17800000	16957
D01	17600001	18600000	16595
D01	18400001	19400000	17690
D01	19200001	20200000	18749
D01	20000001	21000000	19238
D01	20800001	21800000	16891
D01	21600001	22600000	17808
D01	22400001	23400000	17384
D01	23200001	24200000	19393
D01	24000001	25000000	16419
D01	24800001	25800000	15153
D01	25600001	26600000	14589
D01	26400001	27400000	15499
D01	27200001	28200000	14232
D01	28000001	29000000	15220
D01	28800001	29800000	17352
D01	29600001	30600000	17675
D01	30400001	31400000	18441
D01	31200001	32200000	16578
D01	32000001	33000000	15872
D01	32800001	33800000	12795
D01	33600001	34600000	14811
D01	34400001	35400000	13994
D01	35200001	36200000	16633
D01	36000001	37000000	13005
D01	36800001	37800000	13623
D01	37600001	38600000	17467
D01	38400001	39400000	17610
D01	39200001	40200000	17608
D01	40000001	41000000	14101
D01	40800001	41800000	15792
D01	41600001	42600000	13519
D01	42400001	43400000	18375
D01	43200001	44200000	18089
D01	44000001	45000000	18586
D01	44800001	45800000	17427
D01	45600001	46600000	14767
D01	46400001	47400000	15085
D01	47200001	48200000	16692
D01	48000001	49000000	19068
D01	48800001	49800000	16711
D01	49600001	50600000	13809
D01	50400001	51400000	16758
D01	51200001	52200000	15544
D01	52000001	53000000	15424
D01	52800001	53800000	13623
D01	53600001	54600000	14357
D01	54400001	55400000	14289
D01	55200001	56200000	13513
D01	56000001	57000000	12576
D01	56800001	57800000	8990
D01	57600001	58600000	9635
D01	58400001	59400000	9657
D01	59200001	60200000	7496
D01	60000001	61000000	4309
D01	60800001	61456009	1920
D02	1	1000000	2639
D02	800001	1800000	4701
D02	1600001	2600000	8605
D02	2400001	3400000	6481
D02	3200001	4200000	6241
D02	4000001	5000000	4392
D02	4800001	5800000	7660
D02	5600001	6600000	8231
D02	6400001	7400000	5968
D02	7200001	8200000	11100
D02	8000001	9000000	10726
D02	8800001	9800000	14513
D02	9600001	10600000	12429
D02	10400001	11400000	13753
D02	11200001	12200000	14692
D02	12000001	13000000	15147
D02	12800001	13800000	13237
D02	13600001	14600000	15604
D02	14400001	15400000	17437
D02	15200001	16200000	17217
D02	16000001	17000000	13326
D02	16800001	17800000	14997
D02	17600001	18600000	17995
D02	18400001	19400000	18046
D02	19200001	20200000	14213
D02	20000001	21000000	14750
D02	20800001	21800000	15520
D02	21600001	22600000	17207
D02	22400001	23400000	17744
D02	23200001	24200000	14381
D02	24000001	25000000	15613
D02	24800001	25800000	16313
D02	25600001	26600000	18847
D02	26400001	27400000	17923
D02	27200001	28200000	14051
D02	28000001	29000000	15862
D02	28800001	29800000	13688
D02	29600001	30600000	13378
D02	30400001	31400000	14266
D02	31200001	32200000	15142
D02	32000001	33000000	15152
D02	32800001	33800000	15092
D02	33600001	34600000	14974
D02	34400001	35400000	16854
D02	35200001	36200000	16869
D02	36000001	37000000	12934
D02	36800001	37800000	16462
D02	37600001	38600000	14684
D02	38400001	39400000	17766
D02	39200001	40200000	17742
D02	40000001	41000000	20538
D02	40800001	41800000	18251
D02	41600001	42600000	13618
D02	42400001	43400000	16150
D02	43200001	44200000	16568
D02	44000001	45000000	18177
D02	44800001	45800000	18936
D02	45600001	46600000	17542
D02	46400001	47400000	15633
D02	47200001	48200000	18627
D02	48000001	49000000	17788
D02	48800001	49800000	17913
D02	49600001	50600000	14233
D02	50400001	51400000	17729
D02	51200001	52200000	19360
D02	52000001	53000000	15238
D02	52800001	53800000	14368
D02	53600001	54600000	16605
D02	54400001	55400000	18519
D02	55200001	56200000	17198
D02	56000001	57000000	13415
D02	56800001	57800000	13971
D02	57600001	58600000	12022
D02	58400001	59400000	13899
D02	59200001	60200000	14469
D02	60000001	61000000	11281
D02	60800001	61800000	13850
D02	61600001	62600000	12472
D02	62400001	63400000	10057
D02	63200001	64200000	4369
D02	64000001	65000000	6143
D02	64800001	65800000	3738
D02	65600001	66600000	3969
D02	66400001	67400000	2124
D02	67200001	67284553	491
D03	1	1000000	2717
D03	800001	1800000	5888
D03	1600001	2600000	8319
D03	2400001	3400000	7968
D03	3200001	4200000	9718
D03	4000001	5000000	13811
D03	4800001	5800000	13156
D03	5600001	6600000	13255
D03	6400001	7400000	16449
D03	7200001	8200000	17591
D03	8000001	9000000	18823
D03	8800001	9800000	18509
D03	9600001	10600000	15075
D03	10400001	11400000	15388
D03	11200001	12200000	17470
D03	12000001	13000000	18817
D03	12800001	13800000	15547
D03	13600001	14600000	13237
D03	14400001	15400000	15379
D03	15200001	16200000	18636
D03	16000001	17000000	16710
D03	16800001	17800000	16713
D03	17600001	18600000	16293
D03	18400001	19400000	14136
D03	19200001	20200000	14169
D03	20000001	21000000	16160
D03	20800001	21800000	16074
D03	21600001	22600000	15606
D03	22400001	23400000	14630
D03	23200001	24200000	15496
D03	24000001	25000000	17627
D03	24800001	25800000	16882
D03	25600001	26600000	16380
D03	26400001	27400000	16572
D03	27200001	28200000	15531
D03	28000001	29000000	15912
D03	28800001	29800000	17254
D03	29600001	30600000	15093
D03	30400001	31400000	14723
D03	31200001	32200000	18399
D03	32000001	33000000	18813
D03	32800001	33800000	17279
D03	33600001	34600000	15560
D03	34400001	35400000	14599
D03	35200001	36200000	13795
D03	36000001	37000000	14972
D03	36800001	37800000	13602
D03	37600001	38600000	11563
D03	38400001	39400000	10422
D03	39200001	40200000	12939
D03	40000001	41000000	11232
D03	40800001	41800000	8278
D03	41600001	42600000	8631
D03	42400001	43400000	5904
D03	43200001	44200000	5566
D03	44000001	45000000	7363
D03	44800001	45800000	7276
D03	45600001	46600000	4491
D03	46400001	46690656	408
D04	1	1000000	5523
D04	800001	1800000	6826
D04	1600001	2600000	6369
D04	2400001	3400000	5646
D04	3200001	4200000	8462
D04	4000001	5000000	7322
D04	4800001	5800000	10414
D04	5600001	6600000	8960
D04	6400001	7400000	13335
D04	7200001	8200000	15262
D04	8000001	9000000	12739
D04	8800001	9800000	11584
D04	9600001	10600000	12964
D04	10400001	11400000	14169
D04	11200001	12200000	15956
D04	12000001	13000000	18224
D04	12800001	13800000	16033
D04	13600001	14600000	16147
D04	14400001	15400000	15572
D04	15200001	16200000	16640
D04	16000001	17000000	16920
D04	16800001	17800000	14127
D04	17600001	18600000	16945
D04	18400001	19400000	17163
D04	19200001	20200000	14659
D04	20000001	21000000	14772
D04	20800001	21800000	11418
D04	21600001	22600000	15704
D04	22400001	23400000	14546
D04	23200001	24200000	19032
D04	24000001	25000000	18043
D04	24800001	25800000	16275
D04	25600001	26600000	15635
D04	26400001	27400000	14520
D04	27200001	28200000	12342
D04	28000001	29000000	16163
D04	28800001	29800000	16567
D04	29600001	30600000	19636
D04	30400001	31400000	18220
D04	31200001	32200000	18226
D04	32000001	33000000	17147
D04	32800001	33800000	17456
D04	33600001	34600000	16898
D04	34400001	35400000	16109
D04	35200001	36200000	17227
D04	36000001	37000000	16601
D04	36800001	37800000	14191
D04	37600001	38600000	16258
D04	38400001	39400000	17797
D04	39200001	40200000	17705
D04	40000001	41000000	15831
D04	40800001	41800000	16674
D04	41600001	42600000	13027
D04	42400001	43400000	13121
D04	43200001	44200000	15280
D04	44000001	45000000	9071
D04	44800001	45800000	14177
D04	45600001	46600000	13467
D04	46400001	47400000	7749
D04	47200001	48200000	6689
D04	48000001	49000000	4393
D04	48800001	49800000	6540
D04	49600001	50600000	4830
D04	50400001	51400000	5742
D04	51200001	51454130	858
D05	1	1000000	2870
D05	800001	1800000	2876
D05	1600001	2600000	3028
D05	2400001	3400000	1880
D05	3200001	4200000	2934
D05	4000001	5000000	2627
D05	4800001	5800000	2873
D05	5600001	6600000	3465
D05	6400001	7400000	2291
D05	7200001	8200000	3017
D05	8000001	9000000	2527
D05	8800001	9800000	2677
D05	9600001	10600000	3297
D05	10400001	11400000	2311
D05	11200001	12200000	1920
D05	12000001	13000000	2232
D05	12800001	13800000	4220
D05	13600001	14600000	5166
D05	14400001	15400000	4339
D05	15200001	16200000	3991
D05	16000001	17000000	3800
D05	16800001	17800000	3188
D05	17600001	18600000	4444
D05	18400001	19400000	4155
D05	19200001	20200000	5605
D05	20000001	21000000	7772
D05	20800001	21800000	4318
D05	21600001	22600000	6702
D05	22400001	23400000	8046
D05	23200001	24200000	6308
D05	24000001	25000000	7347
D05	24800001	25800000	8090
D05	25600001	26600000	7330
D05	26400001	27400000	8744
D05	27200001	28200000	9299
D05	28000001	29000000	12280
D05	28800001	29800000	13039
D05	29600001	30600000	15088
D05	30400001	31400000	15865
D05	31200001	32200000	10039
D05	32000001	33000000	12354
D05	32800001	33800000	14435
D05	33600001	34600000	17979
D05	34400001	35400000	16759
D05	35200001	36200000	17327
D05	36000001	37000000	14666
D05	36800001	37800000	14931
D05	37600001	38600000	15799
D05	38400001	39400000	15441
D05	39200001	40200000	11769
D05	40000001	41000000	13719
D05	40800001	41800000	17718
D05	41600001	42600000	19487
D05	42400001	43400000	16693
D05	43200001	44200000	17239
D05	44000001	45000000	16945
D05	44800001	45800000	18067
D05	45600001	46600000	26069
D05	46400001	47400000	26156
D05	47200001	48200000	15472
D05	48000001	49000000	13951
D05	48800001	49800000	15783
D05	49600001	50600000	15156
D05	50400001	51400000	12154
D05	51200001	52200000	18397
D05	52000001	53000000	13915
D05	52800001	53800000	8579
D05	53600001	54600000	11991
D05	54400001	55400000	13890
D05	55200001	56200000	12683
D05	56000001	57000000	17118
D05	56800001	57800000	11210
D05	57600001	58600000	13912
D05	58400001	59400000	14336
D05	59200001	60200000	5380
D05	60000001	61000000	11021
D05	60800001	61800000	11034
D05	61600001	61933047	1332
D06	1	1000000	4328
D06	800001	1800000	4801
D06	1600001	2600000	2906
D06	2400001	3400000	3360
D06	3200001	4200000	13317
D06	4000001	5000000	18591
D06	4800001	5800000	10318
D06	5600001	6600000	10264
D06	6400001	7400000	14347
D06	7200001	8200000	14909
D06	8000001	9000000	9981
D06	8800001	9800000	13468
D06	9600001	10600000	15363
D06	10400001	11400000	13185
D06	11200001	12200000	15124
D06	12000001	13000000	14989
D06	12800001	13800000	15258
D06	13600001	14600000	15995
D06	14400001	15400000	16587
D06	15200001	16200000	17722
D06	16000001	17000000	15375
D06	16800001	17800000	14402
D06	17600001	18600000	17872
D06	18400001	19400000	15529
D06	19200001	20200000	13740
D06	20000001	21000000	15164
D06	20800001	21800000	15243
D06	21600001	22600000	15171
D06	22400001	23400000	16127
D06	23200001	24200000	12263
D06	24000001	25000000	16731
D06	24800001	25800000	16066
D06	25600001	26600000	18627
D06	26400001	27400000	14715
D06	27200001	28200000	14952
D06	28000001	29000000	15036
D06	28800001	29800000	15129
D06	29600001	30600000	18152
D06	30400001	31400000	17143
D06	31200001	32200000	16887
D06	32000001	33000000	14674
D06	32800001	33800000	12962
D06	33600001	34600000	14531
D06	34400001	35400000	11510
D06	35200001	36200000	15178
D06	36000001	37000000	19020
D06	36800001	37800000	15451
D06	37600001	38600000	12806
D06	38400001	39400000	13017
D06	39200001	40200000	18070
D06	40000001	41000000	13541
D06	40800001	41800000	16461
D06	41600001	42600000	16826
D06	42400001	43400000	15590
D06	43200001	44200000	16507
D06	44000001	45000000	17017
D06	44800001	45800000	16851
D06	45600001	46600000	16441
D06	46400001	47400000	17619
D06	47200001	48200000	18149
D06	48000001	49000000	17199
D06	48800001	49800000	17099
D06	49600001	50600000	16261
D06	50400001	51400000	13757
D06	51200001	52200000	15911
D06	52000001	53000000	17111
D06	52800001	53800000	15345
D06	53600001	54600000	13393
D06	54400001	55400000	14300
D06	55200001	56200000	11529
D06	56000001	57000000	12431
D06	56800001	57800000	11952
D06	57600001	58600000	12448
D06	58400001	59400000	9871
D06	59200001	60200000	8292
D06	60000001	61000000	9261
D06	60800001	61800000	9859
D06	61600001	62600000	9686
D06	62400001	63400000	5667
D06	63200001	64200000	3862
D06	64000001	64294643	625
D07	1	1000000	2248
D07	800001	1800000	1606
D07	1600001	2600000	2557
D07	2400001	3400000	2410
D07	3200001	4200000	3822
D07	4000001	5000000	3163
D07	4800001	5800000	5260
D07	5600001	6600000	4592
D07	6400001	7400000	5816
D07	7200001	8200000	4539
D07	8000001	9000000	6464
D07	8800001	9800000	7252
D07	9600001	10600000	8210
D07	10400001	11400000	5725
D07	11200001	12200000	9027
D07	12000001	13000000	10374
D07	12800001	13800000	10554
D07	13600001	14600000	12244
D07	14400001	15400000	8143
D07	15200001	16200000	9362
D07	16000001	17000000	9937
D07	16800001	17800000	10599
D07	17600001	18600000	10610
D07	18400001	19400000	7847
D07	19200001	20200000	7574
D07	20000001	21000000	10190
D07	20800001	21800000	10539
D07	21600001	22600000	10757
D07	22400001	23400000	11584
D07	23200001	24200000	11757
D07	24000001	25000000	10678
D07	24800001	25800000	11186
D07	25600001	26600000	11692
D07	26400001	27400000	10754
D07	27200001	28200000	9887
D07	28000001	29000000	15123
D07	28800001	29800000	10851
D07	29600001	30600000	12115
D07	30400001	31400000	11771
D07	31200001	32200000	10208
D07	32000001	33000000	9720
D07	32800001	33800000	10562
D07	33600001	34600000	10243
D07	34400001	35400000	10759
D07	35200001	36200000	9449
D07	36000001	37000000	9847
D07	36800001	37800000	10560
D07	37600001	38600000	9990
D07	38400001	39400000	7906
D07	39200001	40200000	8247
D07	40000001	41000000	12113
D07	40800001	41800000	12877
D07	41600001	42600000	9372
D07	42400001	43400000	9673
D07	43200001	44200000	11884
D07	44000001	45000000	9263
D07	44800001	45800000	9078
D07	45600001	46600000	9878
D07	46400001	47400000	13115
D07	47200001	48200000	12234
D07	48000001	49000000	10340
D07	48800001	49800000	8086
D07	49600001	50600000	5344
D07	50400001	51400000	7674
D07	51200001	52200000	4221
D07	52000001	53000000	6112
D07	52800001	53800000	6415
D07	53600001	54600000	4815
D07	54400001	55400000	5438
D07	55200001	55312611	1328
D08	1	1000000	4805
D08	800001	1800000	3679
D08	1600001	2600000	5375
D08	2400001	3400000	6073
D08	3200001	4200000	7222
D08	4000001	5000000	7919
D08	4800001	5800000	7235
D08	5600001	6600000	10945
D08	6400001	7400000	12932
D08	7200001	8200000	13139
D08	8000001	9000000	14627
D08	8800001	9800000	13248
D08	9600001	10600000	14273
D08	10400001	11400000	17072
D08	11200001	12200000	15825
D08	12000001	13000000	15947
D08	12800001	13800000	19617
D08	13600001	14600000	19221
D08	14400001	15400000	18158
D08	15200001	16200000	21832
D08	16000001	17000000	16495
D08	16800001	17800000	17676
D08	17600001	18600000	17239
D08	18400001	19400000	17008
D08	19200001	20200000	17240
D08	20000001	21000000	15189
D08	20800001	21800000	13770
D08	21600001	22600000	16596
D08	22400001	23400000	13805
D08	23200001	24200000	15044
D08	24000001	25000000	14855
D08	24800001	25800000	13802
D08	25600001	26600000	9213
D08	26400001	27400000	12532
D08	27200001	28200000	12688
D08	28000001	29000000	11772
D08	28800001	29800000	14395
D08	29600001	30600000	14666
D08	30400001	31400000	16042
D08	31200001	32200000	18447
D08	32000001	33000000	15920
D08	32800001	33800000	16907
D08	33600001	34600000	16047
D08	34400001	35400000	15558
D08	35200001	36200000	16384
D08	36000001	37000000	15516
D08	36800001	37800000	18452
D08	37600001	38600000	17450
D08	38400001	39400000	15688
D08	39200001	40200000	17642
D08	40000001	41000000	17456
D08	40800001	41800000	17723
D08	41600001	42600000	15334
D08	42400001	43400000	17566
D08	43200001	44200000	14967
D08	44000001	45000000	16165
D08	44800001	45800000	17478
D08	45600001	46600000	17014
D08	46400001	47400000	13295
D08	47200001	48200000	12271
D08	48000001	49000000	13422
D08	48800001	49800000	13153
D08	49600001	50600000	9761
D08	50400001	51400000	11902
D08	51200001	52200000	14609
D08	52000001	53000000	14405
D08	52800001	53800000	9408
D08	53600001	54600000	12075
D08	54400001	55400000	12894
D08	55200001	56200000	18011
D08	56000001	57000000	14063
D08	56800001	57800000	12427
D08	57600001	58600000	8502
D08	58400001	59400000	8070
D08	59200001	60200000	5124
D08	60000001	61000000	8572
D08	60800001	61800000	7731
D08	61600001	62600000	8207
D08	62400001	63400000	7017
D08	63200001	64200000	3770
D08	64000001	65000000	2749
D08	64800001	65800000	2987
D08	65600001	65894135	744
D09	1	1000000	13232
D09	800001	1800000	10831
D09	1600001	2600000	9516
D09	2400001	3400000	12505
D09	3200001	4200000	14999
D09	4000001	5000000	15743
D09	4800001	5800000	16754
D09	5600001	6600000	13297
D09	6400001	7400000	14415
D09	7200001	8200000	11421
D09	8000001	9000000	12954
D09	8800001	9800000	16373
D09	9600001	10600000	16520
D09	10400001	11400000	13072
D09	11200001	12200000	15032
D09	12000001	13000000	15770
D09	12800001	13800000	17514
D09	13600001	14600000	15325
D09	14400001	15400000	18920
D09	15200001	16200000	11419
D09	16000001	17000000	13846
D09	16800001	17800000	15860
D09	17600001	18600000	14458
D09	18400001	19400000	15387
D09	19200001	20200000	13502
D09	20000001	21000000	17374
D09	20800001	21800000	16744
D09	21600001	22600000	15528
D09	22400001	23400000	17288
D09	23200001	24200000	14580
D09	24000001	25000000	17274
D09	24800001	25800000	14888
D09	25600001	26600000	15608
D09	26400001	27400000	18927
D09	27200001	28200000	16616
D09	28000001	29000000	13731
D09	28800001	29800000	12554
D09	29600001	30600000	15694
D09	30400001	31400000	12612
D09	31200001	32200000	10462
D09	32000001	33000000	7999
D09	32800001	33800000	9553
D09	33600001	34600000	9832
D09	34400001	35400000	10330
D09	35200001	36200000	7930
D09	36000001	37000000	7020
D09	36800001	37800000	6902
D09	37600001	38600000	5841
D09	38400001	39400000	6342
D09	39200001	40200000	6178
D09	40000001	41000000	8116
D09	40800001	41800000	8258
D09	41600001	42600000	3625
D09	42400001	43400000	4769
D09	43200001	44200000	5514
D09	44000001	45000000	6404
D09	44800001	45800000	6490
D09	45600001	46600000	3695
D09	46400001	47400000	3574
D09	47200001	48200000	2055
D09	48000001	49000000	2130
D09	48800001	49800000	3223
D09	49600001	50600000	3801
D09	50400001	50995436	927
D10	1	1000000	2402
D10	800001	1800000	2367
D10	1600001	2600000	3057
D10	2400001	3400000	3718
D10	3200001	4200000	5150
D10	4000001	5000000	4202
D10	4800001	5800000	7507
D10	5600001	6600000	10561
D10	6400001	7400000	11375
D10	7200001	8200000	9925
D10	8000001	9000000	9219
D10	8800001	9800000	12580
D10	9600001	10600000	10589
D10	10400001	11400000	13400
D10	11200001	12200000	12902
D10	12000001	13000000	12271
D10	12800001	13800000	13415
D10	13600001	14600000	15477
D10	14400001	15400000	15842
D10	15200001	16200000	14289
D10	16000001	17000000	15029
D10	16800001	17800000	14120
D10	17600001	18600000	14899
D10	18400001	19400000	20160
D10	19200001	20200000	17007
D10	20000001	21000000	13410
D10	20800001	21800000	16464
D10	21600001	22600000	12214
D10	22400001	23400000	12843
D10	23200001	24200000	17337
D10	24000001	25000000	15729
D10	24800001	25800000	14463
D10	25600001	26600000	16188
D10	26400001	27400000	14940
D10	27200001	28200000	17229
D10	28000001	29000000	19471
D10	28800001	29800000	18212
D10	29600001	30600000	16904
D10	30400001	31400000	19236
D10	31200001	32200000	17156
D10	32000001	33000000	14397
D10	32800001	33800000	16456
D10	33600001	34600000	15083
D10	34400001	35400000	13673
D10	35200001	36200000	15276
D10	36000001	37000000	16933
D10	36800001	37800000	14608
D10	37600001	38600000	12098
D10	38400001	39400000	15464
D10	39200001	40200000	14582
D10	40000001	41000000	15640
D10	40800001	41800000	17732
D10	41600001	42600000	16340
D10	42400001	43400000	16167
D10	43200001	44200000	16749
D10	44000001	45000000	15411
D10	44800001	45800000	14328
D10	45600001	46600000	17358
D10	46400001	47400000	17724
D10	47200001	48200000	18453
D10	48000001	49000000	15917
D10	48800001	49800000	14884
D10	49600001	50600000	14546
D10	50400001	51400000	12724
D10	51200001	52200000	13374
D10	52000001	53000000	14916
D10	52800001	53800000	12021
D10	53600001	54600000	11869
D10	54400001	55400000	13725
D10	55200001	56200000	8130
D10	56000001	57000000	11253
D10	56800001	57800000	8444
D10	57600001	58600000	7079
D10	58400001	59400000	14648
D10	59200001	60200000	8750
D10	60000001	61000000	9475
D10	60800001	61800000	9439
D10	61600001	62600000	6326
D10	62400001	63400000	3386
D10	63200001	63374666	313
D11	1	1000000	4310
D11	800001	1800000	3241
D11	1600001	2600000	2648
D11	2400001	3400000	2562
D11	3200001	4200000	3769
D11	4000001	5000000	4243
D11	4800001	5800000	1804
D11	5600001	6600000	4528
D11	6400001	7400000	6094
D11	7200001	8200000	5527
D11	8000001	9000000	5412
D11	8800001	9800000	6778
D11	9600001	10600000	7996
D11	10400001	11400000	9795
D11	11200001	12200000	8392
D11	12000001	13000000	8265
D11	12800001	13800000	7409
D11	13600001	14600000	8255
D11	14400001	15400000	8190
D11	15200001	16200000	9971
D11	16000001	17000000	10982
D11	16800001	17800000	12274
D11	17600001	18600000	12535
D11	18400001	19400000	10357
D11	19200001	20200000	14107
D11	20000001	21000000	14250
D11	20800001	21800000	12093
D11	21600001	22600000	13692
D11	22400001	23400000	15143
D11	23200001	24200000	15218
D11	24000001	25000000	15651
D11	24800001	25800000	16000
D11	25600001	26600000	15606
D11	26400001	27400000	16781
D11	27200001	28200000	14692
D11	28000001	29000000	15923
D11	28800001	29800000	19737
D11	29600001	30600000	16514
D11	30400001	31400000	16005
D11	31200001	32200000	17032
D11	32000001	33000000	16852
D11	32800001	33800000	16497
D11	33600001	34600000	16778
D11	34400001	35400000	16529
D11	35200001	36200000	15598
D11	36000001	37000000	17148
D11	36800001	37800000	15821
D11	37600001	38600000	17553
D11	38400001	39400000	18197
D11	39200001	40200000	14242
D11	40000001	41000000	13625
D11	40800001	41800000	16195
D11	41600001	42600000	18136
D11	42400001	43400000	16127
D11	43200001	44200000	16975
D11	44000001	45000000	19269
D11	44800001	45800000	19980
D11	45600001	46600000	16406
D11	46400001	47400000	15304
D11	47200001	48200000	13130
D11	48000001	49000000	13519
D11	48800001	49800000	14282
D11	49600001	50600000	14992
D11	50400001	51400000	17435
D11	51200001	52200000	15962
D11	52000001	53000000	10860
D11	52800001	53800000	12145
D11	53600001	54600000	12161
D11	54400001	55400000	12742
D11	55200001	56200000	12753
D11	56000001	57000000	13512
D11	56800001	57800000	10657
D11	57600001	58600000	4812
D11	58400001	59400000	8412
D11	59200001	60200000	7070
D11	60000001	61000000	7115
D11	60800001	61800000	8314
D11	61600001	62600000	10481
D11	62400001	63400000	6715
D11	63200001	64200000	8744
D11	64000001	65000000	5745
D11	64800001	65800000	4031
D11	65600001	66087774	1018
D12	1	1000000	6085
D12	800001	1800000	6312
D12	1600001	2600000	7098
D12	2400001	3400000	8236
D12	3200001	4200000	8891
D12	4000001	5000000	12535
D12	4800001	5800000	13620
D12	5600001	6600000	11498
D12	6400001	7400000	11812
D12	7200001	8200000	13615
D12	8000001	9000000	13856
D12	8800001	9800000	17862
D12	9600001	10600000	14976
D12	10400001	11400000	13459
D12	11200001	12200000	14080
D12	12000001	13000000	17330
D12	12800001	13800000	18586
D12	13600001	14600000	16641
D12	14400001	15400000	16418
D12	15200001	16200000	16816
D12	16000001	17000000	16558
D12	16800001	17800000	17478
D12	17600001	18600000	16988
D12	18400001	19400000	16151
D12	19200001	20200000	16773
D12	20000001	21000000	17920
D12	20800001	21800000	16883
D12	21600001	22600000	17219
D12	22400001	23400000	18663
D12	23200001	24200000	12968
D12	24000001	25000000	16739
D12	24800001	25800000	14574
D12	25600001	26600000	17528
D12	26400001	27400000	17993
D12	27200001	28200000	15751
D12	28000001	29000000	12811
D12	28800001	29800000	16222
D12	29600001	30600000	15569
D12	30400001	31400000	15984
D12	31200001	32200000	15839
D12	32000001	33000000	15655
D12	32800001	33800000	14967
D12	33600001	34600000	17805
D12	34400001	35400000	13861
D12	35200001	36200000	12174
D12	36000001	37000000	13828
D12	36800001	37800000	13562
D12	37600001	38600000	14400
D12	38400001	39400000	15290
D12	39200001	40200000	9849
D12	40000001	41000000	13216
D12	40800001	41800000	12823
D12	41600001	42600000	13088
D12	42400001	43400000	12371
D12	43200001	44200000	10876
D12	44000001	45000000	11190
D12	44800001	45800000	12479
D12	45600001	46600000	11944
D12	46400001	47400000	9610
D12	47200001	48200000	8041
D12	48000001	49000000	10609
D12	48800001	49800000	9352
D12	49600001	50600000	6474
D12	50400001	51400000	9321
D12	51200001	52200000	9076
D12	52000001	53000000	7891
D12	52800001	53800000	6437
D12	53600001	54600000	5505
D12	54400001	55400000	8270
D12	55200001	56200000	4997
D12	56000001	57000000	4467
D12	56800001	57800000	3057
D12	57600001	58600000	3498
D12	58400001	59109837	2809
D13	1	1000000	3576
D13	800001	1800000	4914
D13	1600001	2600000	5502
D13	2400001	3400000	5787
D13	3200001	4200000	8669
D13	4000001	5000000	8903
D13	4800001	5800000	9278
D13	5600001	6600000	16287
D13	6400001	7400000	16801
D13	7200001	8200000	14010
D13	8000001	9000000	12723
D13	8800001	9800000	16000
D13	9600001	10600000	18012
D13	10400001	11400000	12885
D13	11200001	12200000	14677
D13	12000001	13000000	17222
D13	12800001	13800000	18539
D13	13600001	14600000	18899
D13	14400001	15400000	15526
D13	15200001	16200000	16535
D13	16000001	17000000	14654
D13	16800001	17800000	16757
D13	17600001	18600000	19171
D13	18400001	19400000	16075
D13	19200001	20200000	15647
D13	20000001	21000000	17448
D13	20800001	21800000	14034
D13	21600001	22600000	15424
D13	22400001	23400000	13057
D13	23200001	24200000	9748
D13	24000001	25000000	17539
D13	24800001	25800000	15984
D13	25600001	26600000	11788
D13	26400001	27400000	14184
D13	27200001	28200000	17064
D13	28000001	29000000	12994
D13	28800001	29800000	18474
D13	29600001	30600000	14338
D13	30400001	31400000	15410
D13	31200001	32200000	16406
D13	32000001	33000000	17760
D13	32800001	33800000	17162
D13	33600001	34600000	15913
D13	34400001	35400000	17240
D13	35200001	36200000	16209
D13	36000001	37000000	17273
D13	36800001	37800000	17416
D13	37600001	38600000	16484
D13	38400001	39400000	13637
D13	39200001	40200000	16277
D13	40000001	41000000	18449
D13	40800001	41800000	16216
D13	41600001	42600000	12871
D13	42400001	43400000	12916
D13	43200001	44200000	15109
D13	44000001	45000000	17458
D13	44800001	45800000	14206
D13	45600001	46600000	13463
D13	46400001	47400000	15381
D13	47200001	48200000	11468
D13	48000001	49000000	14297
D13	48800001	49800000	14398
D13	49600001	50600000	12991
D13	50400001	51400000	13158
D13	51200001	52200000	12909
D13	52000001	53000000	10989
D13	52800001	53800000	7862
D13	53600001	54600000	12073
D13	54400001	55400000	8079
D13	55200001	56200000	9703
D13	56000001	57000000	6712
D13	56800001	57800000	4816
D13	57600001	58600000	3251
D13	58400001	59400000	5286
D13	59200001	60200000	7393
D13	60000001	60534298	1782
