A01	1	1000000	1619
A01	800001	1800000	2753
A01	1600001	2600000	4153
A01	2400001	3400000	7199
A01	3200001	4200000	4979
A01	4000001	5000000	7100
A01	4800001	5800000	8251
A01	5600001	6600000	7939
A01	6400001	7400000	9738
A01	7200001	8200000	7605
A01	8000001	9000000	11752
A01	8800001	9800000	12992
A01	9600001	10600000	12607
A01	10400001	11400000	9947
A01	11200001	12200000	10063
A01	12000001	13000000	8772
A01	12800001	13800000	8109
A01	13600001	14600000	8474
A01	14400001	15400000	10545
A01	15200001	16200000	11217
A01	16000001	17000000	10612
A01	16800001	17800000	11329
A01	17600001	18600000	9752
A01	18400001	19400000	9213
A01	19200001	20200000	8013
A01	20000001	21000000	10938
A01	20800001	21800000	11533
A01	21600001	22600000	11973
A01	22400001	23400000	8007
A01	23200001	24200000	9068
A01	24000001	25000000	9581
A01	24800001	25800000	10826
A01	25600001	26600000	10517
A01	26400001	27400000	9946
A01	27200001	28200000	8129
A01	28000001	29000000	7936
A01	28800001	29800000	10566
A01	29600001	30600000	8016
A01	30400001	31400000	7587
A01	31200001	32200000	10175
A01	32000001	33000000	10520
A01	32800001	33800000	9082
A01	33600001	34600000	7997
A01	34400001	35400000	5916
A01	35200001	36200000	6012
A01	36000001	37000000	6814
A01	36800001	37800000	6501
A01	37600001	38600000	7447
A01	38400001	39400000	7415
A01	39200001	40200000	9814
A01	40000001	41000000	9364
A01	40800001	41800000	9071
A01	41600001	42600000	7589
A01	42400001	43400000	6213
A01	43200001	44200000	6978
A01	44000001	45000000	7992
A01	44800001	45800000	8916
A01	45600001	46600000	8618
A01	46400001	47400000	6064
A01	47200001	48200000	8557
A01	48000001	49000000	7933
A01	48800001	49800000	6356
A01	49600001	50600000	8263
A01	50400001	51400000	7386
A01	51200001	52200000	6595
A01	52000001	53000000	6460
A01	52800001	53800000	8618
A01	53600001	54600000	8850
A01	54400001	55400000	8458
A01	55200001	56200000	8140
A01	56000001	57000000	7148
A01	56800001	57800000	6062
A01	57600001	58600000	7631
A01	58400001	59400000	7349
A01	59200001	60200000	7814
A01	60000001	61000000	8203
A01	60800001	61800000	8531
A01	61600001	62600000	8716
A01	62400001	63400000	6122
A01	63200001	64200000	7183
A01	64000001	65000000	8587
A01	64800001	65800000	5684
A01	65600001	66600000	6410
A01	66400001	67400000	5899
A01	67200001	68200000	5745
A01	68000001	69000000	9313
A01	68800001	69800000	9891
A01	69600001	70600000	6443
A01	70400001	71400000	9401
A01	71200001	72200000	9133
A01	72000001	73000000	7462
A01	72800001	73800000	8128
A01	73600001	74600000	7198
A01	74400001	75400000	9637
A01	75200001	76200000	7406
A01	76000001	77000000	8833
A01	76800001	77800000	10056
A01	77600001	78600000	8708
A01	78400001	79400000	9267
A01	79200001	80200000	7210
A01	80000001	81000000	6888
A01	80800001	81800000	7132
A01	81600001	82600000	8352
A01	82400001	83400000	8297
A01	83200001	84200000	8114
A01	84000001	85000000	7943
A01	84800001	85800000	9443
A01	85600001	86600000	9928
A01	86400001	87400000	10520
A01	87200001	88200000	9682
A01	88000001	89000000	11151
A01	88800001	89800000	12618
A01	89600001	90600000	9602
A01	90400001	91400000	8204
A01	91200001	92200000	11249
A01	92000001	93000000	10955
A01	92800001	93800000	11166
A01	93600001	94600000	9147
A01	94400001	95400000	9090
A01	95200001	96200000	8127
A01	96000001	97000000	11530
A01	96800001	97800000	11515
A01	97600001	98600000	5631
A01	98400001	99400000	3210
A01	99200001	99884700	3642
A02	1	1000000	1727
A02	800001	1800000	2249
A02	1600001	2600000	5549
A02	2400001	3400000	5357
A02	3200001	4200000	4956
A02	4000001	5000000	12476
A02	4800001	5800000	9558
A02	5600001	6600000	9515
A02	6400001	7400000	7714
A02	7200001	8200000	8051
A02	8000001	9000000	12966
A02	8800001	9800000	13909
A02	9600001	10600000	13261
A02	10400001	11400000	10957
A02	11200001	12200000	12355
A02	12000001	13000000	11739
A02	12800001	13800000	10579
A02	13600001	14600000	10605
A02	14400001	15400000	10188
A02	15200001	16200000	9193
A02	16000001	17000000	10642
A02	16800001	17800000	9194
A02	17600001	18600000	10213
A02	18400001	19400000	8945
A02	19200001	20200000	10546
A02	20000001	21000000	9087
A02	20800001	21800000	9952
A02	21600001	22600000	8312
A02	22400001	23400000	6976
A02	23200001	24200000	9156
A02	24000001	25000000	7662
A02	24800001	25800000	8229
A02	25600001	26600000	8145
A02	26400001	27400000	7910
A02	27200001	28200000	7517
A02	28000001	29000000	6734
A02	28800001	29800000	8846
A02	29600001	30600000	7711
A02	30400001	31400000	7635
A02	31200001	32200000	8029
A02	32000001	33000000	9681
A02	32800001	33800000	7493
A02	33600001	34600000	8054
A02	34400001	35400000	8572
A02	35200001	36200000	6909
A02	36000001	37000000	7797
A02	36800001	37800000	8362
A02	37600001	38600000	8779
A02	38400001	39400000	8834
A02	39200001	40200000	7660
A02	40000001	41000000	7882
A02	40800001	41800000	7890
A02	41600001	42600000	9404
A02	42400001	43400000	10118
A02	43200001	44200000	9725
A02	44000001	45000000	7724
A02	44800001	45800000	8596
A02	45600001	46600000	8396
A02	46400001	47400000	7700
A02	47200001	48200000	6986
A02	48000001	49000000	7159
A02	48800001	49800000	6610
A02	49600001	50600000	8564
A02	50400001	51400000	7746
A02	51200001	52200000	9497
A02	52000001	53000000	7239
A02	52800001	53800000	8096
A02	53600001	54600000	6831
A02	54400001	55400000	8475
A02	55200001	56200000	8437
A02	56000001	57000000	7645
A02	56800001	57800000	7166
A02	57600001	58600000	8142
A02	58400001	59400000	6599
A02	59200001	60200000	9204
A02	60000001	61000000	7464
A02	60800001	61800000	8818
A02	61600001	62600000	9368
A02	62400001	63400000	8547
A02	63200001	64200000	7087
A02	64000001	65000000	6904
A02	64800001	65800000	8320
A02	65600001	66600000	9315
A02	66400001	67400000	9730
A02	67200001	68200000	7427
A02	68000001	69000000	7488
A02	68800001	69800000	9826
A02	69600001	70600000	7361
A02	70400001	71400000	9908
A02	71200001	72200000	9652
A02	72000001	73000000	10349
A02	72800001	73800000	11177
A02	73600001	74600000	13671
A02	74400001	75400000	12763
A02	75200001	76200000	11379
A02	76000001	77000000	11480
A02	76800001	77800000	11449
A02	77600001	78600000	10123
A02	78400001	79400000	6852
A02	79200001	80200000	8083
A02	80000001	81000000	8891
A02	80800001	81800000	6905
A02	81600001	82600000	5425
A02	82400001	83400000	1344
A02	83200001	83447906	267
A03	1	1000000	7218
A03	800001	1800000	5273
A03	1600001	2600000	3826
A03	2400001	3400000	3944
A03	3200001	4200000	6108
A03	4000001	5000000	10082
A03	4800001	5800000	11680
A03	5600001	6600000	10566
A03	6400001	7400000	8320
A03	7200001	8200000	10732
A03	8000001	9000000	10783
A03	8800001	9800000	11264
A03	9600001	10600000	8895
A03	10400001	11400000	8985
A03	11200001	12200000	10198
A03	12000001	13000000	11170
A03	12800001	13800000	11774
A03	13600001	14600000	11501
A03	14400001	15400000	12429
A03	15200001	16200000	11789
A03	16000001	17000000	9522
A03	16800001	17800000	12040
A03	17600001	18600000	12467
A03	18400001	19400000	9395
A03	19200001	20200000	7382
A03	20000001	21000000	8281
A03	20800001	21800000	8756
A03	21600001	22600000	6078
A03	22400001	23400000	7358
A03	23200001	24200000	6289
A03	24000001	25000000	7598
A03	24800001	25800000	6600
A03	25600001	26600000	6575
A03	26400001	27400000	6614
A03	27200001	28200000	8427
A03	28000001	29000000	6046
A03	28800001	29800000	6580
A03	29600001	30600000	6774
A03	30400001	31400000	7499
A03	31200001	32200000	6019
A03	32000001	33000000	8250
A03	32800001	33800000	9747
A03	33600001	34600000	6210
A03	34400001	35400000	6793
A03	35200001	36200000	3563
A03	36000001	37000000	6901
A03	36800001	37800000	6871
A03	37600001	38600000	7072
A03	38400001	39400000	7928
A03	39200001	40200000	8395
A03	40000001	41000000	7832
A03	40800001	41800000	6363
A03	41600001	42600000	7057
A03	42400001	43400000	6214
A03	43200001	44200000	8654
A03	44000001	45000000	8958
A03	44800001	45800000	9037
A03	45600001	46600000	7097
A03	46400001	47400000	6543
A03	47200001	48200000	6681
A03	48000001	49000000	8407
A03	48800001	49800000	7331
A03	49600001	50600000	5135
A03	50400001	51400000	4688
A03	51200001	52200000	5609
A03	52000001	53000000	5125
A03	52800001	53800000	5466
A03	53600001	54600000	5507
A03	54400001	55400000	5685
A03	55200001	56200000	6861
A03	56000001	57000000	7946
A03	56800001	57800000	8737
A03	57600001	58600000	8800
A03	58400001	59400000	10080
A03	59200001	60200000	9827
A03	60000001	61000000	9135
A03	60800001	61800000	7899
A03	61600001	62600000	8526
A03	62400001	63400000	9424
A03	63200001	64200000	9534
A03	64000001	65000000	9736
A03	64800001	65800000	9280
A03	65600001	66600000	10899
A03	66400001	67400000	8283
A03	67200001	68200000	8091
A03	68000001	69000000	7900
A03	68800001	69800000	7203
A03	69600001	70600000	6508
A03	70400001	71400000	7262
A03	71200001	72200000	7765
A03	72000001	73000000	11083
A03	72800001	73800000	7607
A03	73600001	74600000	9711
A03	74400001	75400000	8184
A03	75200001	76200000	9416
A03	76000001	77000000	8545
A03	76800001	77800000	8773
A03	77600001	78600000	8464
A03	78400001	79400000	9712
A03	79200001	80200000	10263
A03	80000001	81000000	7697
A03	80800001	81800000	11144
A03	81600001	82600000	13473
A03	82400001	83400000	10797
A03	83200001	84200000	9397
A03	84000001	85000000	8723
A03	84800001	85800000	8104
A03	85600001	86600000	11375
A03	86400001	87400000	9081
A03	87200001	88200000	10336
A03	88000001	89000000	10743
A03	88800001	89800000	12338
A03	89600001	90600000	11616
A03	90400001	91400000	9412
A03	91200001	92200000	9846
A03	92000001	93000000	10342
A03	92800001	93800000	12250
A03	93600001	94600000	10364
A03	94400001	95400000	8155
A03	95200001	96200000	6895
A03	96000001	97000000	7532
A03	96800001	97800000	3954
A03	97600001	98600000	5251
A03	98400001	99400000	3366
A03	99200001	100200000	2224
A03	100000001	100263045	1075
A04	1	1000000	7203
A04	800001	1800000	4921
A04	1600001	2600000	6243
A04	2400001	3400000	7808
A04	3200001	4200000	5940
A04	4000001	5000000	6298
A04	4800001	5800000	9565
A04	5600001	6600000	7906
A04	6400001	7400000	7274
A04	7200001	8200000	10167
A04	8000001	9000000	9942
A04	8800001	9800000	8963
A04	9600001	10600000	9415
A04	10400001	11400000	7396
A04	11200001	12200000	7879
A04	12000001	13000000	10100
A04	12800001	13800000	9132
A04	13600001	14600000	7554
A04	14400001	15400000	9231
A04	15200001	16200000	8153
A04	16000001	17000000	7829
A04	16800001	17800000	8171
A04	17600001	18600000	6651
A04	18400001	19400000	7092
A04	19200001	20200000	7156
A04	20000001	21000000	7553
A04	20800001	21800000	5506
A04	21600001	22600000	6883
A04	22400001	23400000	4936
A04	23200001	24200000	7063
A04	24000001	25000000	7552
A04	24800001	25800000	7859
A04	25600001	26600000	7689
A04	26400001	27400000	7347
A04	27200001	28200000	9506
A04	28000001	29000000	6382
A04	28800001	29800000	6415
A04	29600001	30600000	7275
A04	30400001	31400000	7338
A04	31200001	32200000	6817
A04	32000001	33000000	7340
A04	32800001	33800000	5494
A04	33600001	34600000	5682
A04	34400001	35400000	7796
A04	35200001	36200000	8296
A04	36000001	37000000	8132
A04	36800001	37800000	8302
A04	37600001	38600000	7435
A04	38400001	39400000	9903
A04	39200001	40200000	8931
A04	40000001	41000000	11178
A04	40800001	41800000	8768
A04	41600001	42600000	6603
A04	42400001	43400000	6720
A04	43200001	44200000	10390
A04	44000001	45000000	11680
A04	44800001	45800000	10229
A04	45600001	46600000	9970
A04	46400001	47400000	7503
A04	47200001	48200000	10291
A04	48000001	49000000	10868
A04	48800001	49800000	10748
A04	49600001	50600000	10057
A04	50400001	51400000	12483
A04	51200001	52200000	11592
A04	52000001	53000000	10900
A04	52800001	53800000	9867
A04	53600001	54600000	8211
A04	54400001	55400000	9829
A04	55200001	56200000	9297
A04	56000001	57000000	11049
A04	56800001	57800000	9821
A04	57600001	58600000	10736
A04	58400001	59400000	6347
A04	59200001	60200000	8561
A04	60000001	61000000	5414
A04	60800001	61800000	5464
A04	61600001	62600000	3360
A04	62400001	62913772	760
A05	1	1000000	3325
A05	800001	1800000	1835
A05	1600001	2600000	2076
A05	2400001	3400000	2196
A05	3200001	4200000	1357
A05	4000001	5000000	2183
A05	4800001	5800000	1340
A05	5600001	6600000	1859
A05	6400001	7400000	2699
A05	7200001	8200000	1602
A05	8000001	9000000	1293
A05	8800001	9800000	1937
A05	9600001	10600000	3318
A05	10400001	11400000	2255
A05	11200001	12200000	2332
A05	12000001	13000000	3091
A05	12800001	13800000	4466
A05	13600001	14600000	3765
A05	14400001	15400000	2865
A05	15200001	16200000	3719
A05	16000001	17000000	4686
A05	16800001	17800000	3271
A05	17600001	18600000	4280
A05	18400001	19400000	2551
A05	19200001	20200000	5313
A05	20000001	21000000	8115
A05	20800001	21800000	6060
A05	21600001	22600000	8039
A05	22400001	23400000	8966
A05	23200001	24200000	5549
A05	24000001	25000000	5743
A05	24800001	25800000	8174
A05	25600001	26600000	10602
A05	26400001	27400000	7187
A05	27200001	28200000	7416
A05	28000001	29000000	12822
A05	28800001	29800000	10927
A05	29600001	30600000	9639
A05	30400001	31400000	12566
A05	31200001	32200000	10615
A05	32000001	33000000	10456
A05	32800001	33800000	12329
A05	33600001	34600000	11052
A05	34400001	35400000	11731
A05	35200001	36200000	10001
A05	36000001	37000000	9584
A05	36800001	37800000	11014
A05	37600001	38600000	11056
A05	38400001	39400000	9517
A05	39200001	40200000	10148
A05	40000001	41000000	7639
A05	40800001	41800000	8816
A05	41600001	42600000	8457
A05	42400001	43400000	9553
A05	43200001	44200000	8298
A05	44000001	45000000	10846
A05	44800001	45800000	7489
A05	45600001	46600000	6474
A05	46400001	47400000	7749
A05	47200001	48200000	9985
A05	48000001	49000000	6951
A05	48800001	49800000	6121
A05	49600001	50600000	8112
A05	50400001	51400000	10317
A05	51200001	52200000	8846
A05	52000001	53000000	8440
A05	52800001	53800000	5258
A05	53600001	54600000	9420
A05	54400001	55400000	8812
A05	55200001	56200000	10569
A05	56000001	57000000	7674
A05	56800001	57800000	9288
A05	57600001	58600000	8691
A05	58400001	59400000	6789
A05	59200001	60200000	5286
A05	60000001	61000000	6314
A05	60800001	61800000	9007
A05	61600001	62600000	18254
A05	62400001	63400000	7446
A05	63200001	64200000	5214
A05	64000001	65000000	8453
A05	64800001	65800000	9160
A05	65600001	66600000	7397
A05	66400001	67400000	9328
A05	67200001	68200000	7734
A05	68000001	69000000	7780
A05	68800001	69800000	9870
A05	69600001	70600000	11013
A05	70400001	71400000	9965
A05	71200001	72200000	7889
A05	72000001	73000000	9836
A05	72800001	73800000	11098
A05	73600001	74600000	9780
A05	74400001	75400000	9655
A05	75200001	76200000	8488
A05	76000001	77000000	10787
A05	76800001	77800000	14256
A05	77600001	78600000	9185
A05	78400001	79400000	10875
A05	79200001	80200000	12385
A05	80000001	81000000	12113
A05	80800001	81800000	9729
A05	81600001	82600000	11079
A05	82400001	83400000	12694
A05	83200001	84200000	7809
A05	84000001	85000000	12043
A05	84800001	85800000	9520
A05	85600001	86600000	9025
A05	86400001	87400000	10006
A05	87200001	88200000	6727
A05	88000001	89000000	6123
A05	88800001	89800000	6745
A05	89600001	90600000	8473
A05	90400001	91400000	3996
A05	91200001	92200000	2689
A05	92000001	92047023	147
A06	1	1000000	2080
A06	800001	1800000	6922
A06	1600001	2600000	7471
A06	2400001	3400000	7202
A06	3200001	4200000	8682
A06	4000001	5000000	11780
A06	4800001	5800000	11473
A06	5600001	6600000	11048
A06	6400001	7400000	8702
A06	7200001	8200000	12862
A06	8000001	9000000	11768
A06	8800001	9800000	9402
A06	9600001	10600000	9768
A06	10400001	11400000	9576
A06	11200001	12200000	10427
A06	12000001	13000000	9954
A06	12800001	13800000	8153
A06	13600001	14600000	9260
A06	14400001	15400000	9002
A06	15200001	16200000	10954
A06	16000001	17000000	11286
A06	16800001	17800000	9223
A06	17600001	18600000	10912
A06	18400001	19400000	12138
A06	19200001	20200000	10518
A06	20000001	21000000	10882
A06	20800001	21800000	10223
A06	21600001	22600000	8900
A06	22400001	23400000	8827
A06	23200001	24200000	8778
A06	24000001	25000000	8885
A06	24800001	25800000	8055
A06	25600001	26600000	5920
A06	26400001	27400000	8942
A06	27200001	28200000	9583
A06	28000001	29000000	9647
A06	28800001	29800000	10299
A06	29600001	30600000	7972
A06	30400001	31400000	10280
A06	31200001	32200000	10574
A06	32000001	33000000	9191
A06	32800001	33800000	10480
A06	33600001	34600000	10305
A06	34400001	35400000	8217
A06	35200001	36200000	9897
A06	36000001	37000000	9778
A06	36800001	37800000	9462
A06	37600001	38600000	9395
A06	38400001	39400000	7620
A06	39200001	40200000	9534
A06	40000001	41000000	7286
A06	40800001	41800000	8135
A06	41600001	42600000	7977
A06	42400001	43400000	8734
A06	43200001	44200000	7234
A06	44000001	45000000	6019
A06	44800001	45800000	8166
A06	45600001	46600000	5611
A06	46400001	47400000	5391
A06	47200001	48200000	6376
A06	48000001	49000000	7177
A06	48800001	49800000	7955
A06	49600001	50600000	7568
A06	50400001	51400000	6954
A06	51200001	52200000	7138
A06	52000001	53000000	6236
A06	52800001	53800000	5283
A06	53600001	54600000	5583
A06	54400001	55400000	6082
A06	55200001	56200000	6204
A06	56000001	57000000	5253
A06	56800001	57800000	6041
A06	57600001	58600000	6874
A06	58400001	59400000	8115
A06	59200001	60200000	6260
A06	60000001	61000000	6122
A06	60800001	61800000	6892
A06	61600001	62600000	4766
A06	62400001	63400000	6224
A06	63200001	64200000	7335
A06	64000001	65000000	6755
A06	64800001	65800000	6541
A06	65600001	66600000	8526
A06	66400001	67400000	8237
A06	67200001	68200000	8285
A06	68000001	69000000	8379
A06	68800001	69800000	6041
A06	69600001	70600000	7684
A06	70400001	71400000	5613
A06	71200001	72200000	6335
A06	72000001	73000000	6075
A06	72800001	73800000	7581
A06	73600001	74600000	5721
A06	74400001	75400000	7776
A06	75200001	76200000	7381
A06	76000001	77000000	8495
A06	76800001	77800000	8649
A06	77600001	78600000	8084
A06	78400001	79400000	8623
A06	79200001	80200000	8608
A06	80000001	81000000	7349
A06	80800001	81800000	8235
A06	81600001	82600000	7000
A06	82400001	83400000	7214
A06	83200001	84200000	7284
A06	84000001	85000000	7039
A06	84800001	85800000	7844
A06	85600001	86600000	7652
A06	86400001	87400000	8389
A06	87200001	88200000	8615
A06	88000001	89000000	11288
A06	88800001	89800000	10494
A06	89600001	90600000	10615
A06	90400001	91400000	10831
A06	91200001	92200000	10663
A06	92000001	93000000	10046
A06	92800001	93800000	9807
A06	93600001	94600000	10157
A06	94400001	95400000	10342
A06	95200001	96200000	10397
A06	96000001	97000000	10761
A06	96800001	97800000	10365
A06	97600001	98600000	10262
A06	98400001	99400000	12132
A06	99200001	100200000	9318
A06	100000001	101000000	9404
A06	100800001	101800000	7220
A06	101600001	102600000	2551
A06	102400001	103170444	1832
A07	1	1000000	3340
A07	800001	1800000	2230
A07	1600001	2600000	2842
A07	2400001	3400000	5137
A07	3200001	4200000	4795
A07	4000001	5000000	2189
A07	4800001	5800000	5401
A07	5600001	6600000	7353
A07	6400001	7400000	10162
A07	7200001	8200000	8096
A07	8000001	9000000	7685
A07	8800001	9800000	11275
A07	9600001	10600000	13453
A07	10400001	11400000	15032
A07	11200001	12200000	12056
A07	12000001	13000000	8639
A07	12800001	13800000	8793
A07	13600001	14600000	9345
A07	14400001	15400000	15662
A07	15200001	16200000	13072
A07	16000001	17000000	8997
A07	16800001	17800000	10359
A07	17600001	18600000	11103
A07	18400001	19400000	13023
A07	19200001	20200000	12848
A07	20000001	21000000	11650
A07	20800001	21800000	12520
A07	21600001	22600000	13164
A07	22400001	23400000	9736
A07	23200001	24200000	12259
A07	24000001	25000000	12471
A07	24800001	25800000	10462
A07	25600001	26600000	9844
A07	26400001	27400000	11284
A07	27200001	28200000	15145
A07	28000001	29000000	12022
A07	28800001	29800000	10278
A07	29600001	30600000	13578
A07	30400001	31400000	10797
A07	31200001	32200000	8807
A07	32000001	33000000	9920
A07	32800001	33800000	11185
A07	33600001	34600000	9390
A07	34400001	35400000	7929
A07	35200001	36200000	9046
A07	36000001	37000000	6933
A07	36800001	37800000	8319
A07	37600001	38600000	9782
A07	38400001	39400000	10939
A07	39200001	40200000	9606
A07	40000001	41000000	10338
A07	40800001	41800000	9555
A07	41600001	42600000	7170
A07	42400001	43400000	6088
A07	43200001	44200000	6458
A07	44000001	45000000	9599
A07	44800001	45800000	10519
A07	45600001	46600000	8650
A07	46400001	47400000	5816
A07	47200001	48200000	6932
A07	48000001	49000000	6890
A07	48800001	49800000	4919
A07	49600001	50600000	6821
A07	50400001	51400000	7096
A07	51200001	52200000	7181
A07	52000001	53000000	7481
A07	52800001	53800000	7105
A07	53600001	54600000	6328
A07	54400001	55400000	8928
A07	55200001	56200000	9269
A07	56000001	57000000	6680
A07	56800001	57800000	7454
A07	57600001	58600000	7985
A07	58400001	59400000	6439
A07	59200001	60200000	5056
A07	60000001	61000000	8430
A07	60800001	61800000	8415
A07	61600001	62600000	10672
A07	62400001	63400000	10263
A07	63200001	64200000	10172
A07	64000001	65000000	9910
A07	64800001	65800000	9760
A07	65600001	66600000	10185
A07	66400001	67400000	7630
A07	67200001	68200000	10386
A07	68000001	69000000	14235
A07	68800001	69800000	10599
A07	69600001	70600000	9447
A07	70400001	71400000	10471
A07	71200001	72200000	8696
A07	72000001	73000000	8271
A07	72800001	73800000	7016
A07	73600001	74600000	9949
A07	74400001	75400000	7505
A07	75200001	76200000	10215
A07	76000001	77000000	6027
A07	76800001	77800000	7075
A07	77600001	78251018	5784
A08	1	1000000	1829
A08	800001	1800000	5015
A08	1600001	2600000	7454
A08	2400001	3400000	8165
A08	3200001	4200000	5861
A08	4000001	5000000	9353
A08	4800001	5800000	8461
A08	5600001	6600000	7905
A08	6400001	7400000	9001
A08	7200001	8200000	8980
A08	8000001	9000000	8550
A08	8800001	9800000	10097
A08	9600001	10600000	11828
A08	10400001	11400000	9811
A08	11200001	12200000	12083
A08	12000001	13000000	9283
A08	12800001	13800000	12298
A08	13600001	14600000	9708
A08	14400001	15400000	7404
A08	15200001	16200000	8441
A08	16000001	17000000	8403
A08	16800001	17800000	9791
A08	17600001	18600000	9701
A08	18400001	19400000	10134
A08	19200001	20200000	8124
A08	20000001	21000000	7823
A08	20800001	21800000	10174
A08	21600001	22600000	8624
A08	22400001	23400000	7702
A08	23200001	24200000	7152
A08	24000001	25000000	7351
A08	24800001	25800000	7929
A08	25600001	26600000	7444
A08	26400001	27400000	6889
A08	27200001	28200000	6443
A08	28000001	29000000	5585
A08	28800001	29800000	6757
A08	29600001	30600000	6363
A08	30400001	31400000	5496
A08	31200001	32200000	5375
A08	32000001	33000000	6028
A08	32800001	33800000	6792
A08	33600001	34600000	7610
A08	34400001	35400000	7004
A08	35200001	36200000	7672
A08	36000001	37000000	8181
A08	36800001	37800000	6069
A08	37600001	38600000	5917
A08	38400001	39400000	7254
A08	39200001	40200000	6336
A08	40000001	41000000	7357
A08	40800001	41800000	6190
A08	41600001	42600000	7227
A08	42400001	43400000	8121
A08	43200001	44200000	6375
A08	44000001	45000000	6505
A08	44800001	45800000	4569
A08	45600001	46600000	2801
A08	46400001	47400000	5402
A08	47200001	48200000	6241
A08	48000001	49000000	6740
A08	48800001	49800000	7000
A08	49600001	50600000	7247
A08	50400001	51400000	5245
A08	51200001	52200000	8640
A08	52000001	53000000	7727
A08	52800001	53800000	7593
A08	53600001	54600000	6111
A08	54400001	55400000	3194
A08	55200001	56200000	6832
A08	56000001	57000000	6437
A08	56800001	57800000	6205
A08	57600001	58600000	9183
A08	58400001	59400000	7600
A08	59200001	60200000	9136
A08	60000001	61000000	7174
A08	60800001	61800000	7789
A08	61600001	62600000	6858
A08	62400001	63400000	6957
A08	63200001	64200000	6478
A08	64000001	65000000	7775
A08	64800001	65800000	8042
A08	65600001	66600000	9449
A08	66400001	67400000	7865
A08	67200001	68200000	8718
A08	68000001	69000000	8085
A08	68800001	69800000	8597
A08	69600001	70600000	10286
A08	70400001	71400000	10702
A08	71200001	72200000	10411
A08	72000001	73000000	9916
A08	72800001	73800000	8899
A08	73600001	74600000	9471
A08	74400001	75400000	6834
A08	75200001	76200000	8145
A08	76000001	77000000	8888
A08	76800001	77800000	10194
A08	77600001	78600000	10062
A08	78400001	79400000	11589
A08	79200001	80200000	11794
A08	80000001	81000000	12592
A08	80800001	81800000	12071
A08	81600001	82600000	11247
A08	82400001	83400000	10246
A08	83200001	84200000	11272
A08	84000001	85000000	11804
A08	84800001	85800000	10069
A08	85600001	86600000	11803
A08	86400001	87400000	11210
A08	87200001	88200000	10343
A08	88000001	89000000	11421
A08	88800001	89800000	9283
A08	89600001	90600000	5374
A08	90400001	91400000	10680
A08	91200001	92200000	12413
A08	92000001	93000000	11123
A08	92800001	93800000	13523
A08	93600001	94600000	12180
A08	94400001	95400000	11820
A08	95200001	96200000	5717
A08	96000001	97000000	8545
A08	96800001	97800000	7728
A08	97600001	98600000	6686
A08	98400001	99400000	7001
A08	99200001	100200000	7093
A08	100000001	101000000	4783
A08	100800001	101800000	1802
A08	101600001	102600000	1695
A08	102400001	103400000	1761
A08	103200001	103626341	2852
A09	1	1000000	4992
A09	800001	1800000	6052
A09	1600001	2600000	5662
A09	2400001	3400000	3685
A09	3200001	4200000	4899
A09	4000001	5000000	4852
A09	4800001	5800000	5193
A09	5600001	6600000	4389
A09	6400001	7400000	5947
A09	7200001	8200000	6280
A09	8000001	9000000	7386
A09	8800001	9800000	5629
A09	9600001	10600000	6029
A09	10400001	11400000	4838
A09	11200001	12200000	4873
A09	12000001	13000000	4338
A09	12800001	13800000	5439
A09	13600001	14600000	6082
A09	14400001	15400000	7673
A09	15200001	16200000	7537
A09	16000001	17000000	5433
A09	16800001	17800000	6590
A09	17600001	18600000	6743
A09	18400001	19400000	6459
A09	19200001	20200000	8170
A09	20000001	21000000	7753
A09	20800001	21800000	5683
A09	21600001	22600000	5993
A09	22400001	23400000	7333
A09	23200001	24200000	5650
A09	24000001	25000000	7046
A09	24800001	25800000	5042
A09	25600001	26600000	6144
A09	26400001	27400000	7282
A09	27200001	28200000	6982
A09	28000001	29000000	7340
A09	28800001	29800000	5965
A09	29600001	30600000	5630
A09	30400001	31400000	7998
A09	31200001	32200000	7163
A09	32000001	33000000	7521
A09	32800001	33800000	7305
A09	33600001	34600000	8384
A09	34400001	35400000	7622
A09	35200001	36200000	5700
A09	36000001	37000000	6291
A09	36800001	37800000	8910
A09	37600001	38600000	9065
A09	38400001	39400000	9554
A09	39200001	40200000	8758
A09	40000001	41000000	10017
A09	40800001	41800000	10209
A09	41600001	42600000	10721
A09	42400001	43400000	10143
A09	43200001	44200000	11703
A09	44000001	45000000	8391
A09	44800001	45800000	7374
A09	45600001	46600000	8886
A09	46400001	47400000	9926
A09	47200001	48200000	9220
A09	48000001	49000000	8404
A09	48800001	49800000	11162
A09	49600001	50600000	9433
A09	50400001	51400000	10645
A09	51200001	52200000	9640
A09	52000001	53000000	9087
A09	52800001	53800000	10696
A09	53600001	54600000	13890
A09	54400001	55400000	8275
A09	55200001	56200000	6870
A09	56000001	57000000	11717
A09	56800001	57800000	9405
A09	57600001	58600000	7929
A09	58400001	59400000	8332
A09	59200001	60200000	8099
A09	60000001	61000000	7470
A09	60800001	61800000	9398
A09	61600001	62600000	10618
A09	62400001	63400000	6965
A09	63200001	64200000	8967
A09	64000001	65000000	7954
A09	64800001	65800000	6010
A09	65600001	66600000	8897
A09	66400001	67400000	7326
A09	67200001	68200000	4158
A09	68000001	69000000	3936
A09	68800001	69800000	2945
A09	69600001	70600000	2063
A09	70400001	71400000	3972
A09	71200001	72200000	4494
A09	72000001	73000000	2318
A09	72800001	73800000	1395
A09	73600001	74600000	3205
A09	74400001	74999931	592
A10	1	1000000	2873
A10	800001	1800000	4060
A10	1600001	2600000	2018
A10	2400001	3400000	2203
A10	3200001	4200000	5119
A10	4000001	5000000	7276
A10	4800001	5800000	7226
A10	5600001	6600000	10216
A10	6400001	7400000	9441
A10	7200001	8200000	11732
A10	8000001	9000000	12061
A10	8800001	9800000	10526
A10	9600001	10600000	10669
A10	10400001	11400000	10812
A10	11200001	12200000	8274
A10	12000001	13000000	6181
A10	12800001	13800000	9027
A10	13600001	14600000	10129
A10	14400001	15400000	10087
A10	15200001	16200000	12055
A10	16000001	17000000	10538
A10	16800001	17800000	10651
A10	17600001	18600000	10362
A10	18400001	19400000	10356
A10	19200001	20200000	12383
A10	20000001	21000000	9022
A10	20800001	21800000	10619
A10	21600001	22600000	9231
A10	22400001	23400000	7647
A10	23200001	24200000	6604
A10	24000001	25000000	5778
A10	24800001	25800000	7031
A10	25600001	26600000	7694
A10	26400001	27400000	8071
A10	27200001	28200000	7499
A10	28000001	29000000	8734
A10	28800001	29800000	6682
A10	29600001	30600000	7369
A10	30400001	31400000	5964
A10	31200001	32200000	7692
A10	32000001	33000000	5893
A10	32800001	33800000	5624
A10	33600001	34600000	8081
A10	34400001	35400000	8261
A10	35200001	36200000	6095
A10	36000001	37000000	4729
A10	36800001	37800000	6070
A10	37600001	38600000	6566
A10	38400001	39400000	7462
A10	39200001	40200000	6947
A10	40000001	41000000	6788
A10	40800001	41800000	5220
A10	41600001	42600000	6816
A10	42400001	43400000	7996
A10	43200001	44200000	6636
A10	44000001	45000000	7010
A10	44800001	45800000	7058
A10	45600001	46600000	7261
A10	46400001	47400000	7397
A10	47200001	48200000	8843
A10	48000001	49000000	8175
A10	48800001	49800000	8180
A10	49600001	50600000	9611
A10	50400001	51400000	7545
A10	51200001	52200000	7320
A10	52000001	53000000	8060
A10	52800001	53800000	5627
A10	53600001	54600000	6953
A10	54400001	55400000	8330
A10	55200001	56200000	7012
A10	56000001	57000000	8627
A10	56800001	57800000	10588
A10	57600001	58600000	10925
A10	58400001	59400000	10491
A10	59200001	60200000	10337
A10	60000001	61000000	11643
A10	60800001	61800000	10897
A10	61600001	62600000	11041
A10	62400001	63400000	8861
A10	63200001	64200000	10009
A10	64000001	65000000	9045
A10	64800001	65800000	9569
A10	65600001	66600000	10249
A10	66400001	67400000	10600
A10	67200001	68200000	7718
A10	68000001	69000000	8700
A10	68800001	69800000	8886
A10	69600001	70600000	10098
A10	70400001	71400000	9228
A10	71200001	72200000	11400
A10	72000001	73000000	9600
A10	72800001	73800000	8135
A10	73600001	74600000	7797
A10	74400001	75400000	7059
A10	75200001	76200000	7776
A10	76000001	77000000	13138
A10	76800001	77800000	11755
A10	77600001	78600000	11393
A10	78400001	79400000	10810
A10	79200001	80200000	13148
A10	80000001	81000000	11672
A10	80800001	81800000	9315
A10	81600001	82600000	12232
A10	82400001	83400000	10981
A10	83200001	84200000	10792
A10	84000001	85000000	11749
A10	84800001	85800000	10374
A10	85600001	86600000	9748
A10	86400001	87400000	11564
A10	87200001	88200000	9218
A10	88000001	89000000	11788
A10	88800001	89800000	13129
A10	89600001	90600000	10327
A10	90400001	91400000	8886
A10	91200001	92200000	7661
A10	92000001	93000000	10335
A10	92800001	93800000	9998
A10	93600001	94600000	11634
A10	94400001	95400000	7820
A10	95200001	96200000	6698
A10	96000001	97000000	5281
A10	96800001	97800000	6648
A10	97600001	98600000	7037
A10	98400001	99400000	7275
A10	99200001	100200000	5655
A10	100000001	101000000	5226
A10	100800001	100866604	74
A11	1	1000000	4499
A11	800001	1800000	2647
A11	1600001	2600000	2469
A11	2400001	3400000	1915
A11	3200001	4200000	3453
A11	4000001	5000000	3585
A11	4800001	5800000	4645
A11	5600001	6600000	3517
A11	6400001	7400000	5312
A11	7200001	8200000	3285
A11	8000001	9000000	4702
A11	8800001	9800000	8167
A11	9600001	10600000	7128
A11	10400001	11400000	6271
A11	11200001	12200000	6878
A11	12000001	13000000	7767
A11	12800001	13800000	9138
A11	13600001	14600000	10070
A11	14400001	15400000	7293
A11	15200001	16200000	7666
A11	16000001	17000000	12214
A11	16800001	17800000	8306
A11	17600001	18600000	8983
A11	18400001	19400000	11885
A11	19200001	20200000	10910
A11	20000001	21000000	10296
A11	20800001	21800000	13970
A11	21600001	22600000	9115
A11	22400001	23400000	11971
A11	23200001	24200000	11776
A11	24000001	25000000	14627
A11	24800001	25800000	11284
A11	25600001	26600000	11906
A11	26400001	27400000	10813
A11	27200001	28200000	11394
A11	28000001	29000000	8058
A11	28800001	29800000	9637
A11	29600001	30600000	10026
A11	30400001	31400000	8680
A11	31200001	32200000	8397
A11	32000001	33000000	8507
A11	32800001	33800000	7975
A11	33600001	34600000	7512
A11	34400001	35400000	7282
A11	35200001	36200000	8416
A11	36000001	37000000	9836
A11	36800001	37800000	8619
A11	37600001	38600000	6947
A11	38400001	39400000	6740
A11	39200001	40200000	5386
A11	40000001	41000000	7889
A11	40800001	41800000	6335
A11	41600001	42600000	6186
A11	42400001	43400000	9346
A11	43200001	44200000	8512
A11	44000001	45000000	6731
A11	44800001	45800000	5972
A11	45600001	46600000	8732
A11	46400001	47400000	8884
A11	47200001	48200000	8016
A11	48000001	49000000	6434
A11	48800001	49800000	9673
A11	49600001	50600000	7995
A11	50400001	51400000	8293
A11	51200001	52200000	8961
A11	52000001	53000000	9593
A11	52800001	53800000	10210
A11	53600001	54600000	8353
A11	54400001	55400000	7012
A11	55200001	56200000	8701
A11	56000001	57000000	10032
A11	56800001	57800000	7211
A11	57600001	58600000	6682
A11	58400001	59400000	7419
A11	59200001	60200000	6590
A11	60000001	61000000	9612
A11	60800001	61800000	6569
A11	61600001	62600000	7491
A11	62400001	63400000	9361
A11	63200001	64200000	11947
A11	64000001	65000000	9687
A11	64800001	65800000	8753
A11	65600001	66600000	7612
A11	66400001	67400000	7728
A11	67200001	68200000	10097
A11	68000001	69000000	9632
A11	68800001	69800000	10962
A11	69600001	70600000	8397
A11	70400001	71400000	9544
A11	71200001	72200000	8846
A11	72000001	73000000	8831
A11	72800001	73800000	8758
A11	73600001	74600000	6817
A11	74400001	75400000	7048
A11	75200001	76200000	7494
A11	76000001	77000000	8776
A11	76800001	77800000	11304
A11	77600001	78600000	10591
A11	78400001	79400000	11510
A11	79200001	80200000	11650
A11	80000001	81000000	9661
A11	80800001	81800000	9575
A11	81600001	82600000	11178
A11	82400001	83400000	9264
A11	83200001	84200000	6575
A11	84000001	85000000	9605
A11	84800001	85800000	9157
A11	85600001	86600000	9746
A11	86400001	87400000	9368
A11	87200001	88200000	6931
A11	88000001	89000000	4200
A11	88800001	89800000	7641
A11	89600001	90600000	6872
A11	90400001	91400000	6323
A11	91200001	92200000	6372
A11	92000001	93000000	4814
A11	92800001	93316192	910
A12	1	1000000	6413
A12	800001	1800000	6226
A12	1600001	2600000	6231
A12	2400001	3400000	7964
A12	3200001	4200000	8369
A12	4000001	5000000	12108
A12	4800001	5800000	10648
A12	5600001	6600000	10048
A12	6400001	7400000	10518
A12	7200001	8200000	11946
A12	8000001	9000000	8846
A12	8800001	9800000	11365
A12	9600001	10600000	8025
A12	10400001	11400000	11282
A12	11200001	12200000	11371
A12	12000001	13000000	12626
A12	12800001	13800000	10342
A12	13600001	14600000	9700
A12	14400001	15400000	10567
A12	15200001	16200000	10887
A12	16000001	17000000	10449
A12	16800001	17800000	9636
A12	17600001	18600000	10667
A12	18400001	19400000	11081
A12	19200001	20200000	8521
A12	20000001	21000000	10898
A12	20800001	21800000	11521
A12	21600001	22600000	9187
A12	22400001	23400000	9582
A12	23200001	24200000	8251
A12	24000001	25000000	6209
A12	24800001	25800000	5865
A12	25600001	26600000	5854
A12	26400001	27400000	8615
A12	27200001	28200000	7982
A12	28000001	29000000	9351
A12	28800001	29800000	9089
A12	29600001	30600000	8454
A12	30400001	31400000	5601
A12	31200001	32200000	5657
A12	32000001	33000000	7576
A12	32800001	33800000	6855
A12	33600001	34600000	6166
A12	34400001	35400000	5819
A12	35200001	36200000	5204
A12	36000001	37000000	5648
A12	36800001	37800000	6355
A12	37600001	38600000	8695
A12	38400001	39400000	7314
A12	39200001	40200000	7723
A12	40000001	41000000	7616
A12	40800001	41800000	7647
A12	41600001	42600000	8021
A12	42400001	43400000	6948
A12	43200001	44200000	7080
A12	44000001	45000000	6910
A12	44800001	45800000	8063
A12	45600001	46600000	8291
A12	46400001	47400000	7682
A12	47200001	48200000	8819
A12	48000001	49000000	6216
A12	48800001	49800000	8115
A12	49600001	50600000	5570
A12	50400001	51400000	9228
A12	51200001	52200000	7192
A12	52000001	53000000	7930
A12	52800001	53800000	7606
A12	53600001	54600000	7721
A12	54400001	55400000	8573
A12	55200001	56200000	7545
A12	56000001	57000000	8631
A12	56800001	57800000	10649
A12	57600001	58600000	9155
A12	58400001	59400000	9984
A12	59200001	60200000	9532
A12	60000001	61000000	8310
A12	60800001	61800000	9013
A12	61600001	62600000	12359
A12	62400001	63400000	11059
A12	63200001	64200000	11298
A12	64000001	65000000	9298
A12	64800001	65800000	9204
A12	65600001	66600000	8104
A12	66400001	67400000	12135
A12	67200001	68200000	12365
A12	68000001	69000000	9401
A12	68800001	69800000	9019
A12	69600001	70600000	11714
A12	70400001	71400000	10921
A12	71200001	72200000	11605
A12	72000001	73000000	9597
A12	72800001	73800000	10213
A12	73600001	74600000	7214
A12	74400001	75400000	11059
A12	75200001	76200000	11428
A12	76000001	77000000	9437
A12	76800001	77800000	10293
A12	77600001	78600000	7954
A12	78400001	79400000	7459
A12	79200001	80200000	8006
A12	80000001	81000000	5142
A12	80800001	81800000	4599
A12	81600001	82600000	6156
A12	82400001	83400000	4582
A12	83200001	84200000	3395
A12	84000001	85000000	2800
A12	84800001	85800000	2160
A12	85600001	86600000	2102
A12	86400001	87400000	1562
A12	87200001	87484866	655
A13	1	1000000	5125
A13	800001	1800000	6373
A13	1600001	2600000	7598
A13	2400001	3400000	6489
A13	3200001	4200000	5819
A13	4000001	5000000	8252
A13	4800001	5800000	8598
A13	5600001	6600000	11043
A13	6400001	7400000	8414
A13	7200001	8200000	7067
A13	8000001	9000000	8874
A13	8800001	9800000	9141
A13	9600001	10600000	10511
A13	10400001	11400000	7142
A13	11200001	12200000	9294
A13	12000001	13000000	11421
A13	12800001	13800000	9922
A13	13600001	14600000	9814
A13	14400001	15400000	11838
A13	15200001	16200000	7993
A13	16000001	17000000	7375
A13	16800001	17800000	8798
A13	17600001	18600000	9112
A13	18400001	19400000	8652
A13	19200001	20200000	7470
A13	20000001	21000000	9263
A13	20800001	21800000	7992
A13	21600001	22600000	8074
A13	22400001	23400000	9712
A13	23200001	24200000	8476
A13	24000001	25000000	7084
A13	24800001	25800000	8046
A13	25600001	26600000	8304
A13	26400001	27400000	7671
A13	27200001	28200000	6970
A13	28000001	29000000	6011
A13	28800001	29800000	6644
A13	29600001	30600000	7029
A13	30400001	31400000	7045
A13	31200001	32200000	8524
A13	32000001	33000000	6815
A13	32800001	33800000	7387
A13	33600001	34600000	4823
A13	34400001	35400000	6049
A13	35200001	36200000	7358
A13	36000001	37000000	6978
A13	36800001	37800000	8034
A13	37600001	38600000	9880
A13	38400001	39400000	9183
A13	39200001	40200000	9424
A13	40000001	41000000	10052
A13	40800001	41800000	9928
A13	41600001	42600000	7406
A13	42400001	43400000	7390
A13	43200001	44200000	8517
A13	44000001	45000000	8074
A13	44800001	45800000	9060
A13	45600001	46600000	10083
A13	46400001	47400000	11055
A13	47200001	48200000	9532
A13	48000001	49000000	8173
A13	48800001	49800000	9401
A13	49600001	50600000	7900
A13	50400001	51400000	8917
A13	51200001	52200000	7363
A13	52000001	53000000	9226
A13	52800001	53800000	8254
A13	53600001	54600000	9655
A13	54400001	55400000	9424
A13	55200001	56200000	12998
A13	56000001	57000000	10647
A13	56800001	57800000	11414
A13	57600001	58600000	12267
A13	58400001	59400000	12200
A13	59200001	60200000	9449
A13	60000001	61000000	11344
A13	60800001	61800000	9657
A13	61600001	62600000	13349
A13	62400001	63400000	12002
A13	63200001	64200000	9447
A13	64000001	65000000	9912
A13	64800001	65800000	9690
A13	65600001	66600000	11149
A13	66400001	67400000	11095
A13	67200001	68200000	10106
A13	68000001	69000000	10861
A13	68800001	69800000	14614
A13	69600001	70600000	12815
A13	70400001	71400000	11987
A13	71200001	72200000	12747
A13	72000001	73000000	10178
A13	72800001	73800000	6660
A13	73600001	74600000	9897
A13	74400001	75400000	5994
A13	75200001	76200000	5702
A13	76000001	77000000	4020
A13	76800001	77800000	7789
A13	77600001	78600000	3831
A13	78400001	79400000	1707
A13	79200001	79961121	2100
D01	1	1000000	2191
D01	800001	1800000	2638
D01	1600001	2600000	3520
D01	2400001	3400000	5303
D01	3200001	4200000	4356
D01	4000001	5000000	5638
D01	4800001	5800000	5768
D01	5600001	6600000	9333
D01	6400001	7400000	9782
D01	7200001	8200000	9900
D01	8000001	9000000	7983
D01	8800001	9800000	10308
D01	9600001	10600000	9136
D01	10400001	11400000	10155
D01	11200001	12200000	12619
D01	12000001	13000000	10488
D01	12800001	13800000	10616
D01	13600001	14600000	9794
D01	14400001	15400000	10438
D01	15200001	16200000	11363
D01	16000001	17000000	12476
D01	16800001	17800000	13213
D01	17600001	18600000	11808
D01	18400001	19400000	13780
D01	19200001	20200000	12191
D01	20000001	21000000	12210
D01	20800001	21800000	12070
D01	21600001	22600000	12420
D01	22400001	23400000	10679
D01	23200001	24200000	12425
D01	24000001	25000000	10342
D01	24800001	25800000	11105
D01	25600001	26600000	10766
D01	26400001	27400000	10502
D01	27200001	28200000	9829
D01	28000001	29000000	11213
D01	28800001	29800000	9148
D01	29600001	30600000	9620
D01	30400001	31400000	11546
D01	31200001	32200000	10719
D01	32000001	33000000	9741
D01	32800001	33800000	6334
D01	33600001	34600000	7580
D01	34400001	35400000	8150
D01	35200001	36200000	9523
D01	36000001	37000000	7709
D01	36800001	37800000	7249
D01	37600001	38600000	9907
D01	38400001	39400000	11428
D01	39200001	40200000	11780
D01	40000001	41000000	10540
D01	40800001	41800000	11237
D01	41600001	42600000	9574
D01	42400001	43400000	12083
D01	43200001	44200000	11597
D01	44000001	45000000	12557
D01	44800001	45800000	13265
D01	45600001	46600000	10574
D01	46400001	47400000	10427
D01	47200001	48200000	11293
D01	48000001	49000000	13235
D01	48800001	49800000	12219
D01	49600001	50600000	10040
D01	50400001	51400000	10935
D01	51200001	52200000	10923
D01	52000001	53000000	10924
D01	52800001	53800000	8452
D01	53600001	54600000	10608
D01	54400001	55400000	10558
D01	55200001	56200000	9296
D01	56000001	57000000	9953
D01	56800001	57800000	6418
D01	57600001	58600000	8120
D01	58400001	59400000	7839
D01	59200001	60200000	6609
D01	60000001	61000000	3271
D01	60800001	61456009	1897
D02	1	1000000	1810
D02	800001	1800000	2406
D02	1600001	2600000	4705
D02	2400001	3400000	3879
D02	3200001	4200000	4086
D02	4000001	5000000	3101
D02	4800001	5800000	5620
D02	5600001	6600000	6440
D02	6400001	7400000	4477
D02	7200001	8200000	8548
D02	8000001	9000000	8349
D02	8800001	9800000	11153
D02	9600001	10600000	8612
D02	10400001	11400000	10170
D02	11200001	12200000	8984
D02	12000001	13000000	9574
D02	12800001	13800000	9298
D02	13600001	14600000	11727
D02	14400001	15400000	12504
D02	15200001	16200000	11541
D02	16000001	17000000	9529
D02	16800001	17800000	10639
D02	17600001	18600000	10537
D02	18400001	19400000	10433
D02	19200001	20200000	8221
D02	20000001	21000000	9392
D02	20800001	21800000	10537
D02	21600001	22600000	11662
D02	22400001	23400000	12359
D02	23200001	24200000	10117
D02	24000001	25000000	10167
D02	24800001	25800000	10662
D02	25600001	26600000	11360
D02	26400001	27400000	10346
D02	27200001	28200000	8323
D02	28000001	29000000	9667
D02	28800001	29800000	7611
D02	29600001	30600000	7505
D02	30400001	31400000	8210
D02	31200001	32200000	8418
D02	32000001	33000000	8460
D02	32800001	33800000	9311
D02	33600001	34600000	9790
D02	34400001	35400000	12342
D02	35200001	36200000	12054
D02	36000001	37000000	8650
D02	36800001	37800000	10130
D02	37600001	38600000	9863
D02	38400001	39400000	12504
D02	39200001	40200000	12599
D02	40000001	41000000	13012
D02	40800001	41800000	11057
D02	41600001	42600000	10428
D02	42400001	43400000	11181
D02	43200001	44200000	10816
D02	44000001	45000000	10435
D02	44800001	45800000	12896
D02	45600001	46600000	11619
D02	46400001	47400000	11361
D02	47200001	48200000	11380
D02	48000001	49000000	11869
D02	48800001	49800000	11773
D02	49600001	50600000	8918
D02	50400001	51400000	11119
D02	51200001	52200000	12441
D02	52000001	53000000	11767
D02	52800001	53800000	10964
D02	53600001	54600000	12251
D02	54400001	55400000	12841
D02	55200001	56200000	12332
D02	56000001	57000000	9700
D02	56800001	57800000	10833
D02	57600001	58600000	9790
D02	58400001	59400000	10034
D02	59200001	60200000	12080
D02	60000001	61000000	7934
D02	60800001	61800000	8085
D02	61600001	62600000	9877
D02	62400001	63400000	9137
D02	63200001	64200000	3658
D02	64000001	65000000	5360
D02	64800001	65800000	3352
D02	65600001	66600000	3329
D02	66400001	67400000	1858
D02	67200001	67284553	506
D03	1	1000000	2182
D03	800001	1800000	4608
D03	1600001	2600000	5268
D03	2400001	3400000	6407
D03	3200001	4200000	7605
D03	4000001	5000000	10195
D03	4800001	5800000	10704
D03	5600001	6600000	10397
D03	6400001	7400000	11224
D03	7200001	8200000	11820
D03	8000001	9000000	12676
D03	8800001	9800000	13148
D03	9600001	10600000	11272
D03	10400001	11400000	11016
D03	11200001	12200000	10925
D03	12000001	13000000	11971
D03	12800001	13800000	8536
D03	13600001	14600000	8449
D03	14400001	15400000	9428
D03	15200001	16200000	11213
D03	16000001	17000000	9313
D03	16800001	17800000	8315
D03	17600001	18600000	8719
D03	18400001	19400000	7536
D03	19200001	20200000	7539
D03	20000001	21000000	10061
D03	20800001	21800000	8637
D03	21600001	22600000	8844
D03	22400001	23400000	8097
D03	23200001	24200000	9293
D03	24000001	25000000	11364
D03	24800001	25800000	11061
D03	25600001	26600000	11930
D03	26400001	27400000	11277
D03	27200001	28200000	10071
D03	28000001	29000000	10418
D03	28800001	29800000	12047
D03	29600001	30600000	11080
D03	30400001	31400000	12648
D03	31200001	32200000	13223
D03	32000001	33000000	13013
D03	32800001	33800000	12507
D03	33600001	34600000	11422
D03	34400001	35400000	11098
D03	35200001	36200000	10640
D03	36000001	37000000	10812
D03	36800001	37800000	10997
D03	37600001	38600000	9082
D03	38400001	39400000	8964
D03	39200001	40200000	10502
D03	40000001	41000000	8246
D03	40800001	41800000	6511
D03	41600001	42600000	6895
D03	42400001	43400000	4979
D03	43200001	44200000	5339
D03	44000001	45000000	6388
D03	44800001	45800000	4103
D03	45600001	46600000	3598
D03	46400001	46690656	312
D04	1	1000000	5519
D04	800001	1800000	6571
D04	1600001	2600000	5015
D04	2400001	3400000	3637
D04	3200001	4200000	5859
D04	4000001	5000000	7171
D04	4800001	5800000	8034
D04	5600001	6600000	7244
D04	6400001	7400000	9617
D04	7200001	8200000	10406
D04	8000001	9000000	10117
D04	8800001	9800000	9225
D04	9600001	10600000	10513
D04	10400001	11400000	10692
D04	11200001	12200000	12493
D04	12000001	13000000	13615
D04	12800001	13800000	11239
D04	13600001	14600000	11148
D04	14400001	15400000	11338
D04	15200001	16200000	11099
D04	16000001	17000000	10437
D04	16800001	17800000	9832
D04	17600001	18600000	10135
D04	18400001	19400000	8710
D04	19200001	20200000	7920
D04	20000001	21000000	8428
D04	20800001	21800000	6195
D04	21600001	22600000	8925
D04	22400001	23400000	9706
D04	23200001	24200000	11536
D04	24000001	25000000	11580
D04	24800001	25800000	10547
D04	25600001	26600000	9854
D04	26400001	27400000	9238
D04	27200001	28200000	8301
D04	28000001	29000000	10081
D04	28800001	29800000	11288
D04	29600001	30600000	13168
D04	30400001	31400000	12668
D04	31200001	32200000	12450
D04	32000001	33000000	11026
D04	32800001	33800000	11625
D04	33600001	34600000	13157
D04	34400001	35400000	11559
D04	35200001	36200000	11574
D04	36000001	37000000	12917
D04	36800001	37800000	11249
D04	37600001	38600000	12398
D04	38400001	39400000	12533
D04	39200001	40200000	12668
D04	40000001	41000000	11206
D04	40800001	41800000	12797
D04	41600001	42600000	11440
D04	42400001	43400000	11029
D04	43200001	44200000	11719
D04	44000001	45000000	7290
D04	44800001	45800000	10201
D04	45600001	46600000	8990
D04	46400001	47400000	5923
D04	47200001	48200000	5125
D04	48000001	49000000	3505
D04	48800001	49800000	4481
D04	49600001	50600000	3640
D04	50400001	51400000	3638
D04	51200001	51454130	858
D05	1	1000000	2458
D05	800001	1800000	2072
D05	1600001	2600000	2483
D05	2400001	3400000	1685
D05	3200001	4200000	2071
D05	4000001	5000000	2314
D05	4800001	5800000	2377
D05	5600001	6600000	2619
D05	6400001	7400000	1627
D05	7200001	8200000	2420
D05	8000001	9000000	1802
D05	8800001	9800000	2028
D05	9600001	10600000	2091
D05	10400001	11400000	1928
D05	11200001	12200000	1825
D05	12000001	13000000	1724
D05	12800001	13800000	3176
D05	13600001	14600000	3943
D05	14400001	15400000	3478
D05	15200001	16200000	3422
D05	16000001	17000000	2764
D05	16800001	17800000	2100
D05	17600001	18600000	3552
D05	18400001	19400000	3370
D05	19200001	20200000	5002
D05	20000001	21000000	6933
D05	20800001	21800000	3199
D05	21600001	22600000	4362
D05	22400001	23400000	5873
D05	23200001	24200000	4808
D05	24000001	25000000	5949
D05	24800001	25800000	6345
D05	25600001	26600000	5193
D05	26400001	27400000	6488
D05	27200001	28200000	6532
D05	28000001	29000000	7791
D05	28800001	29800000	8866
D05	29600001	30600000	9529
D05	30400001	31400000	9207
D05	31200001	32200000	6973
D05	32000001	33000000	7892
D05	32800001	33800000	8845
D05	33600001	34600000	10828
D05	34400001	35400000	11402
D05	35200001	36200000	11062
D05	36000001	37000000	9653
D05	36800001	37800000	9444
D05	37600001	38600000	9009
D05	38400001	39400000	9152
D05	39200001	40200000	6596
D05	40000001	41000000	6963
D05	40800001	41800000	9827
D05	41600001	42600000	10696
D05	42400001	43400000	10469
D05	43200001	44200000	10302
D05	44000001	45000000	10430
D05	44800001	45800000	10716
D05	45600001	46600000	14777
D05	46400001	47400000	15197
D05	47200001	48200000	9409
D05	48000001	49000000	7878
D05	48800001	49800000	11123
D05	49600001	50600000	11571
D05	50400001	51400000	7647
D05	51200001	52200000	10252
D05	52000001	53000000	8358
D05	52800001	53800000	4863
D05	53600001	54600000	7971
D05	54400001	55400000	6482
D05	55200001	56200000	6196
D05	56000001	57000000	10436
D05	56800001	57800000	9137
D05	57600001	58600000	9184
D05	58400001	59400000	7911
D05	59200001	60200000	3221
D05	60000001	61000000	6785
D05	60800001	61800000	7723
D05	61600001	61933047	1192
D06	1	1000000	3425
D06	800001	1800000	3878
D06	1600001	2600000	2900
D06	2400001	3400000	2950
D06	3200001	4200000	9861
D06	4000001	5000000	11935
D06	4800001	5800000	8432
D06	5600001	6600000	8385
D06	6400001	7400000	10647
D06	7200001	8200000	11602
D06	8000001	9000000	7754
D06	8800001	9800000	9899
D06	9600001	10600000	10665
D06	10400001	11400000	10348
D06	11200001	12200000	12298
D06	12000001	13000000	13181
D06	12800001	13800000	11812
D06	13600001	14600000	13847
D06	14400001	15400000	12122
D06	15200001	16200000	12170
D06	16000001	17000000	11776
D06	16800001	17800000	10326
D06	17600001	18600000	12689
D06	18400001	19400000	11947
D06	19200001	20200000	10287
D06	20000001	21000000	11790
D06	20800001	21800000	11970
D06	21600001	22600000	11638
D06	22400001	23400000	11679
D06	23200001	24200000	8410
D06	24000001	25000000	10981
D06	24800001	25800000	10464
D06	25600001	26600000	12687
D06	26400001	27400000	8778
D06	27200001	28200000	9250
D06	28000001	29000000	9309
D06	28800001	29800000	10227
D06	29600001	30600000	10777
D06	30400001	31400000	9809
D06	31200001	32200000	10967
D06	32000001	33000000	7809
D06	32800001	33800000	8339
D06	33600001	34600000	9611
D06	34400001	35400000	6244
D06	35200001	36200000	8572
D06	36000001	37000000	11730
D06	36800001	37800000	9184
D06	37600001	38600000	7339
D06	38400001	39400000	8252
D06	39200001	40200000	11708
D06	40000001	41000000	9028
D06	40800001	41800000	10273
D06	41600001	42600000	10773
D06	42400001	43400000	10655
D06	43200001	44200000	10848
D06	44000001	45000000	10478
D06	44800001	45800000	10364
D06	45600001	46600000	9955
D06	46400001	47400000	11059
D06	47200001	48200000	11462
D06	48000001	49000000	10374
D06	48800001	49800000	11395
D06	49600001	50600000	11843
D06	50400001	51400000	10676
D06	51200001	52200000	11142
D06	52000001	53000000	12309
D06	52800001	53800000	10364
D06	53600001	54600000	9344
D06	54400001	55400000	10702
D06	55200001	56200000	9588
D06	56000001	57000000	9636
D06	56800001	57800000	8132
D06	57600001	58600000	8118
D06	58400001	59400000	8524
D06	59200001	60200000	6005
D06	60000001	61000000	7101
D06	60800001	61800000	7894
D06	61600001	62600000	7139
D06	62400001	63400000	3968
D06	63200001	64200000	3746
D06	64000001	64294643	920
D07	1	1000000	1469
D07	800001	1800000	1427
D07	1600001	2600000	2081
D07	2400001	3400000	2236
D07	3200001	4200000	2811
D07	4000001	5000000	1985
D07	4800001	5800000	2968
D07	5600001	6600000	2740
D07	6400001	7400000	3976
D07	7200001	8200000	3147
D07	8000001	9000000	4458
D07	8800001	9800000	4733
D07	9600001	10600000	5021
D07	10400001	11400000	3363
D07	11200001	12200000	5266
D07	12000001	13000000	6746
D07	12800001	13800000	6064
D07	13600001	14600000	7069
D07	14400001	15400000	5245
D07	15200001	16200000	6034
D07	16000001	17000000	6553
D07	16800001	17800000	6167
D07	17600001	18600000	6595
D07	18400001	19400000	5412
D07	19200001	20200000	5365
D07	20000001	21000000	6609
D07	20800001	21800000	6606
D07	21600001	22600000	6633
D07	22400001	23400000	6963
D07	23200001	24200000	6603
D07	24000001	25000000	6891
D07	24800001	25800000	6962
D07	25600001	26600000	6518
D07	26400001	27400000	6187
D07	27200001	28200000	6340
D07	28000001	29000000	8066
D07	28800001	29800000	5486
D07	29600001	30600000	5764
D07	30400001	31400000	5573
D07	31200001	32200000	5633
D07	32000001	33000000	5110
D07	32800001	33800000	5443
D07	33600001	34600000	5014
D07	34400001	35400000	5491
D07	35200001	36200000	5113
D07	36000001	37000000	5401
D07	36800001	37800000	5130
D07	37600001	38600000	5188
D07	38400001	39400000	3951
D07	39200001	40200000	3651
D07	40000001	41000000	5386
D07	40800001	41800000	6555
D07	41600001	42600000	5287
D07	42400001	43400000	5976
D07	43200001	44200000	7277
D07	44000001	45000000	4508
D07	44800001	45800000	4595
D07	45600001	46600000	5105
D07	46400001	47400000	7040
D07	47200001	48200000	7220
D07	48000001	49000000	5320
D07	48800001	49800000	4916
D07	49600001	50600000	3758
D07	50400001	51400000	5176
D07	51200001	52200000	2623
D07	52000001	53000000	4640
D07	52800001	53800000	4200
D07	53600001	54600000	3318
D07	54400001	55400000	3985
D07	55200001	55312611	806
D08	1	1000000	4383
D08	800001	1800000	2873
D08	1600001	2600000	3778
D08	2400001	3400000	4573
D08	3200001	4200000	6164
D08	4000001	5000000	6351
D08	4800001	5800000	5620
D08	5600001	6600000	8662
D08	6400001	7400000	10285
D08	7200001	8200000	9247
D08	8000001	9000000	10113
D08	8800001	9800000	11843
D08	9600001	10600000	10186
D08	10400001	11400000	12828
D08	11200001	12200000	10345
D08	12000001	13000000	12294
D08	12800001	13800000	12884
D08	13600001	14600000	12042
D08	14400001	15400000	11302
D08	15200001	16200000	12586
D08	16000001	17000000	10634
D08	16800001	17800000	9823
D08	17600001	18600000	9853
D08	18400001	19400000	9526
D08	19200001	20200000	9978
D08	20000001	21000000	8484
D08	20800001	21800000	7556
D08	21600001	22600000	8825
D08	22400001	23400000	9870
D08	23200001	24200000	10458
D08	24000001	25000000	8996
D08	24800001	25800000	7685
D08	25600001	26600000	4893
D08	26400001	27400000	6833
D08	27200001	28200000	6839
D08	28000001	29000000	6012
D08	28800001	29800000	8532
D08	29600001	30600000	9572
D08	30400001	31400000	10179
D08	31200001	32200000	10515
D08	32000001	33000000	9420
D08	32800001	33800000	10383
D08	33600001	34600000	10413
D08	34400001	35400000	11392
D08	35200001	36200000	11381
D08	36000001	37000000	10074
D08	36800001	37800000	11818
D08	37600001	38600000	11844
D08	38400001	39400000	10650
D08	39200001	40200000	12474
D08	40000001	41000000	10795
D08	40800001	41800000	10764
D08	41600001	42600000	11826
D08	42400001	43400000	13432
D08	43200001	44200000	10789
D08	44000001	45000000	11033
D08	44800001	45800000	12978
D08	45600001	46600000	13343
D08	46400001	47400000	9592
D08	47200001	48200000	10886
D08	48000001	49000000	9391
D08	48800001	49800000	11036
D08	49600001	50600000	7710
D08	50400001	51400000	9721
D08	51200001	52200000	10744
D08	52000001	53000000	10685
D08	52800001	53800000	7180
D08	53600001	54600000	9357
D08	54400001	55400000	11206
D08	55200001	56200000	12386
D08	56000001	57000000	10628
D08	56800001	57800000	9927
D08	57600001	58600000	6688
D08	58400001	59400000	6462
D08	59200001	60200000	4653
D08	60000001	61000000	6567
D08	60800001	61800000	6578
D08	61600001	62600000	7167
D08	62400001	63400000	5260
D08	63200001	64200000	3466
D08	64000001	65000000	2633
D08	64800001	65800000	2744
D08	65600001	65894135	667
D09	1	1000000	8096
D09	800001	1800000	8968
D09	1600001	2600000	8220
D09	2400001	3400000	10321
D09	3200001	4200000	10971
D09	4000001	5000000	8278
D09	4800001	5800000	8742
D09	5600001	6600000	8986
D09	6400001	7400000	10535
D09	7200001	8200000	8617
D09	8000001	9000000	7836
D09	8800001	9800000	10998
D09	9600001	10600000	10486
D09	10400001	11400000	9849
D09	11200001	12200000	11054
D09	12000001	13000000	10680
D09	12800001	13800000	10910
D09	13600001	14600000	8784
D09	14400001	15400000	11784
D09	15200001	16200000	7180
D09	16000001	17000000	7586
D09	16800001	17800000	9732
D09	17600001	18600000	9244
D09	18400001	19400000	8214
D09	19200001	20200000	7562
D09	20000001	21000000	9800
D09	20800001	21800000	11197
D09	21600001	22600000	9780
D09	22400001	23400000	11731
D09	23200001	24200000	9921
D09	24000001	25000000	12624
D09	24800001	25800000	11565
D09	25600001	26600000	10455
D09	26400001	27400000	13302
D09	27200001	28200000	11254
D09	28000001	29000000	10782
D09	28800001	29800000	9486
D09	29600001	30600000	10911
D09	30400001	31400000	10048
D09	31200001	32200000	7939
D09	32000001	33000000	5868
D09	32800001	33800000	6662
D09	33600001	34600000	7990
D09	34400001	35400000	8733
D09	35200001	36200000	6944
D09	36000001	37000000	6072
D09	36800001	37800000	5567
D09	37600001	38600000	4557
D09	38400001	39400000	4401
D09	39200001	40200000	4756
D09	40000001	41000000	5579
D09	40800001	41800000	6507
D09	41600001	42600000	2496
D09	42400001	43400000	4336
D09	43200001	44200000	4417
D09	44000001	45000000	4842
D09	44800001	45800000	5776
D09	45600001	46600000	3577
D09	46400001	47400000	3558
D09	47200001	48200000	1808
D09	48000001	49000000	1696
D09	48800001	49800000	2643
D09	49600001	50600000	2825
D09	50400001	50995436	729
D10	1	1000000	1964
D10	800001	1800000	1874
D10	1600001	2600000	2640
D10	2400001	3400000	2829
D10	3200001	4200000	5145
D10	4000001	5000000	3999
D10	4800001	5800000	6978
D10	5600001	6600000	8766
D10	6400001	7400000	8966
D10	7200001	8200000	7490
D10	8000001	9000000	7446
D10	8800001	9800000	9921
D10	9600001	10600000	8406
D10	10400001	11400000	9792
D10	11200001	12200000	9717
D10	12000001	13000000	10428
D10	12800001	13800000	11099
D10	13600001	14600000	11141
D10	14400001	15400000	11369
D10	15200001	16200000	11344
D10	16000001	17000000	11012
D10	16800001	17800000	11227
D10	17600001	18600000	11614
D10	18400001	19400000	12845
D10	19200001	20200000	12226
D10	20000001	21000000	9568
D10	20800001	21800000	9999
D10	21600001	22600000	7695
D10	22400001	23400000	9064
D10	23200001	24200000	12955
D10	24000001	25000000	11584
D10	24800001	25800000	9575
D10	25600001	26600000	10857
D10	26400001	27400000	10228
D10	27200001	28200000	11258
D10	28000001	29000000	12860
D10	28800001	29800000	11288
D10	29600001	30600000	9868
D10	30400001	31400000	11729
D10	31200001	32200000	10448
D10	32000001	33000000	8701
D10	32800001	33800000	9870
D10	33600001	34600000	10292
D10	34400001	35400000	8558
D10	35200001	36200000	9236
D10	36000001	37000000	9052
D10	36800001	37800000	7899
D10	37600001	38600000	6824
D10	38400001	39400000	8353
D10	39200001	40200000	9016
D10	40000001	41000000	8986
D10	40800001	41800000	10587
D10	41600001	42600000	9292
D10	42400001	43400000	9933
D10	43200001	44200000	10977
D10	44000001	45000000	9595
D10	44800001	45800000	9999
D10	45600001	46600000	12510
D10	46400001	47400000	13160
D10	47200001	48200000	13749
D10	48000001	49000000	11077
D10	48800001	49800000	9877
D10	49600001	50600000	10082
D10	50400001	51400000	10792
D10	51200001	52200000	10290
D10	52000001	53000000	11407
D10	52800001	53800000	8367
D10	53600001	54600000	7117
D10	54400001	55400000	6679
D10	55200001	56200000	5295
D10	56000001	57000000	7593
D10	56800001	57800000	6061
D10	57600001	58600000	5428
D10	58400001	59400000	8144
D10	59200001	60200000	4632
D10	60000001	61000000	4638
D10	60800001	61800000	6195
D10	61600001	62600000	4206
D10	62400001	63400000	2142
D10	63200001	63374666	502
D11	1	1000000	3598
D11	800001	1800000	3115
D11	1600001	2600000	2303
D11	2400001	3400000	1965
D11	3200001	4200000	2851
D11	4000001	5000000	3211
D11	4800001	5800000	2034
D11	5600001	6600000	3938
D11	6400001	7400000	4843
D11	7200001	8200000	5310
D11	8000001	9000000	4987
D11	8800001	9800000	5719
D11	9600001	10600000	6406
D11	10400001	11400000	8074
D11	11200001	12200000	6520
D11	12000001	13000000	7051
D11	12800001	13800000	6463
D11	13600001	14600000	6454
D11	14400001	15400000	7170
D11	15200001	16200000	7303
D11	16000001	17000000	8858
D11	16800001	17800000	10113
D11	17600001	18600000	9718
D11	18400001	19400000	8148
D11	19200001	20200000	11127
D11	20000001	21000000	11825
D11	20800001	21800000	9418
D11	21600001	22600000	10009
D11	22400001	23400000	10348
D11	23200001	24200000	11688
D11	24000001	25000000	11600
D11	24800001	25800000	10854
D11	25600001	26600000	12445
D11	26400001	27400000	13256
D11	27200001	28200000	9957
D11	28000001	29000000	12403
D11	28800001	29800000	14421
D11	29600001	30600000	11503
D11	30400001	31400000	11578
D11	31200001	32200000	10338
D11	32000001	33000000	11526
D11	32800001	33800000	11025
D11	33600001	34600000	10833
D11	34400001	35400000	8829
D11	35200001	36200000	8466
D11	36000001	37000000	9225
D11	36800001	37800000	9776
D11	37600001	38600000	10772
D11	38400001	39400000	11857
D11	39200001	40200000	7643
D11	40000001	41000000	7554
D11	40800001	41800000	9049
D11	41600001	42600000	10661
D11	42400001	43400000	11641
D11	43200001	44200000	11675
D11	44000001	45000000	12896
D11	44800001	45800000	12105
D11	45600001	46600000	11050
D11	46400001	47400000	10376
D11	47200001	48200000	8387
D11	48000001	49000000	8912
D11	48800001	49800000	9120
D11	49600001	50600000	10009
D11	50400001	51400000	9399
D11	51200001	52200000	9912
D11	52000001	53000000	8687
D11	52800001	53800000	8916
D11	53600001	54600000	7665
D11	54400001	55400000	9050
D11	55200001	56200000	9863
D11	56000001	57000000	11346
D11	56800001	57800000	8187
D11	57600001	58600000	3802
D11	58400001	59400000	4978
D11	59200001	60200000	4143
D11	60000001	61000000	4329
D11	60800001	61800000	5038
D11	61600001	62600000	5232
D11	62400001	63400000	3701
D11	63200001	64200000	4691
D11	64000001	65000000	3980
D11	64800001	65800000	3313
D11	65600001	66087774	844
D12	1	1000000	5072
D12	800001	1800000	5264
D12	1600001	2600000	5350
D12	2400001	3400000	6060
D12	3200001	4200000	8340
D12	4000001	5000000	9588
D12	4800001	5800000	8127
D12	5600001	6600000	7947
D12	6400001	7400000	9072
D12	7200001	8200000	10519
D12	8000001	9000000	11628
D12	8800001	9800000	11899
D12	9600001	10600000	10932
D12	10400001	11400000	9616
D12	11200001	12200000	10058
D12	12000001	13000000	11960
D12	12800001	13800000	12218
D12	13600001	14600000	11535
D12	14400001	15400000	10567
D12	15200001	16200000	10315
D12	16000001	17000000	11078
D12	16800001	17800000	11372
D12	17600001	18600000	11252
D12	18400001	19400000	10082
D12	19200001	20200000	11435
D12	20000001	21000000	9754
D12	20800001	21800000	9372
D12	21600001	22600000	9807
D12	22400001	23400000	11723
D12	23200001	24200000	7194
D12	24000001	25000000	8739
D12	24800001	25800000	9566
D12	25600001	26600000	12146
D12	26400001	27400000	12503
D12	27200001	28200000	11490
D12	28000001	29000000	8828
D12	28800001	29800000	10393
D12	29600001	30600000	9036
D12	30400001	31400000	9996
D12	31200001	32200000	9462
D12	32000001	33000000	9543
D12	32800001	33800000	9102
D12	33600001	34600000	10694
D12	34400001	35400000	10115
D12	35200001	36200000	9166
D12	36000001	37000000	9260
D12	36800001	37800000	10873
D12	37600001	38600000	12633
D12	38400001	39400000	12480
D12	39200001	40200000	6839
D12	40000001	41000000	10396
D12	40800001	41800000	10416
D12	41600001	42600000	10468
D12	42400001	43400000	9203
D12	43200001	44200000	8427
D12	44000001	45000000	8620
D12	44800001	45800000	9105
D12	45600001	46600000	9678
D12	46400001	47400000	7168
D12	47200001	48200000	5980
D12	48000001	49000000	8362
D12	48800001	49800000	7073
D12	49600001	50600000	4765
D12	50400001	51400000	6470
D12	51200001	52200000	7045
D12	52000001	53000000	5161
D12	52800001	53800000	5210
D12	53600001	54600000	4418
D12	54400001	55400000	6963
D12	55200001	56200000	4745
D12	56000001	57000000	4131
D12	56800001	57800000	2095
D12	57600001	58600000	3209
D12	58400001	59109837	2863
D13	1	1000000	2667
D13	800001	1800000	4023
D13	1600001	2600000	4471
D13	2400001	3400000	4505
D13	3200001	4200000	6217
D13	4000001	5000000	7411
D13	4800001	5800000	6657
D13	5600001	6600000	10044
D13	6400001	7400000	11373
D13	7200001	8200000	10878
D13	8000001	9000000	9871
D13	8800001	9800000	10977
D13	9600001	10600000	12708
D13	10400001	11400000	8635
D13	11200001	12200000	10446
D13	12000001	13000000	11581
D13	12800001	13800000	12427
D13	13600001	14600000	13170
D13	14400001	15400000	10102
D13	15200001	16200000	12098
D13	16000001	17000000	9272
D13	16800001	17800000	9116
D13	17600001	18600000	11910
D13	18400001	19400000	9323
D13	19200001	20200000	9572
D13	20000001	21000000	9757
D13	20800001	21800000	8977
D13	21600001	22600000	10157
D13	22400001	23400000	7882
D13	23200001	24200000	5572
D13	24000001	25000000	9422
D13	24800001	25800000	8760
D13	25600001	26600000	5951
D13	26400001	27400000	7761
D13	27200001	28200000	11262
D13	28000001	29000000	7790
D13	28800001	29800000	12728
D13	29600001	30600000	9809
D13	30400001	31400000	8979
D13	31200001	32200000	9194
D13	32000001	33000000	11224
D13	32800001	33800000	11764
D13	33600001	34600000	10374
D13	34400001	35400000	10676
D13	35200001	36200000	11914
D13	36000001	37000000	12426
D13	36800001	37800000	9966
D13	37600001	38600000	9695
D13	38400001	39400000	9373
D13	39200001	40200000	10372
D13	40000001	41000000	10474
D13	40800001	41800000	9391
D13	41600001	42600000	10731
D13	42400001	43400000	9346
D13	43200001	44200000	10791
D13	44000001	45000000	12161
D13	44800001	45800000	11176
D13	45600001	46600000	9698
D13	46400001	47400000	11343
D13	47200001	48200000	9143
D13	48000001	49000000	10824
D13	48800001	49800000	10378
D13	49600001	50600000	9617
D13	50400001	51400000	8721
D13	51200001	52200000	8975
D13	52000001	53000000	7230
D13	52800001	53800000	6345
D13	53600001	54600000	8343
D13	54400001	55400000	6862
D13	55200001	56200000	8232
D13	56000001	57000000	5346
D13	56800001	57800000	3254
D13	57600001	58600000	2533
D13	58400001	59400000	4521
D13	59200001	60200000	5846
D13	60000001	60534298	1495
