A01	1	1000000	1924
A01	800001	1800000	2310
A01	1600001	2600000	2750
A01	2400001	3400000	3136
A01	3200001	4200000	2461
A01	4000001	5000000	3303
A01	4800001	5800000	3553
A01	5600001	6600000	3453
A01	6400001	7400000	4224
A01	7200001	8200000	3960
A01	8000001	9000000	5455
A01	8800001	9800000	5782
A01	9600001	10600000	5307
A01	10400001	11400000	4253
A01	11200001	12200000	4819
A01	12000001	13000000	4468
A01	12800001	13800000	3812
A01	13600001	14600000	4210
A01	14400001	15400000	4789
A01	15200001	16200000	5064
A01	16000001	17000000	5218
A01	16800001	17800000	4882
A01	17600001	18600000	4549
A01	18400001	19400000	4436
A01	19200001	20200000	4023
A01	20000001	21000000	4661
A01	20800001	21800000	5317
A01	21600001	22600000	5071
A01	22400001	23400000	4020
A01	23200001	24200000	4662
A01	24000001	25000000	4740
A01	24800001	25800000	5238
A01	25600001	26600000	5151
A01	26400001	27400000	5223
A01	27200001	28200000	4163
A01	28000001	29000000	3940
A01	28800001	29800000	5020
A01	29600001	30600000	3886
A01	30400001	31400000	3962
A01	31200001	32200000	4644
A01	32000001	33000000	5120
A01	32800001	33800000	4956
A01	33600001	34600000	4219
A01	34400001	35400000	3086
A01	35200001	36200000	2929
A01	36000001	37000000	3209
A01	36800001	37800000	3347
A01	37600001	38600000	4221
A01	38400001	39400000	4012
A01	39200001	40200000	5106
A01	40000001	41000000	4866
A01	40800001	41800000	4950
A01	41600001	42600000	4143
A01	42400001	43400000	2926
A01	43200001	44200000	3327
A01	44000001	45000000	3972
A01	44800001	45800000	4528
A01	45600001	46600000	4266
A01	46400001	47400000	3193
A01	47200001	48200000	4238
A01	48000001	49000000	4050
A01	48800001	49800000	3204
A01	49600001	50600000	3929
A01	50400001	51400000	3835
A01	51200001	52200000	3647
A01	52000001	53000000	3049
A01	52800001	53800000	4326
A01	53600001	54600000	4695
A01	54400001	55400000	4381
A01	55200001	56200000	4194
A01	56000001	57000000	3874
A01	56800001	57800000	3435
A01	57600001	58600000	3964
A01	58400001	59400000	3635
A01	59200001	60200000	3784
A01	60000001	61000000	4212
A01	60800001	61800000	4103
A01	61600001	62600000	4369
A01	62400001	63400000	3363
A01	63200001	64200000	3857
A01	64000001	65000000	4774
A01	64800001	65800000	2952
A01	65600001	66600000	3568
A01	66400001	67400000	3330
A01	67200001	68200000	3338
A01	68000001	69000000	4418
A01	68800001	69800000	4410
A01	69600001	70600000	3309
A01	70400001	71400000	4437
A01	71200001	72200000	4351
A01	72000001	73000000	3840
A01	72800001	73800000	4316
A01	73600001	74600000	3194
A01	74400001	75400000	4487
A01	75200001	76200000	3926
A01	76000001	77000000	4476
A01	76800001	77800000	5154
A01	77600001	78600000	4486
A01	78400001	79400000	4671
A01	79200001	80200000	4096
A01	80000001	81000000	3604
A01	80800001	81800000	3942
A01	81600001	82600000	4848
A01	82400001	83400000	4417
A01	83200001	84200000	4207
A01	84000001	85000000	3926
A01	84800001	85800000	4880
A01	85600001	86600000	4887
A01	86400001	87400000	5219
A01	87200001	88200000	4362
A01	88000001	89000000	4938
A01	88800001	89800000	5578
A01	89600001	90600000	4686
A01	90400001	91400000	3818
A01	91200001	92200000	4808
A01	92000001	93000000	4458
A01	92800001	93800000	4588
A01	93600001	94600000	4356
A01	94400001	95400000	4511
A01	95200001	96200000	4187
A01	96000001	97000000	4851
A01	96800001	97800000	5159
A01	97600001	98600000	3812
A01	98400001	99400000	2896
A01	99200001	99884700	2324
A02	1	1000000	2009
A02	800001	1800000	1921
A02	1600001	2600000	3005
A02	2400001	3400000	2854
A02	3200001	4200000	3242
A02	4000001	5000000	4727
A02	4800001	5800000	3749
A02	5600001	6600000	3926
A02	6400001	7400000	3189
A02	7200001	8200000	4343
A02	8000001	9000000	5554
A02	8800001	9800000	6017
A02	9600001	10600000	5490
A02	10400001	11400000	4776
A02	11200001	12200000	5100
A02	12000001	13000000	5357
A02	12800001	13800000	5331
A02	13600001	14600000	4804
A02	14400001	15400000	4529
A02	15200001	16200000	4474
A02	16000001	17000000	5156
A02	16800001	17800000	4843
A02	17600001	18600000	4875
A02	18400001	19400000	4186
A02	19200001	20200000	5087
A02	20000001	21000000	4479
A02	20800001	21800000	4773
A02	21600001	22600000	3974
A02	22400001	23400000	3269
A02	23200001	24200000	4618
A02	24000001	25000000	4296
A02	24800001	25800000	4409
A02	25600001	26600000	4193
A02	26400001	27400000	3948
A02	27200001	28200000	3829
A02	28000001	29000000	3642
A02	28800001	29800000	4826
A02	29600001	30600000	4127
A02	30400001	31400000	3997
A02	31200001	32200000	4076
A02	32000001	33000000	5119
A02	32800001	33800000	3876
A02	33600001	34600000	4338
A02	34400001	35400000	4879
A02	35200001	36200000	3607
A02	36000001	37000000	4031
A02	36800001	37800000	4322
A02	37600001	38600000	4273
A02	38400001	39400000	4565
A02	39200001	40200000	3737
A02	40000001	41000000	4048
A02	40800001	41800000	4017
A02	41600001	42600000	4262
A02	42400001	43400000	4795
A02	43200001	44200000	4859
A02	44000001	45000000	3775
A02	44800001	45800000	4507
A02	45600001	46600000	4441
A02	46400001	47400000	4034
A02	47200001	48200000	3731
A02	48000001	49000000	3722
A02	48800001	49800000	3162
A02	49600001	50600000	4382
A02	50400001	51400000	3733
A02	51200001	52200000	4973
A02	52000001	53000000	3814
A02	52800001	53800000	3958
A02	53600001	54600000	3779
A02	54400001	55400000	4248
A02	55200001	56200000	4393
A02	56000001	57000000	3899
A02	56800001	57800000	3449
A02	57600001	58600000	4017
A02	58400001	59400000	3431
A02	59200001	60200000	4360
A02	60000001	61000000	4079
A02	60800001	61800000	4467
A02	61600001	62600000	4504
A02	62400001	63400000	4309
A02	63200001	64200000	3814
A02	64000001	65000000	3783
A02	64800001	65800000	4249
A02	65600001	66600000	4267
A02	66400001	67400000	4966
A02	67200001	68200000	3939
A02	68000001	69000000	3776
A02	68800001	69800000	4935
A02	69600001	70600000	3869
A02	70400001	71400000	4674
A02	71200001	72200000	4539
A02	72000001	73000000	4590
A02	72800001	73800000	5417
A02	73600001	74600000	5982
A02	74400001	75400000	5543
A02	75200001	76200000	4943
A02	76000001	77000000	5259
A02	76800001	77800000	5457
A02	77600001	78600000	4836
A02	78400001	79400000	3424
A02	79200001	80200000	3883
A02	80000001	81000000	4595
A02	80800001	81800000	4036
A02	81600001	82600000	3478
A02	82400001	83400000	2262
A02	83200001	83447906	203
A03	1	1000000	3470
A03	800001	1800000	3383
A03	1600001	2600000	2942
A03	2400001	3400000	2663
A03	3200001	4200000	3419
A03	4000001	5000000	3998
A03	4800001	5800000	5002
A03	5600001	6600000	4452
A03	6400001	7400000	3797
A03	7200001	8200000	4716
A03	8000001	9000000	4747
A03	8800001	9800000	5239
A03	9600001	10600000	4174
A03	10400001	11400000	4551
A03	11200001	12200000	4909
A03	12000001	13000000	5092
A03	12800001	13800000	5676
A03	13600001	14600000	5398
A03	14400001	15400000	5862
A03	15200001	16200000	5389
A03	16000001	17000000	4738
A03	16800001	17800000	4717
A03	17600001	18600000	5312
A03	18400001	19400000	4574
A03	19200001	20200000	3525
A03	20000001	21000000	3860
A03	20800001	21800000	4240
A03	21600001	22600000	3516
A03	22400001	23400000	3920
A03	23200001	24200000	3397
A03	24000001	25000000	3735
A03	24800001	25800000	3473
A03	25600001	26600000	3345
A03	26400001	27400000	3535
A03	27200001	28200000	4382
A03	28000001	29000000	3166
A03	28800001	29800000	3201
A03	29600001	30600000	3464
A03	30400001	31400000	3943
A03	31200001	32200000	3155
A03	32000001	33000000	4055
A03	32800001	33800000	4667
A03	33600001	34600000	3337
A03	34400001	35400000	3215
A03	35200001	36200000	1515
A03	36000001	37000000	3645
A03	36800001	37800000	3602
A03	37600001	38600000	3323
A03	38400001	39400000	4178
A03	39200001	40200000	4066
A03	40000001	41000000	3936
A03	40800001	41800000	3397
A03	41600001	42600000	3936
A03	42400001	43400000	3294
A03	43200001	44200000	4453
A03	44000001	45000000	4198
A03	44800001	45800000	4364
A03	45600001	46600000	3551
A03	46400001	47400000	3363
A03	47200001	48200000	3395
A03	48000001	49000000	4483
A03	48800001	49800000	3943
A03	49600001	50600000	2846
A03	50400001	51400000	2212
A03	51200001	52200000	2949
A03	52000001	53000000	2943
A03	52800001	53800000	3010
A03	53600001	54600000	2700
A03	54400001	55400000	2731
A03	55200001	56200000	3550
A03	56000001	57000000	4094
A03	56800001	57800000	4347
A03	57600001	58600000	4534
A03	58400001	59400000	5001
A03	59200001	60200000	4889
A03	60000001	61000000	4606
A03	60800001	61800000	4014
A03	61600001	62600000	3843
A03	62400001	63400000	4488
A03	63200001	64200000	4516
A03	64000001	65000000	4653
A03	64800001	65800000	4633
A03	65600001	66600000	5150
A03	66400001	67400000	4071
A03	67200001	68200000	4154
A03	68000001	69000000	4139
A03	68800001	69800000	3455
A03	69600001	70600000	3439
A03	70400001	71400000	3813
A03	71200001	72200000	3582
A03	72000001	73000000	5164
A03	72800001	73800000	3252
A03	73600001	74600000	4466
A03	74400001	75400000	4145
A03	75200001	76200000	4329
A03	76000001	77000000	3982
A03	76800001	77800000	4278
A03	77600001	78600000	4258
A03	78400001	79400000	5285
A03	79200001	80200000	4923
A03	80000001	81000000	3539
A03	80800001	81800000	4775
A03	81600001	82600000	5591
A03	82400001	83400000	5377
A03	83200001	84200000	3634
A03	84000001	85000000	3936
A03	84800001	85800000	4099
A03	85600001	86600000	5006
A03	86400001	87400000	4241
A03	87200001	88200000	5082
A03	88000001	89000000	4921
A03	88800001	89800000	5531
A03	89600001	90600000	5112
A03	90400001	91400000	4239
A03	91200001	92200000	4545
A03	92000001	93000000	4684
A03	92800001	93800000	4696
A03	93600001	94600000	4383
A03	94400001	95400000	3520
A03	95200001	96200000	2812
A03	96000001	97000000	3386
A03	96800001	97800000	3349
A03	97600001	98600000	3937
A03	98400001	99400000	2895
A03	99200001	100200000	2212
A03	100000001	100263045	411
A04	1	1000000	4075
A04	800001	1800000	3270
A04	1600001	2600000	3468
A04	2400001	3400000	3684
A04	3200001	4200000	2810
A04	4000001	5000000	2973
A04	4800001	5800000	3927
A04	5600001	6600000	3681
A04	6400001	7400000	3616
A04	7200001	8200000	4436
A04	8000001	9000000	4731
A04	8800001	9800000	4285
A04	9600001	10600000	4275
A04	10400001	11400000	3421
A04	11200001	12200000	3896
A04	12000001	13000000	4918
A04	12800001	13800000	4759
A04	13600001	14600000	4099
A04	14400001	15400000	4245
A04	15200001	16200000	4010
A04	16000001	17000000	3948
A04	16800001	17800000	4250
A04	17600001	18600000	3253
A04	18400001	19400000	3788
A04	19200001	20200000	3818
A04	20000001	21000000	3975
A04	20800001	21800000	3045
A04	21600001	22600000	3460
A04	22400001	23400000	3033
A04	23200001	24200000	3504
A04	24000001	25000000	3806
A04	24800001	25800000	3932
A04	25600001	26600000	4085
A04	26400001	27400000	4155
A04	27200001	28200000	4720
A04	28000001	29000000	3357
A04	28800001	29800000	3193
A04	29600001	30600000	3938
A04	30400001	31400000	3620
A04	31200001	32200000	3911
A04	32000001	33000000	3770
A04	32800001	33800000	2855
A04	33600001	34600000	2734
A04	34400001	35400000	4117
A04	35200001	36200000	3894
A04	36000001	37000000	4222
A04	36800001	37800000	4276
A04	37600001	38600000	3809
A04	38400001	39400000	4881
A04	39200001	40200000	4342
A04	40000001	41000000	5185
A04	40800001	41800000	4290
A04	41600001	42600000	3343
A04	42400001	43400000	3566
A04	43200001	44200000	5113
A04	44000001	45000000	5641
A04	44800001	45800000	5079
A04	45600001	46600000	5004
A04	46400001	47400000	3913
A04	47200001	48200000	4846
A04	48000001	49000000	4870
A04	48800001	49800000	4640
A04	49600001	50600000	4767
A04	50400001	51400000	5672
A04	51200001	52200000	5364
A04	52000001	53000000	4842
A04	52800001	53800000	4686
A04	53600001	54600000	4058
A04	54400001	55400000	4634
A04	55200001	56200000	4701
A04	56000001	57000000	5291
A04	56800001	57800000	4180
A04	57600001	58600000	4582
A04	58400001	59400000	3290
A04	59200001	60200000	4300
A04	60000001	61000000	3290
A04	60800001	61800000	3014
A04	61600001	62600000	2573
A04	62400001	62913772	824
A05	1	1000000	2002
A05	800001	1800000	1782
A05	1600001	2600000	1499
A05	2400001	3400000	1140
A05	3200001	4200000	1265
A05	4000001	5000000	1819
A05	4800001	5800000	1413
A05	5600001	6600000	1478
A05	6400001	7400000	1681
A05	7200001	8200000	1609
A05	8000001	9000000	1747
A05	8800001	9800000	1624
A05	9600001	10600000	1943
A05	10400001	11400000	1545
A05	11200001	12200000	1702
A05	12000001	13000000	1719
A05	12800001	13800000	2471
A05	13600001	14600000	2303
A05	14400001	15400000	2022
A05	15200001	16200000	2336
A05	16000001	17000000	2373
A05	16800001	17800000	2003
A05	17600001	18600000	2253
A05	18400001	19400000	2158
A05	19200001	20200000	3033
A05	20000001	21000000	3653
A05	20800001	21800000	3032
A05	21600001	22600000	3367
A05	22400001	23400000	3938
A05	23200001	24200000	2890
A05	24000001	25000000	2966
A05	24800001	25800000	3630
A05	25600001	26600000	4599
A05	26400001	27400000	3441
A05	27200001	28200000	3415
A05	28000001	29000000	4434
A05	28800001	29800000	4717
A05	29600001	30600000	4465
A05	30400001	31400000	5210
A05	31200001	32200000	4756
A05	32000001	33000000	4659
A05	32800001	33800000	5045
A05	33600001	34600000	4397
A05	34400001	35400000	4497
A05	35200001	36200000	4288
A05	36000001	37000000	4597
A05	36800001	37800000	5183
A05	37600001	38600000	5023
A05	38400001	39400000	4483
A05	39200001	40200000	4925
A05	40000001	41000000	3731
A05	40800001	41800000	4268
A05	41600001	42600000	4461
A05	42400001	43400000	4815
A05	43200001	44200000	4187
A05	44000001	45000000	4825
A05	44800001	45800000	4185
A05	45600001	46600000	3528
A05	46400001	47400000	3945
A05	47200001	48200000	4716
A05	48000001	49000000	3525
A05	48800001	49800000	3122
A05	49600001	50600000	3834
A05	50400001	51400000	4699
A05	51200001	52200000	4207
A05	52000001	53000000	3637
A05	52800001	53800000	2754
A05	53600001	54600000	4612
A05	54400001	55400000	4250
A05	55200001	56200000	4893
A05	56000001	57000000	4075
A05	56800001	57800000	4696
A05	57600001	58600000	4546
A05	58400001	59400000	3603
A05	59200001	60200000	2985
A05	60000001	61000000	3222
A05	60800001	61800000	4334
A05	61600001	62600000	4637
A05	62400001	63400000	3630
A05	63200001	64200000	2775
A05	64000001	65000000	4139
A05	64800001	65800000	4327
A05	65600001	66600000	3275
A05	66400001	67400000	4398
A05	67200001	68200000	3758
A05	68000001	69000000	3845
A05	68800001	69800000	4861
A05	69600001	70600000	5527
A05	70400001	71400000	4588
A05	71200001	72200000	4044
A05	72000001	73000000	4930
A05	72800001	73800000	5245
A05	73600001	74600000	4754
A05	74400001	75400000	5071
A05	75200001	76200000	4222
A05	76000001	77000000	5292
A05	76800001	77800000	5823
A05	77600001	78600000	4345
A05	78400001	79400000	5160
A05	79200001	80200000	5369
A05	80000001	81000000	5742
A05	80800001	81800000	4304
A05	81600001	82600000	4577
A05	82400001	83400000	5488
A05	83200001	84200000	3921
A05	84000001	85000000	4969
A05	84800001	85800000	3864
A05	85600001	86600000	4147
A05	86400001	87400000	4313
A05	87200001	88200000	3267
A05	88000001	89000000	3360
A05	88800001	89800000	3453
A05	89600001	90600000	4102
A05	90400001	91400000	2852
A05	91200001	92200000	1978
A05	92000001	92047023	137
A06	1	1000000	2132
A06	800001	1800000	3621
A06	1600001	2600000	3946
A06	2400001	3400000	4163
A06	3200001	4200000	4282
A06	4000001	5000000	4724
A06	4800001	5800000	4486
A06	5600001	6600000	4488
A06	6400001	7400000	3493
A06	7200001	8200000	4731
A06	8000001	9000000	5432
A06	8800001	9800000	4649
A06	9600001	10600000	4088
A06	10400001	11400000	4528
A06	11200001	12200000	5001
A06	12000001	13000000	4330
A06	12800001	13800000	4117
A06	13600001	14600000	4727
A06	14400001	15400000	4481
A06	15200001	16200000	5122
A06	16000001	17000000	5200
A06	16800001	17800000	4602
A06	17600001	18600000	5229
A06	18400001	19400000	5719
A06	19200001	20200000	5296
A06	20000001	21000000	5162
A06	20800001	21800000	5057
A06	21600001	22600000	4432
A06	22400001	23400000	4423
A06	23200001	24200000	4354
A06	24000001	25000000	4441
A06	24800001	25800000	3851
A06	25600001	26600000	3312
A06	26400001	27400000	3857
A06	27200001	28200000	5171
A06	28000001	29000000	4736
A06	28800001	29800000	4977
A06	29600001	30600000	4172
A06	30400001	31400000	4634
A06	31200001	32200000	4890
A06	32000001	33000000	5144
A06	32800001	33800000	5019
A06	33600001	34600000	5228
A06	34400001	35400000	4166
A06	35200001	36200000	4759
A06	36000001	37000000	4798
A06	36800001	37800000	4625
A06	37600001	38600000	4666
A06	38400001	39400000	4176
A06	39200001	40200000	4905
A06	40000001	41000000	3753
A06	40800001	41800000	4297
A06	41600001	42600000	4009
A06	42400001	43400000	4385
A06	43200001	44200000	3854
A06	44000001	45000000	3254
A06	44800001	45800000	4081
A06	45600001	46600000	3321
A06	46400001	47400000	3081
A06	47200001	48200000	3702
A06	48000001	49000000	4242
A06	48800001	49800000	4060
A06	49600001	50600000	4448
A06	50400001	51400000	3654
A06	51200001	52200000	4048
A06	52000001	53000000	3308
A06	52800001	53800000	2505
A06	53600001	54600000	2702
A06	54400001	55400000	3756
A06	55200001	56200000	3158
A06	56000001	57000000	2763
A06	56800001	57800000	3431
A06	57600001	58600000	4017
A06	58400001	59400000	4467
A06	59200001	60200000	3244
A06	60000001	61000000	3405
A06	60800001	61800000	3542
A06	61600001	62600000	2535
A06	62400001	63400000	3394
A06	63200001	64200000	3748
A06	64000001	65000000	3567
A06	64800001	65800000	3395
A06	65600001	66600000	3978
A06	66400001	67400000	4045
A06	67200001	68200000	4135
A06	68000001	69000000	4253
A06	68800001	69800000	3199
A06	69600001	70600000	4309
A06	70400001	71400000	2905
A06	71200001	72200000	3305
A06	72000001	73000000	3223
A06	72800001	73800000	3959
A06	73600001	74600000	2645
A06	74400001	75400000	3999
A06	75200001	76200000	3919
A06	76000001	77000000	4566
A06	76800001	77800000	4657
A06	77600001	78600000	3901
A06	78400001	79400000	4273
A06	79200001	80200000	4144
A06	80000001	81000000	3962
A06	80800001	81800000	4342
A06	81600001	82600000	3566
A06	82400001	83400000	3832
A06	83200001	84200000	4023
A06	84000001	85000000	3782
A06	84800001	85800000	3863
A06	85600001	86600000	4149
A06	86400001	87400000	4458
A06	87200001	88200000	4686
A06	88000001	89000000	5241
A06	88800001	89800000	5433
A06	89600001	90600000	5465
A06	90400001	91400000	5153
A06	91200001	92200000	5061
A06	92000001	93000000	5107
A06	92800001	93800000	4954
A06	93600001	94600000	5124
A06	94400001	95400000	4897
A06	95200001	96200000	4929
A06	96000001	97000000	4526
A06	96800001	97800000	4344
A06	97600001	98600000	4521
A06	98400001	99400000	4840
A06	99200001	100200000	3985
A06	100000001	101000000	4142
A06	100800001	101800000	3519
A06	101600001	102600000	2547
A06	102400001	103170444	2303
A07	1	1000000	2246
A07	800001	1800000	2357
A07	1600001	2600000	2545
A07	2400001	3400000	2781
A07	3200001	4200000	2602
A07	4000001	5000000	1533
A07	4800001	5800000	3386
A07	5600001	6600000	3471
A07	6400001	7400000	4457
A07	7200001	8200000	3721
A07	8000001	9000000	3596
A07	8800001	9800000	5010
A07	9600001	10600000	5632
A07	10400001	11400000	5973
A07	11200001	12200000	5006
A07	12000001	13000000	3961
A07	12800001	13800000	4291
A07	13600001	14600000	4014
A07	14400001	15400000	6060
A07	15200001	16200000	5019
A07	16000001	17000000	3811
A07	16800001	17800000	4231
A07	17600001	18600000	4794
A07	18400001	19400000	5614
A07	19200001	20200000	5496
A07	20000001	21000000	5471
A07	20800001	21800000	5518
A07	21600001	22600000	5903
A07	22400001	23400000	4402
A07	23200001	24200000	4909
A07	24000001	25000000	5222
A07	24800001	25800000	4827
A07	25600001	26600000	4465
A07	26400001	27400000	5119
A07	27200001	28200000	6648
A07	28000001	29000000	5145
A07	28800001	29800000	4726
A07	29600001	30600000	5913
A07	30400001	31400000	4849
A07	31200001	32200000	4192
A07	32000001	33000000	5162
A07	32800001	33800000	5011
A07	33600001	34600000	3954
A07	34400001	35400000	3439
A07	35200001	36200000	4683
A07	36000001	37000000	3585
A07	36800001	37800000	4144
A07	37600001	38600000	4575
A07	38400001	39400000	5043
A07	39200001	40200000	4717
A07	40000001	41000000	4809
A07	40800001	41800000	4581
A07	41600001	42600000	4054
A07	42400001	43400000	3441
A07	43200001	44200000	3289
A07	44000001	45000000	4740
A07	44800001	45800000	4900
A07	45600001	46600000	4275
A07	46400001	47400000	3014
A07	47200001	48200000	3600
A07	48000001	49000000	3485
A07	48800001	49800000	2509
A07	49600001	50600000	3677
A07	50400001	51400000	4095
A07	51200001	52200000	3749
A07	52000001	53000000	4017
A07	52800001	53800000	3587
A07	53600001	54600000	3142
A07	54400001	55400000	4221
A07	55200001	56200000	4944
A07	56000001	57000000	3643
A07	56800001	57800000	3756
A07	57600001	58600000	4159
A07	58400001	59400000	3482
A07	59200001	60200000	2650
A07	60000001	61000000	4261
A07	60800001	61800000	3970
A07	61600001	62600000	5218
A07	62400001	63400000	4917
A07	63200001	64200000	4977
A07	64000001	65000000	4923
A07	64800001	65800000	4504
A07	65600001	66600000	4740
A07	66400001	67400000	3828
A07	67200001	68200000	4723
A07	68000001	69000000	4437
A07	68800001	69800000	4359
A07	69600001	70600000	4388
A07	70400001	71400000	5130
A07	71200001	72200000	3878
A07	72000001	73000000	4593
A07	72800001	73800000	4236
A07	73600001	74600000	4997
A07	74400001	75400000	4007
A07	75200001	76200000	4641
A07	76000001	77000000	3856
A07	76800001	77800000	3706
A07	77600001	78251018	2642
A08	1	1000000	2619
A08	800001	1800000	3093
A08	1600001	2600000	3653
A08	2400001	3400000	4156
A08	3200001	4200000	3543
A08	4000001	5000000	4232
A08	4800001	5800000	3713
A08	5600001	6600000	3746
A08	6400001	7400000	4518
A08	7200001	8200000	4627
A08	8000001	9000000	4769
A08	8800001	9800000	4568
A08	9600001	10600000	4995
A08	10400001	11400000	5123
A08	11200001	12200000	5317
A08	12000001	13000000	4672
A08	12800001	13800000	4739
A08	13600001	14600000	4768
A08	14400001	15400000	3777
A08	15200001	16200000	3974
A08	16000001	17000000	4298
A08	16800001	17800000	4649
A08	17600001	18600000	4382
A08	18400001	19400000	4451
A08	19200001	20200000	4009
A08	20000001	21000000	4185
A08	20800001	21800000	4563
A08	21600001	22600000	4461
A08	22400001	23400000	4001
A08	23200001	24200000	4011
A08	24000001	25000000	4180
A08	24800001	25800000	4267
A08	25600001	26600000	4287
A08	26400001	27400000	4171
A08	27200001	28200000	3678
A08	28000001	29000000	3186
A08	28800001	29800000	3379
A08	29600001	30600000	3374
A08	30400001	31400000	2864
A08	31200001	32200000	2934
A08	32000001	33000000	3412
A08	32800001	33800000	3766
A08	33600001	34600000	4112
A08	34400001	35400000	3873
A08	35200001	36200000	4099
A08	36000001	37000000	4275
A08	36800001	37800000	3367
A08	37600001	38600000	3391
A08	38400001	39400000	3649
A08	39200001	40200000	3326
A08	40000001	41000000	4122
A08	40800001	41800000	3204
A08	41600001	42600000	3779
A08	42400001	43400000	4252
A08	43200001	44200000	3533
A08	44000001	45000000	3929
A08	44800001	45800000	2654
A08	45600001	46600000	1622
A08	46400001	47400000	3114
A08	47200001	48200000	3473
A08	48000001	49000000	3814
A08	48800001	49800000	3858
A08	49600001	50600000	4095
A08	50400001	51400000	3009
A08	51200001	52200000	4741
A08	52000001	53000000	4108
A08	52800001	53800000	4113
A08	53600001	54600000	3681
A08	54400001	55400000	1623
A08	55200001	56200000	3772
A08	56000001	57000000	3411
A08	56800001	57800000	3216
A08	57600001	58600000	4701
A08	58400001	59400000	3801
A08	59200001	60200000	4726
A08	60000001	61000000	4007
A08	60800001	61800000	4234
A08	61600001	62600000	3442
A08	62400001	63400000	3835
A08	63200001	64200000	3234
A08	64000001	65000000	3643
A08	64800001	65800000	4089
A08	65600001	66600000	4635
A08	66400001	67400000	4134
A08	67200001	68200000	3912
A08	68000001	69000000	4381
A08	68800001	69800000	4314
A08	69600001	70600000	4845
A08	70400001	71400000	5297
A08	71200001	72200000	5030
A08	72000001	73000000	4854
A08	72800001	73800000	4422
A08	73600001	74600000	4525
A08	74400001	75400000	3370
A08	75200001	76200000	4083
A08	76000001	77000000	4593
A08	76800001	77800000	4874
A08	77600001	78600000	4733
A08	78400001	79400000	5079
A08	79200001	80200000	5360
A08	80000001	81000000	5649
A08	80800001	81800000	5522
A08	81600001	82600000	5200
A08	82400001	83400000	5260
A08	83200001	84200000	5300
A08	84000001	85000000	5356
A08	84800001	85800000	5121
A08	85600001	86600000	5776
A08	86400001	87400000	5274
A08	87200001	88200000	4883
A08	88000001	89000000	4918
A08	88800001	89800000	4046
A08	89600001	90600000	2744
A08	90400001	91400000	4811
A08	91200001	92200000	5319
A08	92000001	93000000	4541
A08	92800001	93800000	5624
A08	93600001	94600000	4808
A08	94400001	95400000	4758
A08	95200001	96200000	2462
A08	96000001	97000000	3561
A08	96800001	97800000	3780
A08	97600001	98600000	2829
A08	98400001	99400000	3194
A08	99200001	100200000	3435
A08	100000001	101000000	2468
A08	100800001	101800000	2074
A08	101600001	102600000	2046
A08	102400001	103400000	2132
A08	103200001	103626341	1458
A09	1	1000000	4466
A09	800001	1800000	4889
A09	1600001	2600000	5281
A09	2400001	3400000	4189
A09	3200001	4200000	4819
A09	4000001	5000000	4440
A09	4800001	5800000	3776
A09	5600001	6600000	4325
A09	6400001	7400000	5165
A09	7200001	8200000	5431
A09	8000001	9000000	5975
A09	8800001	9800000	5397
A09	9600001	10600000	5209
A09	10400001	11400000	4248
A09	11200001	12200000	4555
A09	12000001	13000000	4125
A09	12800001	13800000	5022
A09	13600001	14600000	4102
A09	14400001	15400000	4242
A09	15200001	16200000	3836
A09	16000001	17000000	3062
A09	16800001	17800000	3367
A09	17600001	18600000	3678
A09	18400001	19400000	3562
A09	19200001	20200000	4521
A09	20000001	21000000	4361
A09	20800001	21800000	2981
A09	21600001	22600000	3177
A09	22400001	23400000	4029
A09	23200001	24200000	2969
A09	24000001	25000000	3891
A09	24800001	25800000	2907
A09	25600001	26600000	3298
A09	26400001	27400000	3753
A09	27200001	28200000	3530
A09	28000001	29000000	3843
A09	28800001	29800000	3198
A09	29600001	30600000	2957
A09	30400001	31400000	3858
A09	31200001	32200000	3890
A09	32000001	33000000	4260
A09	32800001	33800000	3969
A09	33600001	34600000	4017
A09	34400001	35400000	3921
A09	35200001	36200000	3134
A09	36000001	37000000	3407
A09	36800001	37800000	4524
A09	37600001	38600000	4705
A09	38400001	39400000	4980
A09	39200001	40200000	4726
A09	40000001	41000000	4479
A09	40800001	41800000	5151
A09	41600001	42600000	5370
A09	42400001	43400000	5356
A09	43200001	44200000	5186
A09	44000001	45000000	3904
A09	44800001	45800000	4015
A09	45600001	46600000	4255
A09	46400001	47400000	4945
A09	47200001	48200000	4824
A09	48000001	49000000	4277
A09	48800001	49800000	4822
A09	49600001	50600000	4516
A09	50400001	51400000	5458
A09	51200001	52200000	4694
A09	52000001	53000000	4403
A09	52800001	53800000	4684
A09	53600001	54600000	5820
A09	54400001	55400000	4181
A09	55200001	56200000	3487
A09	56000001	57000000	5073
A09	56800001	57800000	4056
A09	57600001	58600000	3316
A09	58400001	59400000	3499
A09	59200001	60200000	3849
A09	60000001	61000000	3610
A09	60800001	61800000	4234
A09	61600001	62600000	4423
A09	62400001	63400000	3391
A09	63200001	64200000	3987
A09	64000001	65000000	3581
A09	64800001	65800000	2403
A09	65600001	66600000	3856
A09	66400001	67400000	3516
A09	67200001	68200000	2349
A09	68000001	69000000	2577
A09	68800001	69800000	1834
A09	69600001	70600000	1933
A09	70400001	71400000	2366
A09	71200001	72200000	2486
A09	72000001	73000000	1864
A09	72800001	73800000	1693
A09	73600001	74600000	2184
A09	74400001	74999931	1002
A10	1	1000000	2038
A10	800001	1800000	2817
A10	1600001	2600000	2462
A10	2400001	3400000	1995
A10	3200001	4200000	2895
A10	4000001	5000000	3572
A10	4800001	5800000	3762
A10	5600001	6600000	4331
A10	6400001	7400000	4344
A10	7200001	8200000	5489
A10	8000001	9000000	5839
A10	8800001	9800000	4725
A10	9600001	10600000	5062
A10	10400001	11400000	4815
A10	11200001	12200000	4031
A10	12000001	13000000	2640
A10	12800001	13800000	4086
A10	13600001	14600000	5135
A10	14400001	15400000	4882
A10	15200001	16200000	5559
A10	16000001	17000000	5237
A10	16800001	17800000	4978
A10	17600001	18600000	4847
A10	18400001	19400000	4993
A10	19200001	20200000	6032
A10	20000001	21000000	3995
A10	20800001	21800000	4983
A10	21600001	22600000	4759
A10	22400001	23400000	4140
A10	23200001	24200000	3546
A10	24000001	25000000	3193
A10	24800001	25800000	3747
A10	25600001	26600000	3754
A10	26400001	27400000	3763
A10	27200001	28200000	3773
A10	28000001	29000000	4409
A10	28800001	29800000	3510
A10	29600001	30600000	3758
A10	30400001	31400000	3064
A10	31200001	32200000	3833
A10	32000001	33000000	3191
A10	32800001	33800000	2873
A10	33600001	34600000	3908
A10	34400001	35400000	4051
A10	35200001	36200000	3221
A10	36000001	37000000	2468
A10	36800001	37800000	3089
A10	37600001	38600000	3327
A10	38400001	39400000	3903
A10	39200001	40200000	3230
A10	40000001	41000000	3429
A10	40800001	41800000	2940
A10	41600001	42600000	3844
A10	42400001	43400000	4191
A10	43200001	44200000	3270
A10	44000001	45000000	3546
A10	44800001	45800000	4043
A10	45600001	46600000	3839
A10	46400001	47400000	3764
A10	47200001	48200000	4712
A10	48000001	49000000	3829
A10	48800001	49800000	4055
A10	49600001	50600000	5065
A10	50400001	51400000	4059
A10	51200001	52200000	4165
A10	52000001	53000000	3972
A10	52800001	53800000	2875
A10	53600001	54600000	3636
A10	54400001	55400000	4004
A10	55200001	56200000	3011
A10	56000001	57000000	4004
A10	56800001	57800000	5144
A10	57600001	58600000	5490
A10	58400001	59400000	5240
A10	59200001	60200000	5064
A10	60000001	61000000	5414
A10	60800001	61800000	4827
A10	61600001	62600000	5107
A10	62400001	63400000	4280
A10	63200001	64200000	4863
A10	64000001	65000000	4132
A10	64800001	65800000	4539
A10	65600001	66600000	4639
A10	66400001	67400000	4673
A10	67200001	68200000	3443
A10	68000001	69000000	4137
A10	68800001	69800000	4169
A10	69600001	70600000	4726
A10	70400001	71400000	4253
A10	71200001	72200000	5365
A10	72000001	73000000	4820
A10	72800001	73800000	4283
A10	73600001	74600000	3824
A10	74400001	75400000	3304
A10	75200001	76200000	3904
A10	76000001	77000000	5370
A10	76800001	77800000	5300
A10	77600001	78600000	5480
A10	78400001	79400000	5323
A10	79200001	80200000	6308
A10	80000001	81000000	5499
A10	80800001	81800000	4203
A10	81600001	82600000	5540
A10	82400001	83400000	4938
A10	83200001	84200000	4734
A10	84000001	85000000	5186
A10	84800001	85800000	4356
A10	85600001	86600000	4414
A10	86400001	87400000	5170
A10	87200001	88200000	4193
A10	88000001	89000000	4848
A10	88800001	89800000	5361
A10	89600001	90600000	4284
A10	90400001	91400000	4270
A10	91200001	92200000	3822
A10	92000001	93000000	4282
A10	92800001	93800000	4219
A10	93600001	94600000	4508
A10	94400001	95400000	3915
A10	95200001	96200000	3044
A10	96000001	97000000	2352
A10	96800001	97800000	3489
A10	97600001	98600000	3740
A10	98400001	99400000	3329
A10	99200001	100200000	3383
A10	100000001	101000000	2939
A10	100800001	100866604	56
A11	1	1000000	2522
A11	800001	1800000	2539
A11	1600001	2600000	2141
A11	2400001	3400000	1908
A11	3200001	4200000	2201
A11	4000001	5000000	2256
A11	4800001	5800000	2651
A11	5600001	6600000	2184
A11	6400001	7400000	2826
A11	7200001	8200000	1975
A11	8000001	9000000	2730
A11	8800001	9800000	3376
A11	9600001	10600000	3098
A11	10400001	11400000	2779
A11	11200001	12200000	3221
A11	12000001	13000000	3416
A11	12800001	13800000	4346
A11	13600001	14600000	4381
A11	14400001	15400000	3684
A11	15200001	16200000	3609
A11	16000001	17000000	5318
A11	16800001	17800000	4186
A11	17600001	18600000	4125
A11	18400001	19400000	4818
A11	19200001	20200000	4701
A11	20000001	21000000	4909
A11	20800001	21800000	5400
A11	21600001	22600000	4160
A11	22400001	23400000	5001
A11	23200001	24200000	5123
A11	24000001	25000000	5923
A11	24800001	25800000	5023
A11	25600001	26600000	5225
A11	26400001	27400000	5114
A11	27200001	28200000	5214
A11	28000001	29000000	3949
A11	28800001	29800000	4678
A11	29600001	30600000	4782
A11	30400001	31400000	4072
A11	31200001	32200000	4018
A11	32000001	33000000	4422
A11	32800001	33800000	3818
A11	33600001	34600000	3745
A11	34400001	35400000	3617
A11	35200001	36200000	4098
A11	36000001	37000000	4850
A11	36800001	37800000	4627
A11	37600001	38600000	3642
A11	38400001	39400000	3192
A11	39200001	40200000	2713
A11	40000001	41000000	4215
A11	40800001	41800000	3296
A11	41600001	42600000	3396
A11	42400001	43400000	4506
A11	43200001	44200000	3997
A11	44000001	45000000	3243
A11	44800001	45800000	3052
A11	45600001	46600000	4685
A11	46400001	47400000	4724
A11	47200001	48200000	3847
A11	48000001	49000000	3453
A11	48800001	49800000	4502
A11	49600001	50600000	4238
A11	50400001	51400000	4026
A11	51200001	52200000	4512
A11	52000001	53000000	4955
A11	52800001	53800000	4995
A11	53600001	54600000	4103
A11	54400001	55400000	3556
A11	55200001	56200000	4192
A11	56000001	57000000	4703
A11	56800001	57800000	3467
A11	57600001	58600000	3300
A11	58400001	59400000	3850
A11	59200001	60200000	3418
A11	60000001	61000000	4640
A11	60800001	61800000	3639
A11	61600001	62600000	3683
A11	62400001	63400000	4264
A11	63200001	64200000	5442
A11	64000001	65000000	4957
A11	64800001	65800000	4360
A11	65600001	66600000	3790
A11	66400001	67400000	3565
A11	67200001	68200000	4705
A11	68000001	69000000	4613
A11	68800001	69800000	5581
A11	69600001	70600000	4408
A11	70400001	71400000	4166
A11	71200001	72200000	4200
A11	72000001	73000000	4517
A11	72800001	73800000	4122
A11	73600001	74600000	3450
A11	74400001	75400000	3525
A11	75200001	76200000	3439
A11	76000001	77000000	4036
A11	76800001	77800000	5031
A11	77600001	78600000	5146
A11	78400001	79400000	5123
A11	79200001	80200000	4995
A11	80000001	81000000	4427
A11	80800001	81800000	4331
A11	81600001	82600000	4865
A11	82400001	83400000	3902
A11	83200001	84200000	3101
A11	84000001	85000000	4057
A11	84800001	85800000	3749
A11	85600001	86600000	4194
A11	86400001	87400000	3514
A11	87200001	88200000	2980
A11	88000001	89000000	2429
A11	88800001	89800000	2978
A11	89600001	90600000	3659
A11	90400001	91400000	3009
A11	91200001	92200000	3289
A11	92000001	93000000	3151
A11	92800001	93316192	1101
A12	1	1000000	3583
A12	800001	1800000	3466
A12	1600001	2600000	3121
A12	2400001	3400000	3573
A12	3200001	4200000	3625
A12	4000001	5000000	4971
A12	4800001	5800000	4796
A12	5600001	6600000	4452
A12	6400001	7400000	4670
A12	7200001	8200000	4901
A12	8000001	9000000	4373
A12	8800001	9800000	5140
A12	9600001	10600000	3848
A12	10400001	11400000	5190
A12	11200001	12200000	5695
A12	12000001	13000000	5272
A12	12800001	13800000	5041
A12	13600001	14600000	4311
A12	14400001	15400000	5011
A12	15200001	16200000	5181
A12	16000001	17000000	5045
A12	16800001	17800000	4838
A12	17600001	18600000	5036
A12	18400001	19400000	5295
A12	19200001	20200000	4436
A12	20000001	21000000	5256
A12	20800001	21800000	5129
A12	21600001	22600000	4515
A12	22400001	23400000	4690
A12	23200001	24200000	3926
A12	24000001	25000000	3157
A12	24800001	25800000	2653
A12	25600001	26600000	2937
A12	26400001	27400000	4277
A12	27200001	28200000	3655
A12	28000001	29000000	4527
A12	28800001	29800000	4604
A12	29600001	30600000	4407
A12	30400001	31400000	3005
A12	31200001	32200000	3027
A12	32000001	33000000	3887
A12	32800001	33800000	3267
A12	33600001	34600000	2970
A12	34400001	35400000	2953
A12	35200001	36200000	2749
A12	36000001	37000000	2756
A12	36800001	37800000	3685
A12	37600001	38600000	4407
A12	38400001	39400000	3668
A12	39200001	40200000	3990
A12	40000001	41000000	3640
A12	40800001	41800000	3880
A12	41600001	42600000	4163
A12	42400001	43400000	3972
A12	43200001	44200000	3633
A12	44000001	45000000	3410
A12	44800001	45800000	4141
A12	45600001	46600000	4204
A12	46400001	47400000	4240
A12	47200001	48200000	4250
A12	48000001	49000000	3095
A12	48800001	49800000	4104
A12	49600001	50600000	2830
A12	50400001	51400000	4538
A12	51200001	52200000	3470
A12	52000001	53000000	4171
A12	52800001	53800000	3843
A12	53600001	54600000	3863
A12	54400001	55400000	4001
A12	55200001	56200000	3690
A12	56000001	57000000	4495
A12	56800001	57800000	5427
A12	57600001	58600000	5004
A12	58400001	59400000	4722
A12	59200001	60200000	4651
A12	60000001	61000000	3940
A12	60800001	61800000	4570
A12	61600001	62600000	5324
A12	62400001	63400000	4849
A12	63200001	64200000	4889
A12	64000001	65000000	4176
A12	64800001	65800000	4336
A12	65600001	66600000	4019
A12	66400001	67400000	4713
A12	67200001	68200000	4899
A12	68000001	69000000	4067
A12	68800001	69800000	3958
A12	69600001	70600000	4877
A12	70400001	71400000	5053
A12	71200001	72200000	4998
A12	72000001	73000000	4594
A12	72800001	73800000	3807
A12	73600001	74600000	3273
A12	74400001	75400000	4558
A12	75200001	76200000	4424
A12	76000001	77000000	4053
A12	76800001	77800000	3982
A12	77600001	78600000	2825
A12	78400001	79400000	3232
A12	79200001	80200000	3423
A12	80000001	81000000	2760
A12	80800001	81800000	2339
A12	81600001	82600000	2858
A12	82400001	83400000	2705
A12	83200001	84200000	2162
A12	84000001	85000000	2077
A12	84800001	85800000	2380
A12	85600001	86600000	2477
A12	86400001	87400000	2156
A12	87200001	87484866	463
A13	1	1000000	2933
A13	800001	1800000	3645
A13	1600001	2600000	3942
A13	2400001	3400000	3732
A13	3200001	4200000	3735
A13	4000001	5000000	4146
A13	4800001	5800000	4357
A13	5600001	6600000	4433
A13	6400001	7400000	4184
A13	7200001	8200000	3150
A13	8000001	9000000	4174
A13	8800001	9800000	4399
A13	9600001	10600000	4974
A13	10400001	11400000	3509
A13	11200001	12200000	4441
A13	12000001	13000000	5218
A13	12800001	13800000	4456
A13	13600001	14600000	4522
A13	14400001	15400000	4931
A13	15200001	16200000	3988
A13	16000001	17000000	4053
A13	16800001	17800000	4556
A13	17600001	18600000	4810
A13	18400001	19400000	4460
A13	19200001	20200000	3979
A13	20000001	21000000	4580
A13	20800001	21800000	4173
A13	21600001	22600000	3828
A13	22400001	23400000	4463
A13	23200001	24200000	3925
A13	24000001	25000000	3677
A13	24800001	25800000	3991
A13	25600001	26600000	4155
A13	26400001	27400000	4101
A13	27200001	28200000	3886
A13	28000001	29000000	3488
A13	28800001	29800000	3570
A13	29600001	30600000	3450
A13	30400001	31400000	3837
A13	31200001	32200000	4472
A13	32000001	33000000	3509
A13	32800001	33800000	3624
A13	33600001	34600000	3022
A13	34400001	35400000	3225
A13	35200001	36200000	3974
A13	36000001	37000000	4006
A13	36800001	37800000	4259
A13	37600001	38600000	4892
A13	38400001	39400000	4313
A13	39200001	40200000	4583
A13	40000001	41000000	4984
A13	40800001	41800000	4601
A13	41600001	42600000	3855
A13	42400001	43400000	3669
A13	43200001	44200000	4009
A13	44000001	45000000	4335
A13	44800001	45800000	4543
A13	45600001	46600000	4676
A13	46400001	47400000	5532
A13	47200001	48200000	4700
A13	48000001	49000000	4305
A13	48800001	49800000	4562
A13	49600001	50600000	3910
A13	50400001	51400000	4323
A13	51200001	52200000	3976
A13	52000001	53000000	4498
A13	52800001	53800000	3973
A13	53600001	54600000	4877
A13	54400001	55400000	4705
A13	55200001	56200000	5419
A13	56000001	57000000	4968
A13	56800001	57800000	5282
A13	57600001	58600000	5648
A13	58400001	59400000	5018
A13	59200001	60200000	4579
A13	60000001	61000000	4807
A13	60800001	61800000	4699
A13	61600001	62600000	5905
A13	62400001	63400000	4932
A13	63200001	64200000	4331
A13	64000001	65000000	4984
A13	64800001	65800000	4631
A13	65600001	66600000	5188
A13	66400001	67400000	5144
A13	67200001	68200000	4645
A13	68000001	69000000	4753
A13	68800001	69800000	5775
A13	69600001	70600000	5067
A13	70400001	71400000	4833
A13	71200001	72200000	4977
A13	72000001	73000000	4355
A13	72800001	73800000	3018
A13	73600001	74600000	4588
A13	74400001	75400000	3431
A13	75200001	76200000	3725
A13	76000001	77000000	2718
A13	76800001	77800000	3316
A13	77600001	78600000	2838
A13	78400001	79400000	2332
A13	79200001	79961121	1752
D01	1	1000000	2441
D01	800001	1800000	2727
D01	1600001	2600000	2629
D01	2400001	3400000	2740
D01	3200001	4200000	2529
D01	4000001	5000000	3164
D01	4800001	5800000	3130
D01	5600001	6600000	3653
D01	6400001	7400000	4353
D01	7200001	8200000	4698
D01	8000001	9000000	3697
D01	8800001	9800000	4409
D01	9600001	10600000	4614
D01	10400001	11400000	4889
D01	11200001	12200000	5721
D01	12000001	13000000	5102
D01	12800001	13800000	5298
D01	13600001	14600000	4625
D01	14400001	15400000	4623
D01	15200001	16200000	5265
D01	16000001	17000000	6017
D01	16800001	17800000	5791
D01	17600001	18600000	5702
D01	18400001	19400000	5985
D01	19200001	20200000	5663
D01	20000001	21000000	5874
D01	20800001	21800000	5387
D01	21600001	22600000	5675
D01	22400001	23400000	5355
D01	23200001	24200000	6308
D01	24000001	25000000	5389
D01	24800001	25800000	5499
D01	25600001	26600000	4799
D01	26400001	27400000	5186
D01	27200001	28200000	5255
D01	28000001	29000000	5146
D01	28800001	29800000	4569
D01	29600001	30600000	5001
D01	30400001	31400000	5563
D01	31200001	32200000	5196
D01	32000001	33000000	5237
D01	32800001	33800000	3789
D01	33600001	34600000	4218
D01	34400001	35400000	4206
D01	35200001	36200000	4969
D01	36000001	37000000	4702
D01	36800001	37800000	4131
D01	37600001	38600000	4603
D01	38400001	39400000	5833
D01	39200001	40200000	5717
D01	40000001	41000000	5599
D01	40800001	41800000	5602
D01	41600001	42600000	4526
D01	42400001	43400000	5812
D01	43200001	44200000	5639
D01	44000001	45000000	5612
D01	44800001	45800000	5398
D01	45600001	46600000	5519
D01	46400001	47400000	5868
D01	47200001	48200000	5897
D01	48000001	49000000	6446
D01	48800001	49800000	6131
D01	49600001	50600000	5193
D01	50400001	51400000	5510
D01	51200001	52200000	5241
D01	52000001	53000000	4942
D01	52800001	53800000	4444
D01	53600001	54600000	5157
D01	54400001	55400000	4522
D01	55200001	56200000	4556
D01	56000001	57000000	4226
D01	56800001	57800000	3843
D01	57600001	58600000	4273
D01	58400001	59400000	4305
D01	59200001	60200000	4098
D01	60000001	61000000	3452
D01	60800001	61456009	1700
D02	1	1000000	2426
D02	800001	1800000	2098
D02	1600001	2600000	2703
D02	2400001	3400000	2246
D02	3200001	4200000	2250
D02	4000001	5000000	2501
D02	4800001	5800000	3497
D02	5600001	6600000	3678
D02	6400001	7400000	2766
D02	7200001	8200000	4358
D02	8000001	9000000	4576
D02	8800001	9800000	5159
D02	9600001	10600000	4188
D02	10400001	11400000	4847
D02	11200001	12200000	3762
D02	12000001	13000000	5108
D02	12800001	13800000	4871
D02	13600001	14600000	5442
D02	14400001	15400000	5897
D02	15200001	16200000	5929
D02	16000001	17000000	4836
D02	16800001	17800000	5515
D02	17600001	18600000	5593
D02	18400001	19400000	5459
D02	19200001	20200000	4347
D02	20000001	21000000	4717
D02	20800001	21800000	5400
D02	21600001	22600000	5657
D02	22400001	23400000	5986
D02	23200001	24200000	5367
D02	24000001	25000000	5092
D02	24800001	25800000	5279
D02	25600001	26600000	5526
D02	26400001	27400000	5572
D02	27200001	28200000	4557
D02	28000001	29000000	4925
D02	28800001	29800000	4107
D02	29600001	30600000	4314
D02	30400001	31400000	4180
D02	31200001	32200000	4363
D02	32000001	33000000	4287
D02	32800001	33800000	5073
D02	33600001	34600000	4921
D02	34400001	35400000	5884
D02	35200001	36200000	5479
D02	36000001	37000000	4576
D02	36800001	37800000	5079
D02	37600001	38600000	5318
D02	38400001	39400000	6067
D02	39200001	40200000	5793
D02	40000001	41000000	6206
D02	40800001	41800000	5722
D02	41600001	42600000	5491
D02	42400001	43400000	5618
D02	43200001	44200000	5349
D02	44000001	45000000	4761
D02	44800001	45800000	5803
D02	45600001	46600000	5625
D02	46400001	47400000	5719
D02	47200001	48200000	5451
D02	48000001	49000000	5453
D02	48800001	49800000	5684
D02	49600001	50600000	4511
D02	50400001	51400000	5248
D02	51200001	52200000	6199
D02	52000001	53000000	5723
D02	52800001	53800000	5292
D02	53600001	54600000	5573
D02	54400001	55400000	5787
D02	55200001	56200000	5599
D02	56000001	57000000	5184
D02	56800001	57800000	5602
D02	57600001	58600000	4746
D02	58400001	59400000	4900
D02	59200001	60200000	5416
D02	60000001	61000000	4446
D02	60800001	61800000	4366
D02	61600001	62600000	4822
D02	62400001	63400000	4028
D02	63200001	64200000	2207
D02	64000001	65000000	3261
D02	64800001	65800000	3320
D02	65600001	66600000	3185
D02	66400001	67400000	2104
D02	67200001	67284553	290
D03	1	1000000	2639
D03	800001	1800000	3304
D03	1600001	2600000	3762
D03	2400001	3400000	4244
D03	3200001	4200000	4224
D03	4000001	5000000	4857
D03	4800001	5800000	4763
D03	5600001	6600000	4942
D03	6400001	7400000	5104
D03	7200001	8200000	5705
D03	8000001	9000000	5666
D03	8800001	9800000	6127
D03	9600001	10600000	5724
D03	10400001	11400000	5431
D03	11200001	12200000	5527
D03	12000001	13000000	6141
D03	12800001	13800000	5148
D03	13600001	14600000	4596
D03	14400001	15400000	4995
D03	15200001	16200000	5670
D03	16000001	17000000	4871
D03	16800001	17800000	4493
D03	17600001	18600000	4424
D03	18400001	19400000	4124
D03	19200001	20200000	4318
D03	20000001	21000000	5385
D03	20800001	21800000	4923
D03	21600001	22600000	4778
D03	22400001	23400000	4212
D03	23200001	24200000	4793
D03	24000001	25000000	5422
D03	24800001	25800000	4948
D03	25600001	26600000	5632
D03	26400001	27400000	5551
D03	27200001	28200000	4894
D03	28000001	29000000	5198
D03	28800001	29800000	5857
D03	29600001	30600000	5456
D03	30400001	31400000	5333
D03	31200001	32200000	5902
D03	32000001	33000000	6153
D03	32800001	33800000	5353
D03	33600001	34600000	5467
D03	34400001	35400000	5331
D03	35200001	36200000	5090
D03	36000001	37000000	5157
D03	36800001	37800000	4908
D03	37600001	38600000	4660
D03	38400001	39400000	3881
D03	39200001	40200000	4345
D03	40000001	41000000	4386
D03	40800001	41800000	3975
D03	41600001	42600000	3763
D03	42400001	43400000	3136
D03	43200001	44200000	3727
D03	44000001	45000000	4043
D03	44800001	45800000	2571
D03	45600001	46600000	2841
D03	46400001	46690656	592
D04	1	1000000	3562
D04	800001	1800000	3867
D04	1600001	2600000	3105
D04	2400001	3400000	2601
D04	3200001	4200000	3241
D04	4000001	5000000	3890
D04	4800001	5800000	4133
D04	5600001	6600000	3997
D04	6400001	7400000	4841
D04	7200001	8200000	4808
D04	8000001	9000000	4855
D04	8800001	9800000	4872
D04	9600001	10600000	5067
D04	10400001	11400000	4948
D04	11200001	12200000	5673
D04	12000001	13000000	5994
D04	12800001	13800000	5775
D04	13600001	14600000	5738
D04	14400001	15400000	5514
D04	15200001	16200000	5226
D04	16000001	17000000	5114
D04	16800001	17800000	5209
D04	17600001	18600000	5245
D04	18400001	19400000	4597
D04	19200001	20200000	4322
D04	20000001	21000000	4535
D04	20800001	21800000	4024
D04	21600001	22600000	5032
D04	22400001	23400000	5188
D04	23200001	24200000	5893
D04	24000001	25000000	5976
D04	24800001	25800000	5712
D04	25600001	26600000	5271
D04	26400001	27400000	4685
D04	27200001	28200000	4618
D04	28000001	29000000	5220
D04	28800001	29800000	5296
D04	29600001	30600000	6016
D04	30400001	31400000	6179
D04	31200001	32200000	6188
D04	32000001	33000000	5111
D04	32800001	33800000	5794
D04	33600001	34600000	6141
D04	34400001	35400000	5664
D04	35200001	36200000	5593
D04	36000001	37000000	5628
D04	36800001	37800000	5411
D04	37600001	38600000	5983
D04	38400001	39400000	6124
D04	39200001	40200000	6492
D04	40000001	41000000	5970
D04	40800001	41800000	5897
D04	41600001	42600000	5117
D04	42400001	43400000	5228
D04	43200001	44200000	5542
D04	44000001	45000000	3558
D04	44800001	45800000	4325
D04	45600001	46600000	4345
D04	46400001	47400000	3154
D04	47200001	48200000	3519
D04	48000001	49000000	2552
D04	48800001	49800000	2512
D04	49600001	50600000	2680
D04	50400001	51400000	2634
D04	51200001	51454130	474
D05	1	1000000	1704
D05	800001	1800000	2002
D05	1600001	2600000	2082
D05	2400001	3400000	1846
D05	3200001	4200000	1686
D05	4000001	5000000	1686
D05	4800001	5800000	2155
D05	5600001	6600000	1973
D05	6400001	7400000	1586
D05	7200001	8200000	1869
D05	8000001	9000000	1767
D05	8800001	9800000	1832
D05	9600001	10600000	2010
D05	10400001	11400000	1428
D05	11200001	12200000	1900
D05	12000001	13000000	1516
D05	12800001	13800000	1893
D05	13600001	14600000	2671
D05	14400001	15400000	2227
D05	15200001	16200000	2176
D05	16000001	17000000	2144
D05	16800001	17800000	1561
D05	17600001	18600000	2377
D05	18400001	19400000	2059
D05	19200001	20200000	2678
D05	20000001	21000000	3608
D05	20800001	21800000	2424
D05	21600001	22600000	2666
D05	22400001	23400000	3350
D05	23200001	24200000	2871
D05	24000001	25000000	2965
D05	24800001	25800000	3585
D05	25600001	26600000	3057
D05	26400001	27400000	3600
D05	27200001	28200000	3411
D05	28000001	29000000	3435
D05	28800001	29800000	4343
D05	29600001	30600000	4411
D05	30400001	31400000	4550
D05	31200001	32200000	3471
D05	32000001	33000000	3854
D05	32800001	33800000	4325
D05	33600001	34600000	5417
D05	34400001	35400000	5448
D05	35200001	36200000	5101
D05	36000001	37000000	5010
D05	36800001	37800000	4556
D05	37600001	38600000	4680
D05	38400001	39400000	4656
D05	39200001	40200000	3766
D05	40000001	41000000	4179
D05	40800001	41800000	5177
D05	41600001	42600000	5220
D05	42400001	43400000	5221
D05	43200001	44200000	5400
D05	44000001	45000000	5432
D05	44800001	45800000	5277
D05	45600001	46600000	4777
D05	46400001	47400000	4960
D05	47200001	48200000	4869
D05	48000001	49000000	4341
D05	48800001	49800000	5657
D05	49600001	50600000	5458
D05	50400001	51400000	4052
D05	51200001	52200000	4303
D05	52000001	53000000	3608
D05	52800001	53800000	2631
D05	53600001	54600000	3862
D05	54400001	55400000	3577
D05	55200001	56200000	3073
D05	56000001	57000000	4818
D05	56800001	57800000	4235
D05	57600001	58600000	4170
D05	58400001	59400000	3877
D05	59200001	60200000	2534
D05	60000001	61000000	3669
D05	60800001	61800000	4312
D05	61600001	61933047	1193
D06	1	1000000	3011
D06	800001	1800000	3399
D06	1600001	2600000	2954
D06	2400001	3400000	2576
D06	3200001	4200000	4567
D06	4000001	5000000	4950
D06	4800001	5800000	3941
D06	5600001	6600000	3788
D06	6400001	7400000	4939
D06	7200001	8200000	5672
D06	8000001	9000000	3919
D06	8800001	9800000	5161
D06	9600001	10600000	5527
D06	10400001	11400000	5050
D06	11200001	12200000	5375
D06	12000001	13000000	5960
D06	12800001	13800000	5610
D06	13600001	14600000	6137
D06	14400001	15400000	5783
D06	15200001	16200000	5245
D06	16000001	17000000	5442
D06	16800001	17800000	5247
D06	17600001	18600000	6016
D06	18400001	19400000	5307
D06	19200001	20200000	4834
D06	20000001	21000000	5728
D06	20800001	21800000	6197
D06	21600001	22600000	5672
D06	22400001	23400000	5762
D06	23200001	24200000	4193
D06	24000001	25000000	4838
D06	24800001	25800000	5223
D06	25600001	26600000	6082
D06	26400001	27400000	4811
D06	27200001	28200000	4940
D06	28000001	29000000	4723
D06	28800001	29800000	5124
D06	29600001	30600000	5284
D06	30400001	31400000	5159
D06	31200001	32200000	5934
D06	32000001	33000000	4231
D06	32800001	33800000	4206
D06	33600001	34600000	4913
D06	34400001	35400000	3466
D06	35200001	36200000	4727
D06	36000001	37000000	6054
D06	36800001	37800000	4896
D06	37600001	38600000	4065
D06	38400001	39400000	4351
D06	39200001	40200000	5328
D06	40000001	41000000	4445
D06	40800001	41800000	4868
D06	41600001	42600000	5166
D06	42400001	43400000	5383
D06	43200001	44200000	4953
D06	44000001	45000000	5735
D06	44800001	45800000	5473
D06	45600001	46600000	4923
D06	46400001	47400000	5553
D06	47200001	48200000	5825
D06	48000001	49000000	5359
D06	48800001	49800000	5477
D06	49600001	50600000	5956
D06	50400001	51400000	5238
D06	51200001	52200000	5460
D06	52000001	53000000	5621
D06	52800001	53800000	5259
D06	53600001	54600000	5224
D06	54400001	55400000	5428
D06	55200001	56200000	4847
D06	56000001	57000000	4927
D06	56800001	57800000	4099
D06	57600001	58600000	4129
D06	58400001	59400000	4115
D06	59200001	60200000	3063
D06	60000001	61000000	4005
D06	60800001	61800000	4244
D06	61600001	62600000	3175
D06	62400001	63400000	3314
D06	63200001	64200000	3432
D06	64000001	64294643	660
D07	1	1000000	2289
D07	800001	1800000	2674
D07	1600001	2600000	3178
D07	2400001	3400000	3006
D07	3200001	4200000	3122
D07	4000001	5000000	2767
D07	4800001	5800000	3149
D07	5600001	6600000	3103
D07	6400001	7400000	3512
D07	7200001	8200000	3723
D07	8000001	9000000	3711
D07	8800001	9800000	3838
D07	9600001	10600000	3926
D07	10400001	11400000	3539
D07	11200001	12200000	4454
D07	12000001	13000000	4745
D07	12800001	13800000	4449
D07	13600001	14600000	5021
D07	14400001	15400000	4291
D07	15200001	16200000	5072
D07	16000001	17000000	4958
D07	16800001	17800000	4551
D07	17600001	18600000	4866
D07	18400001	19400000	4641
D07	19200001	20200000	4717
D07	20000001	21000000	5462
D07	20800001	21800000	5670
D07	21600001	22600000	5036
D07	22400001	23400000	5473
D07	23200001	24200000	5253
D07	24000001	25000000	5601
D07	24800001	25800000	5259
D07	25600001	26600000	5763
D07	26400001	27400000	5393
D07	27200001	28200000	5646
D07	28000001	29000000	6113
D07	28800001	29800000	5133
D07	29600001	30600000	5242
D07	30400001	31400000	4363
D07	31200001	32200000	5046
D07	32000001	33000000	4703
D07	32800001	33800000	4904
D07	33600001	34600000	4657
D07	34400001	35400000	5087
D07	35200001	36200000	4829
D07	36000001	37000000	4920
D07	36800001	37800000	5512
D07	37600001	38600000	4677
D07	38400001	39400000	3762
D07	39200001	40200000	3334
D07	40000001	41000000	4776
D07	40800001	41800000	5535
D07	41600001	42600000	5028
D07	42400001	43400000	4742
D07	43200001	44200000	5630
D07	44000001	45000000	3816
D07	44800001	45800000	3907
D07	45600001	46600000	4556
D07	46400001	47400000	5666
D07	47200001	48200000	5580
D07	48000001	49000000	4521
D07	48800001	49800000	4433
D07	49600001	50600000	3770
D07	50400001	51400000	5104
D07	51200001	52200000	3468
D07	52000001	53000000	4124
D07	52800001	53800000	4006
D07	53600001	54600000	3414
D07	54400001	55400000	3413
D07	55200001	55312611	557
D08	1	1000000	3091
D08	800001	1800000	2683
D08	1600001	2600000	3079
D08	2400001	3400000	3578
D08	3200001	4200000	3511
D08	4000001	5000000	3735
D08	4800001	5800000	2826
D08	5600001	6600000	4053
D08	6400001	7400000	4815
D08	7200001	8200000	4230
D08	8000001	9000000	5263
D08	8800001	9800000	5549
D08	9600001	10600000	5167
D08	10400001	11400000	6015
D08	11200001	12200000	5178
D08	12000001	13000000	6051
D08	12800001	13800000	5926
D08	13600001	14600000	5577
D08	14400001	15400000	5460
D08	15200001	16200000	5236
D08	16000001	17000000	5330
D08	16800001	17800000	5113
D08	17600001	18600000	5350
D08	18400001	19400000	5272
D08	19200001	20200000	5027
D08	20000001	21000000	4705
D08	20800001	21800000	4262
D08	21600001	22600000	4830
D08	22400001	23400000	4933
D08	23200001	24200000	5170
D08	24000001	25000000	4441
D08	24800001	25800000	4409
D08	25600001	26600000	2911
D08	26400001	27400000	3877
D08	27200001	28200000	3834
D08	28000001	29000000	3349
D08	28800001	29800000	4933
D08	29600001	30600000	4700
D08	30400001	31400000	5050
D08	31200001	32200000	5077
D08	32000001	33000000	5218
D08	32800001	33800000	5687
D08	33600001	34600000	5543
D08	34400001	35400000	5723
D08	35200001	36200000	5197
D08	36000001	37000000	5162
D08	36800001	37800000	5478
D08	37600001	38600000	5622
D08	38400001	39400000	5136
D08	39200001	40200000	5904
D08	40000001	41000000	5338
D08	40800001	41800000	5272
D08	41600001	42600000	5461
D08	42400001	43400000	5943
D08	43200001	44200000	5228
D08	44000001	45000000	5556
D08	44800001	45800000	6136
D08	45600001	46600000	6141
D08	46400001	47400000	4749
D08	47200001	48200000	5102
D08	48000001	49000000	4728
D08	48800001	49800000	5284
D08	49600001	50600000	4058
D08	50400001	51400000	4644
D08	51200001	52200000	5363
D08	52000001	53000000	4791
D08	52800001	53800000	3610
D08	53600001	54600000	4630
D08	54400001	55400000	4850
D08	55200001	56200000	5458
D08	56000001	57000000	4203
D08	56800001	57800000	4318
D08	57600001	58600000	3587
D08	58400001	59400000	3573
D08	59200001	60200000	2395
D08	60000001	61000000	3295
D08	60800001	61800000	3574
D08	61600001	62600000	3698
D08	62400001	63400000	2698
D08	63200001	64200000	2049
D08	64000001	65000000	2514
D08	64800001	65800000	2313
D08	65600001	65894135	473
D09	1	1000000	4271
D09	800001	1800000	4469
D09	1600001	2600000	4965
D09	2400001	3400000	5084
D09	3200001	4200000	5143
D09	4000001	5000000	4191
D09	4800001	5800000	3875
D09	5600001	6600000	4354
D09	6400001	7400000	5491
D09	7200001	8200000	3808
D09	8000001	9000000	4403
D09	8800001	9800000	5611
D09	9600001	10600000	5434
D09	10400001	11400000	5024
D09	11200001	12200000	5263
D09	12000001	13000000	5417
D09	12800001	13800000	5771
D09	13600001	14600000	4862
D09	14400001	15400000	5931
D09	15200001	16200000	3736
D09	16000001	17000000	3842
D09	16800001	17800000	4996
D09	17600001	18600000	5084
D09	18400001	19400000	4671
D09	19200001	20200000	4427
D09	20000001	21000000	5133
D09	20800001	21800000	5854
D09	21600001	22600000	5407
D09	22400001	23400000	6217
D09	23200001	24200000	5490
D09	24000001	25000000	6363
D09	24800001	25800000	5892
D09	25600001	26600000	5112
D09	26400001	27400000	6041
D09	27200001	28200000	5204
D09	28000001	29000000	4763
D09	28800001	29800000	4697
D09	29600001	30600000	5115
D09	30400001	31400000	4602
D09	31200001	32200000	4095
D09	32000001	33000000	3618
D09	32800001	33800000	3723
D09	33600001	34600000	4002
D09	34400001	35400000	4159
D09	35200001	36200000	3750
D09	36000001	37000000	3551
D09	36800001	37800000	3227
D09	37600001	38600000	2734
D09	38400001	39400000	2792
D09	39200001	40200000	2844
D09	40000001	41000000	3151
D09	40800001	41800000	2922
D09	41600001	42600000	2100
D09	42400001	43400000	2843
D09	43200001	44200000	2603
D09	44000001	45000000	3085
D09	44800001	45800000	3310
D09	45600001	46600000	3018
D09	46400001	47400000	2544
D09	47200001	48200000	1925
D09	48000001	49000000	2302
D09	48800001	49800000	2023
D09	49600001	50600000	2303
D09	50400001	50995436	1061
D10	1	1000000	1826
D10	800001	1800000	2450
D10	1600001	2600000	3082
D10	2400001	3400000	2451
D10	3200001	4200000	3112
D10	4000001	5000000	3254
D10	4800001	5800000	3588
D10	5600001	6600000	4367
D10	6400001	7400000	4483
D10	7200001	8200000	3471
D10	8000001	9000000	3863
D10	8800001	9800000	4727
D10	9600001	10600000	4234
D10	10400001	11400000	4712
D10	11200001	12200000	4862
D10	12000001	13000000	4773
D10	12800001	13800000	4845
D10	13600001	14600000	5201
D10	14400001	15400000	5307
D10	15200001	16200000	5732
D10	16000001	17000000	5451
D10	16800001	17800000	5766
D10	17600001	18600000	5481
D10	18400001	19400000	6353
D10	19200001	20200000	5480
D10	20000001	21000000	4256
D10	20800001	21800000	4655
D10	21600001	22600000	4255
D10	22400001	23400000	4759
D10	23200001	24200000	6012
D10	24000001	25000000	5042
D10	24800001	25800000	4615
D10	25600001	26600000	5083
D10	26400001	27400000	4935
D10	27200001	28200000	5690
D10	28000001	29000000	6096
D10	28800001	29800000	5559
D10	29600001	30600000	4905
D10	30400001	31400000	5389
D10	31200001	32200000	5472
D10	32000001	33000000	4754
D10	32800001	33800000	5257
D10	33600001	34600000	5073
D10	34400001	35400000	4614
D10	35200001	36200000	4643
D10	36000001	37000000	4760
D10	36800001	37800000	4289
D10	37600001	38600000	3731
D10	38400001	39400000	4679
D10	39200001	40200000	4356
D10	40000001	41000000	4656
D10	40800001	41800000	5263
D10	41600001	42600000	4855
D10	42400001	43400000	5248
D10	43200001	44200000	5019
D10	44000001	45000000	4373
D10	44800001	45800000	5183
D10	45600001	46600000	5909
D10	46400001	47400000	6182
D10	47200001	48200000	6587
D10	48000001	49000000	4857
D10	48800001	49800000	5031
D10	49600001	50600000	4886
D10	50400001	51400000	4999
D10	51200001	52200000	5266
D10	52000001	53000000	5811
D10	52800001	53800000	3991
D10	53600001	54600000	3727
D10	54400001	55400000	3308
D10	55200001	56200000	3268
D10	56000001	57000000	4259
D10	56800001	57800000	3703
D10	57600001	58600000	3606
D10	58400001	59400000	3668
D10	59200001	60200000	2610
D10	60000001	61000000	2368
D10	60800001	61800000	3285
D10	61600001	62600000	2333
D10	62400001	63400000	1932
D10	63200001	63374666	436
D11	1	1000000	2506
D11	800001	1800000	2818
D11	1600001	2600000	2123
D11	2400001	3400000	2305
D11	3200001	4200000	2248
D11	4000001	5000000	2310
D11	4800001	5800000	1931
D11	5600001	6600000	2956
D11	6400001	7400000	2914
D11	7200001	8200000	2857
D11	8000001	9000000	3168
D11	8800001	9800000	3592
D11	9600001	10600000	3287
D11	10400001	11400000	3577
D11	11200001	12200000	3432
D11	12000001	13000000	3495
D11	12800001	13800000	3382
D11	13600001	14600000	3584
D11	14400001	15400000	4177
D11	15200001	16200000	3598
D11	16000001	17000000	4465
D11	16800001	17800000	4763
D11	17600001	18600000	4513
D11	18400001	19400000	3921
D11	19200001	20200000	5193
D11	20000001	21000000	5876
D11	20800001	21800000	4763
D11	21600001	22600000	4850
D11	22400001	23400000	5130
D11	23200001	24200000	5402
D11	24000001	25000000	5373
D11	24800001	25800000	5219
D11	25600001	26600000	5526
D11	26400001	27400000	6111
D11	27200001	28200000	4998
D11	28000001	29000000	5216
D11	28800001	29800000	6132
D11	29600001	30600000	5389
D11	30400001	31400000	5622
D11	31200001	32200000	5414
D11	32000001	33000000	5365
D11	32800001	33800000	5416
D11	33600001	34600000	5448
D11	34400001	35400000	4706
D11	35200001	36200000	4388
D11	36000001	37000000	4645
D11	36800001	37800000	5339
D11	37600001	38600000	5323
D11	38400001	39400000	6051
D11	39200001	40200000	3957
D11	40000001	41000000	4110
D11	40800001	41800000	4914
D11	41600001	42600000	5784
D11	42400001	43400000	5394
D11	43200001	44200000	5594
D11	44000001	45000000	5993
D11	44800001	45800000	5420
D11	45600001	46600000	5309
D11	46400001	47400000	4963
D11	47200001	48200000	4174
D11	48000001	49000000	4349
D11	48800001	49800000	4440
D11	49600001	50600000	4705
D11	50400001	51400000	4638
D11	51200001	52200000	4734
D11	52000001	53000000	4428
D11	52800001	53800000	4089
D11	53600001	54600000	3743
D11	54400001	55400000	4777
D11	55200001	56200000	5337
D11	56000001	57000000	5021
D11	56800001	57800000	4724
D11	57600001	58600000	3160
D11	58400001	59400000	3067
D11	59200001	60200000	2477
D11	60000001	61000000	2524
D11	60800001	61800000	2695
D11	61600001	62600000	3013
D11	62400001	63400000	2510
D11	63200001	64200000	2577
D11	64000001	65000000	2379
D11	64800001	65800000	2652
D11	65600001	66087774	1278
D12	1	1000000	3235
D12	800001	1800000	3267
D12	1600001	2600000	3142
D12	2400001	3400000	3431
D12	3200001	4200000	3797
D12	4000001	5000000	4760
D12	4800001	5800000	4273
D12	5600001	6600000	4053
D12	6400001	7400000	4868
D12	7200001	8200000	5240
D12	8000001	9000000	5480
D12	8800001	9800000	5247
D12	9600001	10600000	5321
D12	10400001	11400000	4619
D12	11200001	12200000	4657
D12	12000001	13000000	5188
D12	12800001	13800000	5632
D12	13600001	14600000	5788
D12	14400001	15400000	5072
D12	15200001	16200000	5509
D12	16000001	17000000	6001
D12	16800001	17800000	5670
D12	17600001	18600000	5453
D12	18400001	19400000	4645
D12	19200001	20200000	5169
D12	20000001	21000000	5087
D12	20800001	21800000	5347
D12	21600001	22600000	4667
D12	22400001	23400000	4711
D12	23200001	24200000	3630
D12	24000001	25000000	4971
D12	24800001	25800000	5291
D12	25600001	26600000	6269
D12	26400001	27400000	6412
D12	27200001	28200000	5785
D12	28000001	29000000	4462
D12	28800001	29800000	5449
D12	29600001	30600000	4951
D12	30400001	31400000	5274
D12	31200001	32200000	4900
D12	32000001	33000000	5281
D12	32800001	33800000	4756
D12	33600001	34600000	4891
D12	34400001	35400000	5147
D12	35200001	36200000	4717
D12	36000001	37000000	4941
D12	36800001	37800000	4368
D12	37600001	38600000	5554
D12	38400001	39400000	5327
D12	39200001	40200000	3934
D12	40000001	41000000	4720
D12	40800001	41800000	4780
D12	41600001	42600000	4640
D12	42400001	43400000	4056
D12	43200001	44200000	4120
D12	44000001	45000000	4187
D12	44800001	45800000	4002
D12	45600001	46600000	4446
D12	46400001	47400000	3776
D12	47200001	48200000	3624
D12	48000001	49000000	4197
D12	48800001	49800000	3998
D12	49600001	50600000	2854
D12	50400001	51400000	3605
D12	51200001	52200000	3401
D12	52000001	53000000	2810
D12	52800001	53800000	2885
D12	53600001	54600000	2708
D12	54400001	55400000	3209
D12	55200001	56200000	2859
D12	56000001	57000000	2737
D12	56800001	57800000	2820
D12	57600001	58600000	2683
D12	58400001	59109837	1719
D13	1	1000000	2153
D13	800001	1800000	3161
D13	1600001	2600000	3379
D13	2400001	3400000	3361
D13	3200001	4200000	3760
D13	4000001	5000000	4016
D13	4800001	5800000	3500
D13	5600001	6600000	4815
D13	6400001	7400000	4825
D13	7200001	8200000	4491
D13	8000001	9000000	4439
D13	8800001	9800000	5461
D13	9600001	10600000	6459
D13	10400001	11400000	4620
D13	11200001	12200000	5548
D13	12000001	13000000	5737
D13	12800001	13800000	6104
D13	13600001	14600000	6491
D13	14400001	15400000	5224
D13	15200001	16200000	5810
D13	16000001	17000000	5278
D13	16800001	17800000	4647
D13	17600001	18600000	5420
D13	18400001	19400000	4849
D13	19200001	20200000	4797
D13	20000001	21000000	4921
D13	20800001	21800000	5164
D13	21600001	22600000	5413
D13	22400001	23400000	4107
D13	23200001	24200000	3024
D13	24000001	25000000	5064
D13	24800001	25800000	4886
D13	25600001	26600000	3563
D13	26400001	27400000	4466
D13	27200001	28200000	5580
D13	28000001	29000000	3781
D13	28800001	29800000	5491
D13	29600001	30600000	4933
D13	30400001	31400000	4390
D13	31200001	32200000	4528
D13	32000001	33000000	5450
D13	32800001	33800000	5689
D13	33600001	34600000	5344
D13	34400001	35400000	5932
D13	35200001	36200000	6070
D13	36000001	37000000	5844
D13	36800001	37800000	4764
D13	37600001	38600000	4924
D13	38400001	39400000	5120
D13	39200001	40200000	5380
D13	40000001	41000000	5451
D13	40800001	41800000	4654
D13	41600001	42600000	5350
D13	42400001	43400000	4435
D13	43200001	44200000	4430
D13	44000001	45000000	5508
D13	44800001	45800000	5434
D13	45600001	46600000	4750
D13	46400001	47400000	5254
D13	47200001	48200000	4677
D13	48000001	49000000	4723
D13	48800001	49800000	4822
D13	49600001	50600000	4202
D13	50400001	51400000	4106
D13	51200001	52200000	4279
D13	52000001	53000000	3958
D13	52800001	53800000	3444
D13	53600001	54600000	3874
D13	54400001	55400000	3699
D13	55200001	56200000	4296
D13	56000001	57000000	3413
D13	56800001	57800000	1998
D13	57600001	58600000	2840
D13	58400001	59400000	3139
D13	59200001	60200000	3363
D13	60000001	60534298	1310
