A01	1	1000000	4928
A01	800001	1800000	5539
A01	1600001	2600000	6857
A01	2400001	3400000	6342
A01	3200001	4200000	4994
A01	4000001	5000000	6511
A01	4800001	5800000	7508
A01	5600001	6600000	7706
A01	6400001	7400000	8377
A01	7200001	8200000	7868
A01	8000001	9000000	10890
A01	8800001	9800000	11064
A01	9600001	10600000	10612
A01	10400001	11400000	9132
A01	11200001	12200000	8198
A01	12000001	13000000	9072
A01	12800001	13800000	7539
A01	13600001	14600000	8321
A01	14400001	15400000	12313
A01	15200001	16200000	12227
A01	16000001	17000000	11445
A01	16800001	17800000	10696
A01	17600001	18600000	10316
A01	18400001	19400000	9533
A01	19200001	20200000	9470
A01	20000001	21000000	10738
A01	20800001	21800000	10908
A01	21600001	22600000	11775
A01	22400001	23400000	10234
A01	23200001	24200000	10864
A01	24000001	25000000	11906
A01	24800001	25800000	13037
A01	25600001	26600000	11895
A01	26400001	27400000	11190
A01	27200001	28200000	9837
A01	28000001	29000000	9907
A01	28800001	29800000	13599
A01	29600001	30600000	10651
A01	30400001	31400000	10318
A01	31200001	32200000	12255
A01	32000001	33000000	12009
A01	32800001	33800000	10935
A01	33600001	34600000	10540
A01	34400001	35400000	8289
A01	35200001	36200000	8041
A01	36000001	37000000	8458
A01	36800001	37800000	9082
A01	37600001	38600000	10333
A01	38400001	39400000	9955
A01	39200001	40200000	11559
A01	40000001	41000000	12726
A01	40800001	41800000	12660
A01	41600001	42600000	10074
A01	42400001	43400000	8330
A01	43200001	44200000	10311
A01	44000001	45000000	11454
A01	44800001	45800000	11610
A01	45600001	46600000	11220
A01	46400001	47400000	9202
A01	47200001	48200000	11670
A01	48000001	49000000	10812
A01	48800001	49800000	9670
A01	49600001	50600000	10485
A01	50400001	51400000	10926
A01	51200001	52200000	9829
A01	52000001	53000000	9774
A01	52800001	53800000	13019
A01	53600001	54600000	12688
A01	54400001	55400000	12327
A01	55200001	56200000	11906
A01	56000001	57000000	10513
A01	56800001	57800000	9172
A01	57600001	58600000	10962
A01	58400001	59400000	10441
A01	59200001	60200000	10855
A01	60000001	61000000	11311
A01	60800001	61800000	11002
A01	61600001	62600000	10963
A01	62400001	63400000	9296
A01	63200001	64200000	10548
A01	64000001	65000000	11715
A01	64800001	65800000	8440
A01	65600001	66600000	10273
A01	66400001	67400000	8855
A01	67200001	68200000	8077
A01	68000001	69000000	11494
A01	68800001	69800000	12400
A01	69600001	70600000	8896
A01	70400001	71400000	11894
A01	71200001	72200000	11480
A01	72000001	73000000	11274
A01	72800001	73800000	11739
A01	73600001	74600000	8851
A01	74400001	75400000	11692
A01	75200001	76200000	9520
A01	76000001	77000000	11442
A01	76800001	77800000	11702
A01	77600001	78600000	10275
A01	78400001	79400000	11322
A01	79200001	80200000	10129
A01	80000001	81000000	9505
A01	80800001	81800000	10261
A01	81600001	82600000	10821
A01	82400001	83400000	10041
A01	83200001	84200000	8575
A01	84000001	85000000	9852
A01	84800001	85800000	11858
A01	85600001	86600000	12180
A01	86400001	87400000	11729
A01	87200001	88200000	10969
A01	88000001	89000000	11467
A01	88800001	89800000	12193
A01	89600001	90600000	10175
A01	90400001	91400000	8809
A01	91200001	92200000	10506
A01	92000001	93000000	10260
A01	92800001	93800000	10208
A01	93600001	94600000	8704
A01	94400001	95400000	9375
A01	95200001	96200000	8264
A01	96000001	97000000	9896
A01	96800001	97800000	9445
A01	97600001	98600000	7331
A01	98400001	99400000	5969
A01	99200001	99884700	3710
A02	1	1000000	5638
A02	800001	1800000	5434
A02	1600001	2600000	5883
A02	2400001	3400000	6538
A02	3200001	4200000	7335
A02	4000001	5000000	9257
A02	4800001	5800000	9753
A02	5600001	6600000	9374
A02	6400001	7400000	8257
A02	7200001	8200000	9038
A02	8000001	9000000	10890
A02	8800001	9800000	11980
A02	9600001	10600000	11305
A02	10400001	11400000	10151
A02	11200001	12200000	10281
A02	12000001	13000000	12071
A02	12800001	13800000	11870
A02	13600001	14600000	11005
A02	14400001	15400000	10806
A02	15200001	16200000	10735
A02	16000001	17000000	12376
A02	16800001	17800000	11621
A02	17600001	18600000	11639
A02	18400001	19400000	10435
A02	19200001	20200000	13274
A02	20000001	21000000	11186
A02	20800001	21800000	12785
A02	21600001	22600000	11076
A02	22400001	23400000	8734
A02	23200001	24200000	12443
A02	24000001	25000000	11380
A02	24800001	25800000	12028
A02	25600001	26600000	11101
A02	26400001	27400000	10215
A02	27200001	28200000	10158
A02	28000001	29000000	9752
A02	28800001	29800000	12845
A02	29600001	30600000	10638
A02	30400001	31400000	11248
A02	31200001	32200000	11200
A02	32000001	33000000	12518
A02	32800001	33800000	9490
A02	33600001	34600000	11634
A02	34400001	35400000	11932
A02	35200001	36200000	9331
A02	36000001	37000000	11522
A02	36800001	37800000	11690
A02	37600001	38600000	12555
A02	38400001	39400000	11958
A02	39200001	40200000	10434
A02	40000001	41000000	9614
A02	40800001	41800000	9219
A02	41600001	42600000	11042
A02	42400001	43400000	12531
A02	43200001	44200000	11385
A02	44000001	45000000	10021
A02	44800001	45800000	12112
A02	45600001	46600000	12232
A02	46400001	47400000	10962
A02	47200001	48200000	10046
A02	48000001	49000000	10285
A02	48800001	49800000	10082
A02	49600001	50600000	12841
A02	50400001	51400000	10926
A02	51200001	52200000	12419
A02	52000001	53000000	10519
A02	52800001	53800000	12276
A02	53600001	54600000	11499
A02	54400001	55400000	11813
A02	55200001	56200000	10734
A02	56000001	57000000	10298
A02	56800001	57800000	9736
A02	57600001	58600000	11218
A02	58400001	59400000	10606
A02	59200001	60200000	12194
A02	60000001	61000000	10245
A02	60800001	61800000	9776
A02	61600001	62600000	10682
A02	62400001	63400000	11429
A02	63200001	64200000	10088
A02	64000001	65000000	9050
A02	64800001	65800000	10296
A02	65600001	66600000	10895
A02	66400001	67400000	10927
A02	67200001	68200000	9982
A02	68000001	69000000	9979
A02	68800001	69800000	12926
A02	69600001	70600000	9432
A02	70400001	71400000	10364
A02	71200001	72200000	12307
A02	72000001	73000000	12533
A02	72800001	73800000	12153
A02	73600001	74600000	11527
A02	74400001	75400000	11158
A02	75200001	76200000	10491
A02	76000001	77000000	11938
A02	76800001	77800000	12596
A02	77600001	78600000	10604
A02	78400001	79400000	8524
A02	79200001	80200000	8175
A02	80000001	81000000	9801
A02	80800001	81800000	8342
A02	81600001	82600000	7666
A02	82400001	83400000	5728
A02	83200001	83447906	460
A03	1	1000000	7015
A03	800001	1800000	6473
A03	1600001	2600000	5720
A03	2400001	3400000	6073
A03	3200001	4200000	7376
A03	4000001	5000000	7644
A03	4800001	5800000	9854
A03	5600001	6600000	9494
A03	6400001	7400000	8292
A03	7200001	8200000	10428
A03	8000001	9000000	10463
A03	8800001	9800000	10733
A03	9600001	10600000	9840
A03	10400001	11400000	10575
A03	11200001	12200000	10102
A03	12000001	13000000	10477
A03	12800001	13800000	12632
A03	13600001	14600000	12016
A03	14400001	15400000	12166
A03	15200001	16200000	11913
A03	16000001	17000000	10514
A03	16800001	17800000	10092
A03	17600001	18600000	11738
A03	18400001	19400000	11077
A03	19200001	20200000	9019
A03	20000001	21000000	11204
A03	20800001	21800000	11430
A03	21600001	22600000	9156
A03	22400001	23400000	11110
A03	23200001	24200000	10420
A03	24000001	25000000	11589
A03	24800001	25800000	10106
A03	25600001	26600000	8949
A03	26400001	27400000	9313
A03	27200001	28200000	11725
A03	28000001	29000000	9351
A03	28800001	29800000	9444
A03	29600001	30600000	9566
A03	30400001	31400000	10805
A03	31200001	32200000	9063
A03	32000001	33000000	10561
A03	32800001	33800000	12328
A03	33600001	34600000	9318
A03	34400001	35400000	10079
A03	35200001	36200000	4842
A03	36000001	37000000	9348
A03	36800001	37800000	8947
A03	37600001	38600000	8813
A03	38400001	39400000	11839
A03	39200001	40200000	11400
A03	40000001	41000000	10124
A03	40800001	41800000	9016
A03	41600001	42600000	10399
A03	42400001	43400000	9301
A03	43200001	44200000	11477
A03	44000001	45000000	11611
A03	44800001	45800000	12226
A03	45600001	46600000	9682
A03	46400001	47400000	8670
A03	47200001	48200000	9556
A03	48000001	49000000	12369
A03	48800001	49800000	11074
A03	49600001	50600000	8472
A03	50400001	51400000	7172
A03	51200001	52200000	8644
A03	52000001	53000000	8932
A03	52800001	53800000	8811
A03	53600001	54600000	8532
A03	54400001	55400000	7952
A03	55200001	56200000	9938
A03	56000001	57000000	10141
A03	56800001	57800000	10311
A03	57600001	58600000	11065
A03	58400001	59400000	12734
A03	59200001	60200000	12090
A03	60000001	61000000	10511
A03	60800001	61800000	10771
A03	61600001	62600000	9578
A03	62400001	63400000	11184
A03	63200001	64200000	11080
A03	64000001	65000000	12409
A03	64800001	65800000	12391
A03	65600001	66600000	13428
A03	66400001	67400000	11023
A03	67200001	68200000	11910
A03	68000001	69000000	11038
A03	68800001	69800000	9925
A03	69600001	70600000	9453
A03	70400001	71400000	10808
A03	71200001	72200000	9965
A03	72000001	73000000	12015
A03	72800001	73800000	8748
A03	73600001	74600000	10725
A03	74400001	75400000	9926
A03	75200001	76200000	10059
A03	76000001	77000000	10263
A03	76800001	77800000	11034
A03	77600001	78600000	11552
A03	78400001	79400000	12334
A03	79200001	80200000	12400
A03	80000001	81000000	9168
A03	80800001	81800000	10014
A03	81600001	82600000	11761
A03	82400001	83400000	11945
A03	83200001	84200000	8639
A03	84000001	85000000	9635
A03	84800001	85800000	9860
A03	85600001	86600000	10352
A03	86400001	87400000	9890
A03	87200001	88200000	12142
A03	88000001	89000000	10943
A03	88800001	89800000	11446
A03	89600001	90600000	11076
A03	90400001	91400000	9374
A03	91200001	92200000	10285
A03	92000001	93000000	10292
A03	92800001	93800000	10219
A03	93600001	94600000	8603
A03	94400001	95400000	7883
A03	95200001	96200000	7098
A03	96000001	97000000	8944
A03	96800001	97800000	6836
A03	97600001	98600000	8624
A03	98400001	99400000	5830
A03	99200001	100200000	4536
A03	100000001	100263045	914
A04	1	1000000	7743
A04	800001	1800000	7613
A04	1600001	2600000	8066
A04	2400001	3400000	8432
A04	3200001	4200000	6443
A04	4000001	5000000	6485
A04	4800001	5800000	8904
A04	5600001	6600000	8380
A04	6400001	7400000	9178
A04	7200001	8200000	9455
A04	8000001	9000000	10065
A04	8800001	9800000	10682
A04	9600001	10600000	10641
A04	10400001	11400000	9128
A04	11200001	12200000	9583
A04	12000001	13000000	10675
A04	12800001	13800000	10973
A04	13600001	14600000	10812
A04	14400001	15400000	12249
A04	15200001	16200000	10542
A04	16000001	17000000	11373
A04	16800001	17800000	10612
A04	17600001	18600000	9785
A04	18400001	19400000	10727
A04	19200001	20200000	10212
A04	20000001	21000000	11699
A04	20800001	21800000	9464
A04	21600001	22600000	10784
A04	22400001	23400000	8785
A04	23200001	24200000	10577
A04	24000001	25000000	10405
A04	24800001	25800000	10535
A04	25600001	26600000	11142
A04	26400001	27400000	11289
A04	27200001	28200000	12469
A04	28000001	29000000	9472
A04	28800001	29800000	8516
A04	29600001	30600000	11006
A04	30400001	31400000	11097
A04	31200001	32200000	10208
A04	32000001	33000000	10144
A04	32800001	33800000	7696
A04	33600001	34600000	7514
A04	34400001	35400000	11026
A04	35200001	36200000	10947
A04	36000001	37000000	11085
A04	36800001	37800000	11675
A04	37600001	38600000	10576
A04	38400001	39400000	12675
A04	39200001	40200000	11077
A04	40000001	41000000	11844
A04	40800001	41800000	10575
A04	41600001	42600000	8432
A04	42400001	43400000	9000
A04	43200001	44200000	11748
A04	44000001	45000000	12516
A04	44800001	45800000	11338
A04	45600001	46600000	11808
A04	46400001	47400000	10703
A04	47200001	48200000	12469
A04	48000001	49000000	11466
A04	48800001	49800000	11245
A04	49600001	50600000	10523
A04	50400001	51400000	12294
A04	51200001	52200000	11465
A04	52000001	53000000	10265
A04	52800001	53800000	10468
A04	53600001	54600000	9138
A04	54400001	55400000	11072
A04	55200001	56200000	10553
A04	56000001	57000000	11076
A04	56800001	57800000	9888
A04	57600001	58600000	10504
A04	58400001	59400000	7823
A04	59200001	60200000	9409
A04	60000001	61000000	7944
A04	60800001	61800000	7727
A04	61600001	62600000	7245
A04	62400001	62913772	3009
A05	1	1000000	4479
A05	800001	1800000	3414
A05	1600001	2600000	2938
A05	2400001	3400000	3205
A05	3200001	4200000	3122
A05	4000001	5000000	4154
A05	4800001	5800000	3192
A05	5600001	6600000	3562
A05	6400001	7400000	4379
A05	7200001	8200000	3970
A05	8000001	9000000	3702
A05	8800001	9800000	4150
A05	9600001	10600000	4344
A05	10400001	11400000	3917
A05	11200001	12200000	3642
A05	12000001	13000000	4095
A05	12800001	13800000	5117
A05	13600001	14600000	4822
A05	14400001	15400000	4676
A05	15200001	16200000	5046
A05	16000001	17000000	5594
A05	16800001	17800000	5229
A05	17600001	18600000	5580
A05	18400001	19400000	4307
A05	19200001	20200000	5932
A05	20000001	21000000	7417
A05	20800001	21800000	7072
A05	21600001	22600000	7152
A05	22400001	23400000	9477
A05	23200001	24200000	7072
A05	24000001	25000000	7433
A05	24800001	25800000	8717
A05	25600001	26600000	10145
A05	26400001	27400000	8075
A05	27200001	28200000	7807
A05	28000001	29000000	9994
A05	28800001	29800000	9940
A05	29600001	30600000	10322
A05	30400001	31400000	11473
A05	31200001	32200000	10767
A05	32000001	33000000	11218
A05	32800001	33800000	12395
A05	33600001	34600000	10389
A05	34400001	35400000	11236
A05	35200001	36200000	10668
A05	36000001	37000000	10470
A05	36800001	37800000	12454
A05	37600001	38600000	12319
A05	38400001	39400000	10868
A05	39200001	40200000	11277
A05	40000001	41000000	8362
A05	40800001	41800000	9711
A05	41600001	42600000	10589
A05	42400001	43400000	12245
A05	43200001	44200000	9997
A05	44000001	45000000	11557
A05	44800001	45800000	10121
A05	45600001	46600000	9571
A05	46400001	47400000	10777
A05	47200001	48200000	13023
A05	48000001	49000000	9511
A05	48800001	49800000	8733
A05	49600001	50600000	11286
A05	50400001	51400000	13015
A05	51200001	52200000	11091
A05	52000001	53000000	10148
A05	52800001	53800000	7901
A05	53600001	54600000	11871
A05	54400001	55400000	11016
A05	55200001	56200000	12280
A05	56000001	57000000	10164
A05	56800001	57800000	11420
A05	57600001	58600000	11333
A05	58400001	59400000	9650
A05	59200001	60200000	8541
A05	60000001	61000000	9264
A05	60800001	61800000	11090
A05	61600001	62600000	13563
A05	62400001	63400000	10011
A05	63200001	64200000	8016
A05	64000001	65000000	11165
A05	64800001	65800000	11521
A05	65600001	66600000	10032
A05	66400001	67400000	11021
A05	67200001	68200000	8542
A05	68000001	69000000	9774
A05	68800001	69800000	12839
A05	69600001	70600000	12855
A05	70400001	71400000	10641
A05	71200001	72200000	9783
A05	72000001	73000000	10785
A05	72800001	73800000	11189
A05	73600001	74600000	10903
A05	74400001	75400000	11772
A05	75200001	76200000	11003
A05	76000001	77000000	11762
A05	76800001	77800000	11178
A05	77600001	78600000	9328
A05	78400001	79400000	11686
A05	79200001	80200000	11632
A05	80000001	81000000	11604
A05	80800001	81800000	9501
A05	81600001	82600000	10697
A05	82400001	83400000	11275
A05	83200001	84200000	8986
A05	84000001	85000000	10020
A05	84800001	85800000	8451
A05	85600001	86600000	8133
A05	86400001	87400000	7992
A05	87200001	88200000	7528
A05	88000001	89000000	7898
A05	88800001	89800000	7854
A05	89600001	90600000	8255
A05	90400001	91400000	5822
A05	91200001	92200000	4624
A05	92000001	92047023	249
A06	1	1000000	4906
A06	800001	1800000	6942
A06	1600001	2600000	6939
A06	2400001	3400000	7772
A06	3200001	4200000	8847
A06	4000001	5000000	10952
A06	4800001	5800000	9243
A06	5600001	6600000	10040
A06	6400001	7400000	8131
A06	7200001	8200000	10841
A06	8000001	9000000	10451
A06	8800001	9800000	8641
A06	9600001	10600000	9916
A06	10400001	11400000	11488
A06	11200001	12200000	13398
A06	12000001	13000000	11829
A06	12800001	13800000	10208
A06	13600001	14600000	10566
A06	14400001	15400000	9445
A06	15200001	16200000	10097
A06	16000001	17000000	12023
A06	16800001	17800000	10922
A06	17600001	18600000	11675
A06	18400001	19400000	12416
A06	19200001	20200000	12663
A06	20000001	21000000	13280
A06	20800001	21800000	12258
A06	21600001	22600000	11064
A06	22400001	23400000	11460
A06	23200001	24200000	10682
A06	24000001	25000000	11478
A06	24800001	25800000	10397
A06	25600001	26600000	8307
A06	26400001	27400000	9995
A06	27200001	28200000	12979
A06	28000001	29000000	12573
A06	28800001	29800000	11374
A06	29600001	30600000	9652
A06	30400001	31400000	11986
A06	31200001	32200000	11408
A06	32000001	33000000	11549
A06	32800001	33800000	10436
A06	33600001	34600000	11953
A06	34400001	35400000	10572
A06	35200001	36200000	11375
A06	36000001	37000000	11846
A06	36800001	37800000	11651
A06	37600001	38600000	12246
A06	38400001	39400000	11169
A06	39200001	40200000	13442
A06	40000001	41000000	10565
A06	40800001	41800000	10574
A06	41600001	42600000	10688
A06	42400001	43400000	12481
A06	43200001	44200000	9848
A06	44000001	45000000	9222
A06	44800001	45800000	11597
A06	45600001	46600000	9233
A06	46400001	47400000	8383
A06	47200001	48200000	9327
A06	48000001	49000000	11103
A06	48800001	49800000	11548
A06	49600001	50600000	11122
A06	50400001	51400000	9823
A06	51200001	52200000	10560
A06	52000001	53000000	8933
A06	52800001	53800000	7686
A06	53600001	54600000	8494
A06	54400001	55400000	9830
A06	55200001	56200000	8643
A06	56000001	57000000	7291
A06	56800001	57800000	9110
A06	57600001	58600000	9733
A06	58400001	59400000	11205
A06	59200001	60200000	9295
A06	60000001	61000000	9716
A06	60800001	61800000	10803
A06	61600001	62600000	7736
A06	62400001	63400000	9458
A06	63200001	64200000	10973
A06	64000001	65000000	9911
A06	64800001	65800000	9866
A06	65600001	66600000	11390
A06	66400001	67400000	11492
A06	67200001	68200000	11001
A06	68000001	69000000	10853
A06	68800001	69800000	8782
A06	69600001	70600000	11722
A06	70400001	71400000	8768
A06	71200001	72200000	9568
A06	72000001	73000000	9235
A06	72800001	73800000	11079
A06	73600001	74600000	7702
A06	74400001	75400000	10327
A06	75200001	76200000	11234
A06	76000001	77000000	12204
A06	76800001	77800000	12254
A06	77600001	78600000	11354
A06	78400001	79400000	11727
A06	79200001	80200000	11150
A06	80000001	81000000	9941
A06	80800001	81800000	10329
A06	81600001	82600000	9887
A06	82400001	83400000	9968
A06	83200001	84200000	11042
A06	84000001	85000000	9878
A06	84800001	85800000	10387
A06	85600001	86600000	10175
A06	86400001	87400000	11097
A06	87200001	88200000	11846
A06	88000001	89000000	11325
A06	88800001	89800000	12211
A06	89600001	90600000	11695
A06	90400001	91400000	12658
A06	91200001	92200000	11909
A06	92000001	93000000	11645
A06	92800001	93800000	10667
A06	93600001	94600000	11659
A06	94400001	95400000	10674
A06	95200001	96200000	9962
A06	96000001	97000000	9751
A06	96800001	97800000	9820
A06	97600001	98600000	10604
A06	98400001	99400000	10918
A06	99200001	100200000	8458
A06	100000001	101000000	8848
A06	100800001	101800000	7443
A06	101600001	102600000	5715
A06	102400001	103170444	5665
A07	1	1000000	5193
A07	800001	1800000	4944
A07	1600001	2600000	5116
A07	2400001	3400000	5493
A07	3200001	4200000	6017
A07	4000001	5000000	4071
A07	4800001	5800000	7386
A07	5600001	6600000	7424
A07	6400001	7400000	9513
A07	7200001	8200000	8086
A07	8000001	9000000	7389
A07	8800001	9800000	8923
A07	9600001	10600000	11107
A07	10400001	11400000	11978
A07	11200001	12200000	10407
A07	12000001	13000000	9822
A07	12800001	13800000	10523
A07	13600001	14600000	9304
A07	14400001	15400000	11875
A07	15200001	16200000	10798
A07	16000001	17000000	8371
A07	16800001	17800000	10105
A07	17600001	18600000	9078
A07	18400001	19400000	11748
A07	19200001	20200000	11585
A07	20000001	21000000	10687
A07	20800001	21800000	11112
A07	21600001	22600000	12353
A07	22400001	23400000	9820
A07	23200001	24200000	10649
A07	24000001	25000000	11964
A07	24800001	25800000	10695
A07	25600001	26600000	9333
A07	26400001	27400000	10649
A07	27200001	28200000	13668
A07	28000001	29000000	9907
A07	28800001	29800000	9451
A07	29600001	30600000	12433
A07	30400001	31400000	10974
A07	31200001	32200000	9928
A07	32000001	33000000	10820
A07	32800001	33800000	11397
A07	33600001	34600000	9079
A07	34400001	35400000	8715
A07	35200001	36200000	11665
A07	36000001	37000000	9331
A07	36800001	37800000	10396
A07	37600001	38600000	12269
A07	38400001	39400000	12361
A07	39200001	40200000	10914
A07	40000001	41000000	12221
A07	40800001	41800000	11176
A07	41600001	42600000	10322
A07	42400001	43400000	8514
A07	43200001	44200000	8923
A07	44000001	45000000	12026
A07	44800001	45800000	12649
A07	45600001	46600000	11324
A07	46400001	47400000	8656
A07	47200001	48200000	10694
A07	48000001	49000000	9991
A07	48800001	49800000	7751
A07	49600001	50600000	9558
A07	50400001	51400000	10675
A07	51200001	52200000	11605
A07	52000001	53000000	12262
A07	52800001	53800000	10599
A07	53600001	54600000	9260
A07	54400001	55400000	11554
A07	55200001	56200000	12025
A07	56000001	57000000	10140
A07	56800001	57800000	10427
A07	57600001	58600000	11478
A07	58400001	59400000	10012
A07	59200001	60200000	7592
A07	60000001	61000000	11348
A07	60800001	61800000	10899
A07	61600001	62600000	11984
A07	62400001	63400000	11433
A07	63200001	64200000	11051
A07	64000001	65000000	11109
A07	64800001	65800000	10489
A07	65600001	66600000	12277
A07	66400001	67400000	10310
A07	67200001	68200000	11535
A07	68000001	69000000	12340
A07	68800001	69800000	10999
A07	69600001	70600000	9348
A07	70400001	71400000	9972
A07	71200001	72200000	8963
A07	72000001	73000000	10175
A07	72800001	73800000	8158
A07	73600001	74600000	9223
A07	74400001	75400000	8154
A07	75200001	76200000	8844
A07	76000001	77000000	8003
A07	76800001	77800000	7723
A07	77600001	78251018	5306
A08	1	1000000	6250
A08	800001	1800000	7585
A08	1600001	2600000	8397
A08	2400001	3400000	9706
A08	3200001	4200000	8267
A08	4000001	5000000	8905
A08	4800001	5800000	8262
A08	5600001	6600000	8424
A08	6400001	7400000	10226
A08	7200001	8200000	10453
A08	8000001	9000000	9961
A08	8800001	9800000	10017
A08	9600001	10600000	10662
A08	10400001	11400000	10689
A08	11200001	12200000	12000
A08	12000001	13000000	11074
A08	12800001	13800000	11618
A08	13600001	14600000	11540
A08	14400001	15400000	8662
A08	15200001	16200000	10177
A08	16000001	17000000	11424
A08	16800001	17800000	11056
A08	17600001	18600000	10199
A08	18400001	19400000	11290
A08	19200001	20200000	10127
A08	20000001	21000000	10946
A08	20800001	21800000	10546
A08	21600001	22600000	11424
A08	22400001	23400000	10461
A08	23200001	24200000	10299
A08	24000001	25000000	11186
A08	24800001	25800000	10780
A08	25600001	26600000	10943
A08	26400001	27400000	11019
A08	27200001	28200000	9592
A08	28000001	29000000	7516
A08	28800001	29800000	9064
A08	29600001	30600000	10320
A08	30400001	31400000	7743
A08	31200001	32200000	7733
A08	32000001	33000000	8816
A08	32800001	33800000	9351
A08	33600001	34600000	10434
A08	34400001	35400000	9980
A08	35200001	36200000	10208
A08	36000001	37000000	10776
A08	36800001	37800000	8545
A08	37600001	38600000	9343
A08	38400001	39400000	10115
A08	39200001	40200000	9172
A08	40000001	41000000	10814
A08	40800001	41800000	8511
A08	41600001	42600000	9304
A08	42400001	43400000	10454
A08	43200001	44200000	9709
A08	44000001	45000000	10611
A08	44800001	45800000	6624
A08	45600001	46600000	4398
A08	46400001	47400000	8455
A08	47200001	48200000	10141
A08	48000001	49000000	10445
A08	48800001	49800000	9949
A08	49600001	50600000	9936
A08	50400001	51400000	7062
A08	51200001	52200000	11339
A08	52000001	53000000	9956
A08	52800001	53800000	11375
A08	53600001	54600000	9820
A08	54400001	55400000	4096
A08	55200001	56200000	10344
A08	56000001	57000000	8850
A08	56800001	57800000	8395
A08	57600001	58600000	11386
A08	58400001	59400000	8987
A08	59200001	60200000	10268
A08	60000001	61000000	9150
A08	60800001	61800000	10692
A08	61600001	62600000	9598
A08	62400001	63400000	10238
A08	63200001	64200000	9060
A08	64000001	65000000	10614
A08	64800001	65800000	11889
A08	65600001	66600000	12848
A08	66400001	67400000	11328
A08	67200001	68200000	10080
A08	68000001	69000000	10316
A08	68800001	69800000	9823
A08	69600001	70600000	10892
A08	70400001	71400000	12086
A08	71200001	72200000	12848
A08	72000001	73000000	10558
A08	72800001	73800000	10364
A08	73600001	74600000	11854
A08	74400001	75400000	9251
A08	75200001	76200000	11255
A08	76000001	77000000	11540
A08	76800001	77800000	11764
A08	77600001	78600000	11540
A08	78400001	79400000	11804
A08	79200001	80200000	10997
A08	80000001	81000000	11558
A08	80800001	81800000	12090
A08	81600001	82600000	11318
A08	82400001	83400000	11059
A08	83200001	84200000	10372
A08	84000001	85000000	11819
A08	84800001	85800000	9788
A08	85600001	86600000	11678
A08	86400001	87400000	11372
A08	87200001	88200000	10879
A08	88000001	89000000	11290
A08	88800001	89800000	8512
A08	89600001	90600000	5646
A08	90400001	91400000	10198
A08	91200001	92200000	10868
A08	92000001	93000000	10076
A08	92800001	93800000	12117
A08	93600001	94600000	9367
A08	94400001	95400000	10448
A08	95200001	96200000	5828
A08	96000001	97000000	7947
A08	96800001	97800000	7803
A08	97600001	98600000	5844
A08	98400001	99400000	6244
A08	99200001	100200000	7691
A08	100000001	101000000	6367
A08	100800001	101800000	5094
A08	101600001	102600000	5270
A08	102400001	103400000	5633
A08	103200001	103626341	2959
A09	1	1000000	9016
A09	800001	1800000	9954
A09	1600001	2600000	10610
A09	2400001	3400000	9369
A09	3200001	4200000	10409
A09	4000001	5000000	10098
A09	4800001	5800000	10389
A09	5600001	6600000	9770
A09	6400001	7400000	10999
A09	7200001	8200000	11069
A09	8000001	9000000	11777
A09	8800001	9800000	11429
A09	9600001	10600000	11720
A09	10400001	11400000	10734
A09	11200001	12200000	11533
A09	12000001	13000000	10197
A09	12800001	13800000	12614
A09	13600001	14600000	10244
A09	14400001	15400000	10528
A09	15200001	16200000	10021
A09	16000001	17000000	9152
A09	16800001	17800000	10993
A09	17600001	18600000	10442
A09	18400001	19400000	10160
A09	19200001	20200000	12338
A09	20000001	21000000	11457
A09	20800001	21800000	8558
A09	21600001	22600000	8976
A09	22400001	23400000	11085
A09	23200001	24200000	8526
A09	24000001	25000000	11244
A09	24800001	25800000	7883
A09	25600001	26600000	9678
A09	26400001	27400000	10169
A09	27200001	28200000	9362
A09	28000001	29000000	9564
A09	28800001	29800000	9253
A09	29600001	30600000	8741
A09	30400001	31400000	11311
A09	31200001	32200000	10805
A09	32000001	33000000	10481
A09	32800001	33800000	11185
A09	33600001	34600000	11515
A09	34400001	35400000	10451
A09	35200001	36200000	9018
A09	36000001	37000000	9747
A09	36800001	37800000	11565
A09	37600001	38600000	11253
A09	38400001	39400000	11332
A09	39200001	40200000	11416
A09	40000001	41000000	11273
A09	40800001	41800000	12241
A09	41600001	42600000	12698
A09	42400001	43400000	12095
A09	43200001	44200000	13424
A09	44000001	45000000	11365
A09	44800001	45800000	11039
A09	45600001	46600000	10540
A09	46400001	47400000	11499
A09	47200001	48200000	10561
A09	48000001	49000000	9685
A09	48800001	49800000	11498
A09	49600001	50600000	11021
A09	50400001	51400000	12113
A09	51200001	52200000	10809
A09	52000001	53000000	9414
A09	52800001	53800000	9876
A09	53600001	54600000	11497
A09	54400001	55400000	9139
A09	55200001	56200000	7367
A09	56000001	57000000	10773
A09	56800001	57800000	9833
A09	57600001	58600000	8478
A09	58400001	59400000	7607
A09	59200001	60200000	8271
A09	60000001	61000000	7647
A09	60800001	61800000	8753
A09	61600001	62600000	9488
A09	62400001	63400000	7974
A09	63200001	64200000	8203
A09	64000001	65000000	7731
A09	64800001	65800000	5785
A09	65600001	66600000	8308
A09	66400001	67400000	6931
A09	67200001	68200000	4855
A09	68000001	69000000	5270
A09	68800001	69800000	4331
A09	69600001	70600000	4154
A09	70400001	71400000	4907
A09	71200001	72200000	5644
A09	72000001	73000000	4576
A09	72800001	73800000	4329
A09	73600001	74600000	5849
A09	74400001	74999931	2939
A10	1	1000000	5384
A10	800001	1800000	6137
A10	1600001	2600000	4834
A10	2400001	3400000	4305
A10	3200001	4200000	5975
A10	4000001	5000000	6396
A10	4800001	5800000	7781
A10	5600001	6600000	8574
A10	6400001	7400000	9247
A10	7200001	8200000	12096
A10	8000001	9000000	13254
A10	8800001	9800000	12037
A10	9600001	10600000	10462
A10	10400001	11400000	9857
A10	11200001	12200000	8534
A10	12000001	13000000	6380
A10	12800001	13800000	10181
A10	13600001	14600000	12032
A10	14400001	15400000	11090
A10	15200001	16200000	12068
A10	16000001	17000000	11385
A10	16800001	17800000	11573
A10	17600001	18600000	11091
A10	18400001	19400000	10989
A10	19200001	20200000	12595
A10	20000001	21000000	8660
A10	20800001	21800000	10246
A10	21600001	22600000	10987
A10	22400001	23400000	10184
A10	23200001	24200000	8639
A10	24000001	25000000	9217
A10	24800001	25800000	11346
A10	25600001	26600000	9775
A10	26400001	27400000	9963
A10	27200001	28200000	10012
A10	28000001	29000000	12163
A10	28800001	29800000	10295
A10	29600001	30600000	9829
A10	30400001	31400000	8491
A10	31200001	32200000	10703
A10	32000001	33000000	9610
A10	32800001	33800000	7922
A10	33600001	34600000	12457
A10	34400001	35400000	12356
A10	35200001	36200000	9821
A10	36000001	37000000	7441
A10	36800001	37800000	9225
A10	37600001	38600000	9350
A10	38400001	39400000	10447
A10	39200001	40200000	8776
A10	40000001	41000000	9704
A10	40800001	41800000	8025
A10	41600001	42600000	10270
A10	42400001	43400000	11058
A10	43200001	44200000	9165
A10	44000001	45000000	9604
A10	44800001	45800000	10107
A10	45600001	46600000	10770
A10	46400001	47400000	9683
A10	47200001	48200000	12312
A10	48000001	49000000	10580
A10	48800001	49800000	11324
A10	49600001	50600000	12556
A10	50400001	51400000	11245
A10	51200001	52200000	10643
A10	52000001	53000000	10940
A10	52800001	53800000	8835
A10	53600001	54600000	9757
A10	54400001	55400000	10401
A10	55200001	56200000	7913
A10	56000001	57000000	9683
A10	56800001	57800000	10723
A10	57600001	58600000	12192
A10	58400001	59400000	11233
A10	59200001	60200000	11358
A10	60000001	61000000	11966
A10	60800001	61800000	12395
A10	61600001	62600000	11835
A10	62400001	63400000	9508
A10	63200001	64200000	11061
A10	64000001	65000000	10244
A10	64800001	65800000	10709
A10	65600001	66600000	11042
A10	66400001	67400000	11402
A10	67200001	68200000	8994
A10	68000001	69000000	11461
A10	68800001	69800000	11065
A10	69600001	70600000	11230
A10	70400001	71400000	10901
A10	71200001	72200000	11247
A10	72000001	73000000	10422
A10	72800001	73800000	10576
A10	73600001	74600000	10605
A10	74400001	75400000	9321
A10	75200001	76200000	9989
A10	76000001	77000000	11029
A10	76800001	77800000	11169
A10	77600001	78600000	12510
A10	78400001	79400000	12056
A10	79200001	80200000	12512
A10	80000001	81000000	12699
A10	80800001	81800000	10290
A10	81600001	82600000	12774
A10	82400001	83400000	12564
A10	83200001	84200000	11187
A10	84000001	85000000	11716
A10	84800001	85800000	8516
A10	85600001	86600000	9926
A10	86400001	87400000	10410
A10	87200001	88200000	9745
A10	88000001	89000000	10570
A10	88800001	89800000	11667
A10	89600001	90600000	9804
A10	90400001	91400000	9252
A10	91200001	92200000	8460
A10	92000001	93000000	10352
A10	92800001	93800000	9626
A10	93600001	94600000	9709
A10	94400001	95400000	8382
A10	95200001	96200000	6036
A10	96000001	97000000	5680
A10	96800001	97800000	7952
A10	97600001	98600000	7784
A10	98400001	99400000	6288
A10	99200001	100200000	6533
A10	100000001	101000000	5289
A10	100800001	100866604	288
A11	1	1000000	5440
A11	800001	1800000	5223
A11	1600001	2600000	4648
A11	2400001	3400000	4369
A11	3200001	4200000	4613
A11	4000001	5000000	4895
A11	4800001	5800000	5375
A11	5600001	6600000	4853
A11	6400001	7400000	6179
A11	7200001	8200000	4450
A11	8000001	9000000	5819
A11	8800001	9800000	7221
A11	9600001	10600000	7403
A11	10400001	11400000	6499
A11	11200001	12200000	6657
A11	12000001	13000000	7827
A11	12800001	13800000	9214
A11	13600001	14600000	9862
A11	14400001	15400000	7952
A11	15200001	16200000	8151
A11	16000001	17000000	10058
A11	16800001	17800000	8344
A11	17600001	18600000	9005
A11	18400001	19400000	10658
A11	19200001	20200000	10163
A11	20000001	21000000	9603
A11	20800001	21800000	10947
A11	21600001	22600000	8187
A11	22400001	23400000	10257
A11	23200001	24200000	11417
A11	24000001	25000000	11575
A11	24800001	25800000	10423
A11	25600001	26600000	11555
A11	26400001	27400000	12627
A11	27200001	28200000	11369
A11	28000001	29000000	10355
A11	28800001	29800000	9994
A11	29600001	30600000	10752
A11	30400001	31400000	9435
A11	31200001	32200000	10346
A11	32000001	33000000	11074
A11	32800001	33800000	10743
A11	33600001	34600000	10994
A11	34400001	35400000	9720
A11	35200001	36200000	10399
A11	36000001	37000000	11951
A11	36800001	37800000	12628
A11	37600001	38600000	9550
A11	38400001	39400000	9150
A11	39200001	40200000	8032
A11	40000001	41000000	12108
A11	40800001	41800000	9337
A11	41600001	42600000	8763
A11	42400001	43400000	11634
A11	43200001	44200000	11414
A11	44000001	45000000	8913
A11	44800001	45800000	8541
A11	45600001	46600000	11634
A11	46400001	47400000	11535
A11	47200001	48200000	10124
A11	48000001	49000000	8281
A11	48800001	49800000	10523
A11	49600001	50600000	10454
A11	50400001	51400000	10333
A11	51200001	52200000	11221
A11	52000001	53000000	12529
A11	52800001	53800000	11167
A11	53600001	54600000	10026
A11	54400001	55400000	8330
A11	55200001	56200000	8885
A11	56000001	57000000	10976
A11	56800001	57800000	9578
A11	57600001	58600000	10036
A11	58400001	59400000	9053
A11	59200001	60200000	10100
A11	60000001	61000000	11666
A11	60800001	61800000	9836
A11	61600001	62600000	9998
A11	62400001	63400000	11071
A11	63200001	64200000	11968
A11	64000001	65000000	11450
A11	64800001	65800000	11551
A11	65600001	66600000	9672
A11	66400001	67400000	9442
A11	67200001	68200000	11221
A11	68000001	69000000	11925
A11	68800001	69800000	12530
A11	69600001	70600000	10019
A11	70400001	71400000	11001
A11	71200001	72200000	9007
A11	72000001	73000000	10772
A11	72800001	73800000	10094
A11	73600001	74600000	9090
A11	74400001	75400000	9973
A11	75200001	76200000	9757
A11	76000001	77000000	8913
A11	76800001	77800000	10775
A11	77600001	78600000	11699
A11	78400001	79400000	11404
A11	79200001	80200000	11985
A11	80000001	81000000	9987
A11	80800001	81800000	8313
A11	81600001	82600000	9534
A11	82400001	83400000	7986
A11	83200001	84200000	7372
A11	84000001	85000000	8945
A11	84800001	85800000	8266
A11	85600001	86600000	8819
A11	86400001	87400000	8277
A11	87200001	88200000	7256
A11	88000001	89000000	5622
A11	88800001	89800000	7177
A11	89600001	90600000	8964
A11	90400001	91400000	5462
A11	91200001	92200000	6604
A11	92000001	93000000	7491
A11	92800001	93316192	2771
A12	1	1000000	6984
A12	800001	1800000	7780
A12	1600001	2600000	6955
A12	2400001	3400000	8229
A12	3200001	4200000	8546
A12	4000001	5000000	9782
A12	4800001	5800000	9481
A12	5600001	6600000	9714
A12	6400001	7400000	8562
A12	7200001	8200000	10306
A12	8000001	9000000	9328
A12	8800001	9800000	10640
A12	9600001	10600000	8106
A12	10400001	11400000	10722
A12	11200001	12200000	12825
A12	12000001	13000000	11684
A12	12800001	13800000	10357
A12	13600001	14600000	10550
A12	14400001	15400000	10968
A12	15200001	16200000	12115
A12	16000001	17000000	12115
A12	16800001	17800000	11474
A12	17600001	18600000	12055
A12	18400001	19400000	13509
A12	19200001	20200000	10603
A12	20000001	21000000	12362
A12	20800001	21800000	12308
A12	21600001	22600000	11167
A12	22400001	23400000	11685
A12	23200001	24200000	10875
A12	24000001	25000000	9232
A12	24800001	25800000	7678
A12	25600001	26600000	8083
A12	26400001	27400000	11885
A12	27200001	28200000	10481
A12	28000001	29000000	12226
A12	28800001	29800000	12677
A12	29600001	30600000	11807
A12	30400001	31400000	8609
A12	31200001	32200000	8246
A12	32000001	33000000	10323
A12	32800001	33800000	9526
A12	33600001	34600000	8614
A12	34400001	35400000	8782
A12	35200001	36200000	7915
A12	36000001	37000000	8360
A12	36800001	37800000	9347
A12	37600001	38600000	12412
A12	38400001	39400000	10453
A12	39200001	40200000	11708
A12	40000001	41000000	11043
A12	40800001	41800000	11472
A12	41600001	42600000	11655
A12	42400001	43400000	11117
A12	43200001	44200000	10495
A12	44000001	45000000	10210
A12	44800001	45800000	11988
A12	45600001	46600000	11311
A12	46400001	47400000	9635
A12	47200001	48200000	11026
A12	48000001	49000000	9399
A12	48800001	49800000	11747
A12	49600001	50600000	7917
A12	50400001	51400000	13434
A12	51200001	52200000	10338
A12	52000001	53000000	10766
A12	52800001	53800000	10998
A12	53600001	54600000	10766
A12	54400001	55400000	11108
A12	55200001	56200000	11050
A12	56000001	57000000	12031
A12	56800001	57800000	11694
A12	57600001	58600000	11303
A12	58400001	59400000	11398
A12	59200001	60200000	10431
A12	60000001	61000000	9325
A12	60800001	61800000	10584
A12	61600001	62600000	11678
A12	62400001	63400000	12163
A12	63200001	64200000	10668
A12	64000001	65000000	9066
A12	64800001	65800000	9906
A12	65600001	66600000	9082
A12	66400001	67400000	9554
A12	67200001	68200000	10656
A12	68000001	69000000	10019
A12	68800001	69800000	9258
A12	69600001	70600000	11489
A12	70400001	71400000	11043
A12	71200001	72200000	11068
A12	72000001	73000000	9870
A12	72800001	73800000	8719
A12	73600001	74600000	7677
A12	74400001	75400000	9582
A12	75200001	76200000	10013
A12	76000001	77000000	8965
A12	76800001	77800000	8258
A12	77600001	78600000	6455
A12	78400001	79400000	7454
A12	79200001	80200000	8361
A12	80000001	81000000	6249
A12	80800001	81800000	4929
A12	81600001	82600000	5935
A12	82400001	83400000	6190
A12	83200001	84200000	4623
A12	84000001	85000000	4416
A12	84800001	85800000	4807
A12	85600001	86600000	4841
A12	86400001	87400000	4377
A12	87200001	87484866	1046
A13	1	1000000	6440
A13	800001	1800000	7529
A13	1600001	2600000	7609
A13	2400001	3400000	6468
A13	3200001	4200000	7273
A13	4000001	5000000	8894
A13	4800001	5800000	9062
A13	5600001	6600000	10593
A13	6400001	7400000	10413
A13	7200001	8200000	9008
A13	8000001	9000000	10823
A13	8800001	9800000	10669
A13	9600001	10600000	10705
A13	10400001	11400000	7947
A13	11200001	12200000	10375
A13	12000001	13000000	11550
A13	12800001	13800000	10390
A13	13600001	14600000	9705
A13	14400001	15400000	12157
A13	15200001	16200000	10333
A13	16000001	17000000	9171
A13	16800001	17800000	11579
A13	17600001	18600000	11527
A13	18400001	19400000	11506
A13	19200001	20200000	9681
A13	20000001	21000000	10636
A13	20800001	21800000	10637
A13	21600001	22600000	10521
A13	22400001	23400000	11563
A13	23200001	24200000	10583
A13	24000001	25000000	9587
A13	24800001	25800000	11227
A13	25600001	26600000	11123
A13	26400001	27400000	11602
A13	27200001	28200000	10619
A13	28000001	29000000	9816
A13	28800001	29800000	10934
A13	29600001	30600000	9857
A13	30400001	31400000	11081
A13	31200001	32200000	12086
A13	32000001	33000000	9139
A13	32800001	33800000	9624
A13	33600001	34600000	8119
A13	34400001	35400000	8312
A13	35200001	36200000	10574
A13	36000001	37000000	10496
A13	36800001	37800000	10915
A13	37600001	38600000	11455
A13	38400001	39400000	10880
A13	39200001	40200000	11052
A13	40000001	41000000	12313
A13	40800001	41800000	11730
A13	41600001	42600000	9418
A13	42400001	43400000	10381
A13	43200001	44200000	11151
A13	44000001	45000000	10639
A13	44800001	45800000	11937
A13	45600001	46600000	12026
A13	46400001	47400000	12507
A13	47200001	48200000	11888
A13	48000001	49000000	11192
A13	48800001	49800000	11218
A13	49600001	50600000	8989
A13	50400001	51400000	10324
A13	51200001	52200000	9346
A13	52000001	53000000	10971
A13	52800001	53800000	10585
A13	53600001	54600000	12995
A13	54400001	55400000	12104
A13	55200001	56200000	13071
A13	56000001	57000000	11391
A13	56800001	57800000	12753
A13	57600001	58600000	12487
A13	58400001	59400000	11072
A13	59200001	60200000	9561
A13	60000001	61000000	9204
A13	60800001	61800000	9013
A13	61600001	62600000	12175
A13	62400001	63400000	10458
A13	63200001	64200000	8773
A13	64000001	65000000	9756
A13	64800001	65800000	10162
A13	65600001	66600000	11096
A13	66400001	67400000	10932
A13	67200001	68200000	9677
A13	68000001	69000000	9535
A13	68800001	69800000	12587
A13	69600001	70600000	11410
A13	70400001	71400000	10234
A13	71200001	72200000	10644
A13	72000001	73000000	8925
A13	72800001	73800000	6695
A13	73600001	74600000	8823
A13	74400001	75400000	6865
A13	75200001	76200000	7219
A13	76000001	77000000	6251
A13	76800001	77800000	7644
A13	77600001	78600000	7222
A13	78400001	79400000	6233
A13	79200001	79961121	4403
D01	1	1000000	6726
D01	800001	1800000	7168
D01	1600001	2600000	7175
D01	2400001	3400000	6063
D01	3200001	4200000	5582
D01	4000001	5000000	7105
D01	4800001	5800000	7332
D01	5600001	6600000	8395
D01	6400001	7400000	10406
D01	7200001	8200000	9711
D01	8000001	9000000	7949
D01	8800001	9800000	8307
D01	9600001	10600000	8701
D01	10400001	11400000	10893
D01	11200001	12200000	12622
D01	12000001	13000000	11929
D01	12800001	13800000	11168
D01	13600001	14600000	9146
D01	14400001	15400000	11033
D01	15200001	16200000	11314
D01	16000001	17000000	12213
D01	16800001	17800000	11072
D01	17600001	18600000	11948
D01	18400001	19400000	11769
D01	19200001	20200000	11653
D01	20000001	21000000	11292
D01	20800001	21800000	11365
D01	21600001	22600000	11748
D01	22400001	23400000	10732
D01	23200001	24200000	12051
D01	24000001	25000000	11058
D01	24800001	25800000	11216
D01	25600001	26600000	10207
D01	26400001	27400000	10143
D01	27200001	28200000	10463
D01	28000001	29000000	11008
D01	28800001	29800000	10475
D01	29600001	30600000	11110
D01	30400001	31400000	12275
D01	31200001	32200000	10781
D01	32000001	33000000	11227
D01	32800001	33800000	9167
D01	33600001	34600000	10531
D01	34400001	35400000	9084
D01	35200001	36200000	10983
D01	36000001	37000000	10210
D01	36800001	37800000	9335
D01	37600001	38600000	10757
D01	38400001	39400000	12300
D01	39200001	40200000	11896
D01	40000001	41000000	10866
D01	40800001	41800000	11300
D01	41600001	42600000	10021
D01	42400001	43400000	12745
D01	43200001	44200000	12544
D01	44000001	45000000	11691
D01	44800001	45800000	10791
D01	45600001	46600000	10990
D01	46400001	47400000	10732
D01	47200001	48200000	11588
D01	48000001	49000000	12312
D01	48800001	49800000	12370
D01	49600001	50600000	10140
D01	50400001	51400000	11281
D01	51200001	52200000	10978
D01	52000001	53000000	10939
D01	52800001	53800000	9342
D01	53600001	54600000	10362
D01	54400001	55400000	9989
D01	55200001	56200000	10143
D01	56000001	57000000	9898
D01	56800001	57800000	8545
D01	57600001	58600000	9542
D01	58400001	59400000	8407
D01	59200001	60200000	8864
D01	60000001	61000000	7681
D01	60800001	61456009	3281
D02	1	1000000	5825
D02	800001	1800000	6190
D02	1600001	2600000	6399
D02	2400001	3400000	5599
D02	3200001	4200000	5092
D02	4000001	5000000	7011
D02	4800001	5800000	7942
D02	5600001	6600000	8379
D02	6400001	7400000	6613
D02	7200001	8200000	9004
D02	8000001	9000000	9004
D02	8800001	9800000	10126
D02	9600001	10600000	9576
D02	10400001	11400000	10755
D02	11200001	12200000	9433
D02	12000001	13000000	11103
D02	12800001	13800000	10149
D02	13600001	14600000	10698
D02	14400001	15400000	11554
D02	15200001	16200000	11410
D02	16000001	17000000	9180
D02	16800001	17800000	10730
D02	17600001	18600000	11656
D02	18400001	19400000	11021
D02	19200001	20200000	9246
D02	20000001	21000000	9490
D02	20800001	21800000	11232
D02	21600001	22600000	10768
D02	22400001	23400000	11816
D02	23200001	24200000	10540
D02	24000001	25000000	10794
D02	24800001	25800000	11002
D02	25600001	26600000	11173
D02	26400001	27400000	12011
D02	27200001	28200000	10294
D02	28000001	29000000	10529
D02	28800001	29800000	9247
D02	29600001	30600000	9685
D02	30400001	31400000	9060
D02	31200001	32200000	10468
D02	32000001	33000000	10165
D02	32800001	33800000	10777
D02	33600001	34600000	10191
D02	34400001	35400000	11857
D02	35200001	36200000	10899
D02	36000001	37000000	9371
D02	36800001	37800000	10784
D02	37600001	38600000	10444
D02	38400001	39400000	11906
D02	39200001	40200000	11821
D02	40000001	41000000	12763
D02	40800001	41800000	12430
D02	41600001	42600000	10479
D02	42400001	43400000	11518
D02	43200001	44200000	10938
D02	44000001	45000000	11214
D02	44800001	45800000	12560
D02	45600001	46600000	11247
D02	46400001	47400000	10994
D02	47200001	48200000	11399
D02	48000001	49000000	11418
D02	48800001	49800000	12141
D02	49600001	50600000	10209
D02	50400001	51400000	11640
D02	51200001	52200000	11847
D02	52000001	53000000	10567
D02	52800001	53800000	10771
D02	53600001	54600000	11763
D02	54400001	55400000	11703
D02	55200001	56200000	11540
D02	56000001	57000000	10063
D02	56800001	57800000	10491
D02	57600001	58600000	9320
D02	58400001	59400000	10711
D02	59200001	60200000	10646
D02	60000001	61000000	10067
D02	60800001	61800000	9946
D02	61600001	62600000	9523
D02	62400001	63400000	8224
D02	63200001	64200000	5094
D02	64000001	65000000	7336
D02	64800001	65800000	8085
D02	65600001	66600000	6778
D02	66400001	67400000	4424
D02	67200001	67284553	474
D03	1	1000000	7149
D03	800001	1800000	7193
D03	1600001	2600000	8203
D03	2400001	3400000	9011
D03	3200001	4200000	9430
D03	4000001	5000000	10586
D03	4800001	5800000	9277
D03	5600001	6600000	10203
D03	6400001	7400000	11782
D03	7200001	8200000	11963
D03	8000001	9000000	12499
D03	8800001	9800000	11876
D03	9600001	10600000	11262
D03	10400001	11400000	11074
D03	11200001	12200000	11520
D03	12000001	13000000	12657
D03	12800001	13800000	10925
D03	13600001	14600000	9180
D03	14400001	15400000	10103
D03	15200001	16200000	12176
D03	16000001	17000000	11690
D03	16800001	17800000	10549
D03	17600001	18600000	10297
D03	18400001	19400000	9727
D03	19200001	20200000	10589
D03	20000001	21000000	10728
D03	20800001	21800000	11754
D03	21600001	22600000	11095
D03	22400001	23400000	10063
D03	23200001	24200000	11494
D03	24000001	25000000	11576
D03	24800001	25800000	11397
D03	25600001	26600000	11854
D03	26400001	27400000	11931
D03	27200001	28200000	10808
D03	28000001	29000000	11338
D03	28800001	29800000	12662
D03	29600001	30600000	11655
D03	30400001	31400000	10601
D03	31200001	32200000	11632
D03	32000001	33000000	12341
D03	32800001	33800000	12225
D03	33600001	34600000	11763
D03	34400001	35400000	10384
D03	35200001	36200000	10046
D03	36000001	37000000	10492
D03	36800001	37800000	10224
D03	37600001	38600000	10037
D03	38400001	39400000	8251
D03	39200001	40200000	9424
D03	40000001	41000000	9380
D03	40800001	41800000	9040
D03	41600001	42600000	9207
D03	42400001	43400000	6519
D03	43200001	44200000	7034
D03	44000001	45000000	7083
D03	44800001	45800000	5670
D03	45600001	46600000	5763
D03	46400001	46690656	1276
D04	1	1000000	6314
D04	800001	1800000	7116
D04	1600001	2600000	7255
D04	2400001	3400000	7226
D04	3200001	4200000	8249
D04	4000001	5000000	6955
D04	4800001	5800000	8770
D04	5600001	6600000	8941
D04	6400001	7400000	10818
D04	7200001	8200000	11247
D04	8000001	9000000	9824
D04	8800001	9800000	9632
D04	9600001	10600000	9682
D04	10400001	11400000	10263
D04	11200001	12200000	11586
D04	12000001	13000000	11926
D04	12800001	13800000	11851
D04	13600001	14600000	11924
D04	14400001	15400000	11203
D04	15200001	16200000	11028
D04	16000001	17000000	11016
D04	16800001	17800000	10326
D04	17600001	18600000	11021
D04	18400001	19400000	10893
D04	19200001	20200000	9699
D04	20000001	21000000	9917
D04	20800001	21800000	8130
D04	21600001	22600000	10486
D04	22400001	23400000	10254
D04	23200001	24200000	12164
D04	24000001	25000000	11754
D04	24800001	25800000	11962
D04	25600001	26600000	11829
D04	26400001	27400000	10213
D04	27200001	28200000	9727
D04	28000001	29000000	11414
D04	28800001	29800000	10904
D04	29600001	30600000	12822
D04	30400001	31400000	12007
D04	31200001	32200000	11836
D04	32000001	33000000	11057
D04	32800001	33800000	12577
D04	33600001	34600000	11964
D04	34400001	35400000	12243
D04	35200001	36200000	12275
D04	36000001	37000000	11168
D04	36800001	37800000	10190
D04	37600001	38600000	11801
D04	38400001	39400000	12429
D04	39200001	40200000	12921
D04	40000001	41000000	11074
D04	40800001	41800000	11154
D04	41600001	42600000	9715
D04	42400001	43400000	10635
D04	43200001	44200000	11020
D04	44000001	45000000	8282
D04	44800001	45800000	10228
D04	45600001	46600000	10414
D04	46400001	47400000	7824
D04	47200001	48200000	8209
D04	48000001	49000000	7178
D04	48800001	49800000	6427
D04	49600001	50600000	6814
D04	50400001	51400000	6899
D04	51200001	51454130	1285
D05	1	1000000	4642
D05	800001	1800000	4439
D05	1600001	2600000	4180
D05	2400001	3400000	3686
D05	3200001	4200000	4047
D05	4000001	5000000	3997
D05	4800001	5800000	4271
D05	5600001	6600000	4886
D05	6400001	7400000	3453
D05	7200001	8200000	4068
D05	8000001	9000000	4008
D05	8800001	9800000	4629
D05	9600001	10600000	4600
D05	10400001	11400000	3401
D05	11200001	12200000	3339
D05	12000001	13000000	3574
D05	12800001	13800000	3925
D05	13600001	14600000	5501
D05	14400001	15400000	4877
D05	15200001	16200000	5074
D05	16000001	17000000	4552
D05	16800001	17800000	4157
D05	17600001	18600000	5149
D05	18400001	19400000	4932
D05	19200001	20200000	5760
D05	20000001	21000000	7217
D05	20800001	21800000	5557
D05	21600001	22600000	7108
D05	22400001	23400000	6779
D05	23200001	24200000	6623
D05	24000001	25000000	7027
D05	24800001	25800000	7900
D05	25600001	26600000	7818
D05	26400001	27400000	7950
D05	27200001	28200000	8522
D05	28000001	29000000	9348
D05	28800001	29800000	10372
D05	29600001	30600000	10724
D05	30400001	31400000	11333
D05	31200001	32200000	8740
D05	32000001	33000000	9287
D05	32800001	33800000	10164
D05	33600001	34600000	12225
D05	34400001	35400000	12429
D05	35200001	36200000	11170
D05	36000001	37000000	10420
D05	36800001	37800000	10917
D05	37600001	38600000	9983
D05	38400001	39400000	10428
D05	39200001	40200000	8270
D05	40000001	41000000	9730
D05	40800001	41800000	11501
D05	41600001	42600000	11643
D05	42400001	43400000	10755
D05	43200001	44200000	11471
D05	44000001	45000000	11955
D05	44800001	45800000	11379
D05	45600001	46600000	12112
D05	46400001	47400000	13100
D05	47200001	48200000	11015
D05	48000001	49000000	10609
D05	48800001	49800000	10555
D05	49600001	50600000	11059
D05	50400001	51400000	9414
D05	51200001	52200000	11416
D05	52000001	53000000	9214
D05	52800001	53800000	6168
D05	53600001	54600000	8875
D05	54400001	55400000	9128
D05	55200001	56200000	6585
D05	56000001	57000000	10192
D05	56800001	57800000	8663
D05	57600001	58600000	11188
D05	58400001	59400000	10118
D05	59200001	60200000	5472
D05	60000001	61000000	6803
D05	60800001	61800000	7664
D05	61600001	61933047	2344
D06	1	1000000	7182
D06	800001	1800000	7375
D06	1600001	2600000	5576
D06	2400001	3400000	5197
D06	3200001	4200000	9643
D06	4000001	5000000	11288
D06	4800001	5800000	8609
D06	5600001	6600000	8482
D06	6400001	7400000	10380
D06	7200001	8200000	10361
D06	8000001	9000000	8235
D06	8800001	9800000	10088
D06	9600001	10600000	10902
D06	10400001	11400000	9653
D06	11200001	12200000	10999
D06	12000001	13000000	10969
D06	12800001	13800000	11128
D06	13600001	14600000	11814
D06	14400001	15400000	11720
D06	15200001	16200000	11512
D06	16000001	17000000	10494
D06	16800001	17800000	10714
D06	17600001	18600000	11883
D06	18400001	19400000	11019
D06	19200001	20200000	9936
D06	20000001	21000000	11027
D06	20800001	21800000	11738
D06	21600001	22600000	10931
D06	22400001	23400000	12037
D06	23200001	24200000	8375
D06	24000001	25000000	10608
D06	24800001	25800000	10363
D06	25600001	26600000	11779
D06	26400001	27400000	10419
D06	27200001	28200000	10296
D06	28000001	29000000	10749
D06	28800001	29800000	10015
D06	29600001	30600000	11858
D06	30400001	31400000	12150
D06	31200001	32200000	11869
D06	32000001	33000000	9934
D06	32800001	33800000	9162
D06	33600001	34600000	10087
D06	34400001	35400000	8130
D06	35200001	36200000	10621
D06	36000001	37000000	12583
D06	36800001	37800000	10141
D06	37600001	38600000	9214
D06	38400001	39400000	9073
D06	39200001	40200000	11620
D06	40000001	41000000	9739
D06	40800001	41800000	11512
D06	41600001	42600000	10880
D06	42400001	43400000	11485
D06	43200001	44200000	10512
D06	44000001	45000000	11162
D06	44800001	45800000	10678
D06	45600001	46600000	10986
D06	46400001	47400000	11545
D06	47200001	48200000	12138
D06	48000001	49000000	10846
D06	48800001	49800000	11293
D06	49600001	50600000	11516
D06	50400001	51400000	10200
D06	51200001	52200000	10575
D06	52000001	53000000	10858
D06	52800001	53800000	10683
D06	53600001	54600000	10316
D06	54400001	55400000	10519
D06	55200001	56200000	9913
D06	56000001	57000000	10735
D06	56800001	57800000	9994
D06	57600001	58600000	9956
D06	58400001	59400000	9384
D06	59200001	60200000	7147
D06	60000001	61000000	8893
D06	60800001	61800000	8745
D06	61600001	62600000	6393
D06	62400001	63400000	9119
D06	63200001	64200000	8204
D06	64000001	64294643	1029
D07	1	1000000	5287
D07	800001	1800000	5637
D07	1600001	2600000	6455
D07	2400001	3400000	6044
D07	3200001	4200000	6749
D07	4000001	5000000	6254
D07	4800001	5800000	7858
D07	5600001	6600000	8211
D07	6400001	7400000	8036
D07	7200001	8200000	7699
D07	8000001	9000000	7377
D07	8800001	9800000	8221
D07	9600001	10600000	8752
D07	10400001	11400000	7756
D07	11200001	12200000	10365
D07	12000001	13000000	9885
D07	12800001	13800000	9681
D07	13600001	14600000	10791
D07	14400001	15400000	9551
D07	15200001	16200000	10419
D07	16000001	17000000	10197
D07	16800001	17800000	10437
D07	17600001	18600000	11259
D07	18400001	19400000	8865
D07	19200001	20200000	8814
D07	20000001	21000000	10157
D07	20800001	21800000	11081
D07	21600001	22600000	10443
D07	22400001	23400000	11420
D07	23200001	24200000	11148
D07	24000001	25000000	11555
D07	24800001	25800000	10943
D07	25600001	26600000	11341
D07	26400001	27400000	10853
D07	27200001	28200000	11463
D07	28000001	29000000	12871
D07	28800001	29800000	11596
D07	29600001	30600000	11133
D07	30400001	31400000	9929
D07	31200001	32200000	10591
D07	32000001	33000000	10264
D07	32800001	33800000	10698
D07	33600001	34600000	10389
D07	34400001	35400000	10727
D07	35200001	36200000	10234
D07	36000001	37000000	10306
D07	36800001	37800000	11306
D07	37600001	38600000	10319
D07	38400001	39400000	8674
D07	39200001	40200000	9105
D07	40000001	41000000	11150
D07	40800001	41800000	11513
D07	41600001	42600000	11319
D07	42400001	43400000	10841
D07	43200001	44200000	12433
D07	44000001	45000000	8944
D07	44800001	45800000	9069
D07	45600001	46600000	10819
D07	46400001	47400000	11835
D07	47200001	48200000	11127
D07	48000001	49000000	11013
D07	48800001	49800000	9426
D07	49600001	50600000	8014
D07	50400001	51400000	9872
D07	51200001	52200000	7421
D07	52000001	53000000	8424
D07	52800001	53800000	8809
D07	53600001	54600000	7702
D07	54400001	55400000	6787
D07	55200001	55312611	1341
D08	1	1000000	7001
D08	800001	1800000	7768
D08	1600001	2600000	7480
D08	2400001	3400000	8519
D08	3200001	4200000	8271
D08	4000001	5000000	8633
D08	4800001	5800000	7311
D08	5600001	6600000	9336
D08	6400001	7400000	10535
D08	7200001	8200000	10168
D08	8000001	9000000	10408
D08	8800001	9800000	10544
D08	9600001	10600000	10019
D08	10400001	11400000	11545
D08	11200001	12200000	10935
D08	12000001	13000000	12577
D08	12800001	13800000	12605
D08	13600001	14600000	12315
D08	14400001	15400000	11685
D08	15200001	16200000	12192
D08	16000001	17000000	11504
D08	16800001	17800000	11406
D08	17600001	18600000	12104
D08	18400001	19400000	11001
D08	19200001	20200000	11193
D08	20000001	21000000	10188
D08	20800001	21800000	8616
D08	21600001	22600000	11247
D08	22400001	23400000	10489
D08	23200001	24200000	11245
D08	24000001	25000000	10437
D08	24800001	25800000	10253
D08	25600001	26600000	7008
D08	26400001	27400000	8610
D08	27200001	28200000	8227
D08	28000001	29000000	8422
D08	28800001	29800000	10254
D08	29600001	30600000	10524
D08	30400001	31400000	11546
D08	31200001	32200000	11432
D08	32000001	33000000	10245
D08	32800001	33800000	11248
D08	33600001	34600000	10752
D08	34400001	35400000	11383
D08	35200001	36200000	10822
D08	36000001	37000000	11666
D08	36800001	37800000	11594
D08	37600001	38600000	12132
D08	38400001	39400000	10896
D08	39200001	40200000	11553
D08	40000001	41000000	11718
D08	40800001	41800000	11178
D08	41600001	42600000	11034
D08	42400001	43400000	12262
D08	43200001	44200000	11090
D08	44000001	45000000	11649
D08	44800001	45800000	12115
D08	45600001	46600000	12067
D08	46400001	47400000	10196
D08	47200001	48200000	10030
D08	48000001	49000000	10700
D08	48800001	49800000	10296
D08	49600001	50600000	8247
D08	50400001	51400000	9852
D08	51200001	52200000	10724
D08	52000001	53000000	9811
D08	52800001	53800000	8297
D08	53600001	54600000	9746
D08	54400001	55400000	10141
D08	55200001	56200000	12006
D08	56000001	57000000	9445
D08	56800001	57800000	9556
D08	57600001	58600000	7928
D08	58400001	59400000	9191
D08	59200001	60200000	5425
D08	60000001	61000000	7790
D08	60800001	61800000	7759
D08	61600001	62600000	7868
D08	62400001	63400000	7107
D08	63200001	64200000	5790
D08	64000001	65000000	6303
D08	64800001	65800000	5997
D08	65600001	65894135	1248
D09	1	1000000	9274
D09	800001	1800000	9297
D09	1600001	2600000	10418
D09	2400001	3400000	10071
D09	3200001	4200000	10466
D09	4000001	5000000	9936
D09	4800001	5800000	9379
D09	5600001	6600000	9616
D09	6400001	7400000	10272
D09	7200001	8200000	8531
D09	8000001	9000000	9491
D09	8800001	9800000	12061
D09	9600001	10600000	11580
D09	10400001	11400000	9861
D09	11200001	12200000	11137
D09	12000001	13000000	11223
D09	12800001	13800000	12083
D09	13600001	14600000	10456
D09	14400001	15400000	11758
D09	15200001	16200000	8311
D09	16000001	17000000	8541
D09	16800001	17800000	10486
D09	17600001	18600000	10200
D09	18400001	19400000	10809
D09	19200001	20200000	10253
D09	20000001	21000000	11377
D09	20800001	21800000	10990
D09	21600001	22600000	10526
D09	22400001	23400000	11844
D09	23200001	24200000	11322
D09	24000001	25000000	12122
D09	24800001	25800000	10312
D09	25600001	26600000	11214
D09	26400001	27400000	12364
D09	27200001	28200000	10947
D09	28000001	29000000	10594
D09	28800001	29800000	10058
D09	29600001	30600000	10923
D09	30400001	31400000	9927
D09	31200001	32200000	9952
D09	32000001	33000000	9152
D09	32800001	33800000	8214
D09	33600001	34600000	8847
D09	34400001	35400000	9754
D09	35200001	36200000	7855
D09	36000001	37000000	6719
D09	36800001	37800000	7281
D09	37600001	38600000	6751
D09	38400001	39400000	6468
D09	39200001	40200000	6434
D09	40000001	41000000	7424
D09	40800001	41800000	6659
D09	41600001	42600000	4373
D09	42400001	43400000	6075
D09	43200001	44200000	5783
D09	44000001	45000000	6467
D09	44800001	45800000	6943
D09	45600001	46600000	5418
D09	46400001	47400000	5170
D09	47200001	48200000	4077
D09	48000001	49000000	5114
D09	48800001	49800000	5105
D09	49600001	50600000	5869
D09	50400001	50995436	3083
D10	1	1000000	5474
D10	800001	1800000	5054
D10	1600001	2600000	6039
D10	2400001	3400000	5367
D10	3200001	4200000	6283
D10	4000001	5000000	6210
D10	4800001	5800000	7925
D10	5600001	6600000	8261
D10	6400001	7400000	8510
D10	7200001	8200000	7859
D10	8000001	9000000	8767
D10	8800001	9800000	9945
D10	9600001	10600000	8950
D10	10400001	11400000	9987
D10	11200001	12200000	9427
D10	12000001	13000000	9708
D10	12800001	13800000	10152
D10	13600001	14600000	10750
D10	14400001	15400000	11583
D10	15200001	16200000	10747
D10	16000001	17000000	10682
D10	16800001	17800000	11081
D10	17600001	18600000	10986
D10	18400001	19400000	12986
D10	19200001	20200000	11378
D10	20000001	21000000	9162
D10	20800001	21800000	11848
D10	21600001	22600000	8802
D10	22400001	23400000	10157
D10	23200001	24200000	11900
D10	24000001	25000000	10473
D10	24800001	25800000	9967
D10	25600001	26600000	10051
D10	26400001	27400000	10526
D10	27200001	28200000	12381
D10	28000001	29000000	12361
D10	28800001	29800000	10974
D10	29600001	30600000	11239
D10	30400001	31400000	12074
D10	31200001	32200000	10627
D10	32000001	33000000	9259
D10	32800001	33800000	11654
D10	33600001	34600000	10715
D10	34400001	35400000	9783
D10	35200001	36200000	9920
D10	36000001	37000000	10607
D10	36800001	37800000	9764
D10	37600001	38600000	8638
D10	38400001	39400000	11223
D10	39200001	40200000	9964
D10	40000001	41000000	10885
D10	40800001	41800000	11761
D10	41600001	42600000	10570
D10	42400001	43400000	10762
D10	43200001	44200000	10908
D10	44000001	45000000	8866
D10	44800001	45800000	10709
D10	45600001	46600000	11430
D10	46400001	47400000	11773
D10	47200001	48200000	12419
D10	48000001	49000000	11015
D10	48800001	49800000	11578
D10	49600001	50600000	10954
D10	50400001	51400000	10191
D10	51200001	52200000	10601
D10	52000001	53000000	10957
D10	52800001	53800000	8958
D10	53600001	54600000	9054
D10	54400001	55400000	9783
D10	55200001	56200000	7844
D10	56000001	57000000	9328
D10	56800001	57800000	7936
D10	57600001	58600000	7740
D10	58400001	59400000	8417
D10	59200001	60200000	6799
D10	60000001	61000000	5501
D10	60800001	61800000	7567
D10	61600001	62600000	4795
D10	62400001	63400000	4061
D10	63200001	63374666	554
D11	1	1000000	5533
D11	800001	1800000	6213
D11	1600001	2600000	4679
D11	2400001	3400000	5160
D11	3200001	4200000	4664
D11	4000001	5000000	4938
D11	4800001	5800000	3968
D11	5600001	6600000	6175
D11	6400001	7400000	6617
D11	7200001	8200000	6133
D11	8000001	9000000	6028
D11	8800001	9800000	6920
D11	9600001	10600000	6801
D11	10400001	11400000	7932
D11	11200001	12200000	7829
D11	12000001	13000000	7654
D11	12800001	13800000	7405
D11	13600001	14600000	7626
D11	14400001	15400000	8439
D11	15200001	16200000	8698
D11	16000001	17000000	9251
D11	16800001	17800000	9651
D11	17600001	18600000	9934
D11	18400001	19400000	9346
D11	19200001	20200000	10790
D11	20000001	21000000	11251
D11	20800001	21800000	10041
D11	21600001	22600000	10453
D11	22400001	23400000	10301
D11	23200001	24200000	10792
D11	24000001	25000000	11429
D11	24800001	25800000	11161
D11	25600001	26600000	10548
D11	26400001	27400000	11823
D11	27200001	28200000	11359
D11	28000001	29000000	11215
D11	28800001	29800000	12217
D11	29600001	30600000	10857
D11	30400001	31400000	11345
D11	31200001	32200000	11060
D11	32000001	33000000	10670
D11	32800001	33800000	10941
D11	33600001	34600000	11437
D11	34400001	35400000	11131
D11	35200001	36200000	9974
D11	36000001	37000000	10312
D11	36800001	37800000	11116
D11	37600001	38600000	11132
D11	38400001	39400000	12547
D11	39200001	40200000	8699
D11	40000001	41000000	9346
D11	40800001	41800000	10825
D11	41600001	42600000	11800
D11	42400001	43400000	10203
D11	43200001	44200000	11610
D11	44000001	45000000	12366
D11	44800001	45800000	12723
D11	45600001	46600000	11746
D11	46400001	47400000	10852
D11	47200001	48200000	9450
D11	48000001	49000000	9328
D11	48800001	49800000	10157
D11	49600001	50600000	10689
D11	50400001	51400000	10616
D11	51200001	52200000	10611
D11	52000001	53000000	9315
D11	52800001	53800000	9215
D11	53600001	54600000	9187
D11	54400001	55400000	9822
D11	55200001	56200000	9106
D11	56000001	57000000	9291
D11	56800001	57800000	10263
D11	57600001	58600000	6450
D11	58400001	59400000	7837
D11	59200001	60200000	5547
D11	60000001	61000000	6336
D11	60800001	61800000	6561
D11	61600001	62600000	7669
D11	62400001	63400000	6702
D11	63200001	64200000	6045
D11	64000001	65000000	5124
D11	64800001	65800000	6318
D11	65600001	66087774	3569
D12	1	1000000	7541
D12	800001	1800000	7107
D12	1600001	2600000	7481
D12	2400001	3400000	7626
D12	3200001	4200000	7972
D12	4000001	5000000	10054
D12	4800001	5800000	8716
D12	5600001	6600000	9322
D12	6400001	7400000	9925
D12	7200001	8200000	10612
D12	8000001	9000000	11363
D12	8800001	9800000	11854
D12	9600001	10600000	11866
D12	10400001	11400000	10222
D12	11200001	12200000	9745
D12	12000001	13000000	11451
D12	12800001	13800000	12219
D12	13600001	14600000	11809
D12	14400001	15400000	11027
D12	15200001	16200000	11609
D12	16000001	17000000	12162
D12	16800001	17800000	11481
D12	17600001	18600000	12013
D12	18400001	19400000	10287
D12	19200001	20200000	10754
D12	20000001	21000000	11151
D12	20800001	21800000	11606
D12	21600001	22600000	10825
D12	22400001	23400000	11610
D12	23200001	24200000	9106
D12	24000001	25000000	11219
D12	24800001	25800000	10372
D12	25600001	26600000	11928
D12	26400001	27400000	11621
D12	27200001	28200000	11444
D12	28000001	29000000	9877
D12	28800001	29800000	10978
D12	29600001	30600000	10142
D12	30400001	31400000	11143
D12	31200001	32200000	11080
D12	32000001	33000000	10544
D12	32800001	33800000	9908
D12	33600001	34600000	11338
D12	34400001	35400000	11226
D12	35200001	36200000	10863
D12	36000001	37000000	11657
D12	36800001	37800000	10122
D12	37600001	38600000	11424
D12	38400001	39400000	10572
D12	39200001	40200000	9326
D12	40000001	41000000	10630
D12	40800001	41800000	10784
D12	41600001	42600000	10461
D12	42400001	43400000	9155
D12	43200001	44200000	7987
D12	44000001	45000000	9289
D12	44800001	45800000	9855
D12	45600001	46600000	9969
D12	46400001	47400000	7874
D12	47200001	48200000	7318
D12	48000001	49000000	9166
D12	48800001	49800000	8933
D12	49600001	50600000	7194
D12	50400001	51400000	8545
D12	51200001	52200000	7820
D12	52000001	53000000	7327
D12	52800001	53800000	6370
D12	53600001	54600000	6469
D12	54400001	55400000	6835
D12	55200001	56200000	4987
D12	56000001	57000000	5331
D12	56800001	57800000	5812
D12	57600001	58600000	5295
D12	58400001	59109837	3551
D13	1	1000000	4662
D13	800001	1800000	6520
D13	1600001	2600000	6782
D13	2400001	3400000	7158
D13	3200001	4200000	8470
D13	4000001	5000000	8090
D13	4800001	5800000	8166
D13	5600001	6600000	11726
D13	6400001	7400000	11374
D13	7200001	8200000	10913
D13	8000001	9000000	10437
D13	8800001	9800000	11179
D13	9600001	10600000	12005
D13	10400001	11400000	8601
D13	11200001	12200000	10547
D13	12000001	13000000	10902
D13	12800001	13800000	11469
D13	13600001	14600000	12030
D13	14400001	15400000	11585
D13	15200001	16200000	10754
D13	16000001	17000000	10633
D13	16800001	17800000	10259
D13	17600001	18600000	11850
D13	18400001	19400000	10935
D13	19200001	20200000	11476
D13	20000001	21000000	11920
D13	20800001	21800000	10738
D13	21600001	22600000	10754
D13	22400001	23400000	8937
D13	23200001	24200000	6671
D13	24000001	25000000	11170
D13	24800001	25800000	10590
D13	25600001	26600000	8351
D13	26400001	27400000	9802
D13	27200001	28200000	10973
D13	28000001	29000000	8472
D13	28800001	29800000	12830
D13	29600001	30600000	10843
D13	30400001	31400000	9882
D13	31200001	32200000	10526
D13	32000001	33000000	11463
D13	32800001	33800000	11198
D13	33600001	34600000	10479
D13	34400001	35400000	12072
D13	35200001	36200000	11413
D13	36000001	37000000	11602
D13	36800001	37800000	11193
D13	37600001	38600000	11084
D13	38400001	39400000	9722
D13	39200001	40200000	11080
D13	40000001	41000000	12125
D13	40800001	41800000	11114
D13	41600001	42600000	10605
D13	42400001	43400000	9408
D13	43200001	44200000	10148
D13	44000001	45000000	11095
D13	44800001	45800000	10474
D13	45600001	46600000	10361
D13	46400001	47400000	11712
D13	47200001	48200000	9316
D13	48000001	49000000	10198
D13	48800001	49800000	10831
D13	49600001	50600000	9343
D13	50400001	51400000	9862
D13	51200001	52200000	10572
D13	52000001	53000000	9264
D13	52800001	53800000	8067
D13	53600001	54600000	9037
D13	54400001	55400000	7733
D13	55200001	56200000	8751
D13	56000001	57000000	7939
D13	56800001	57800000	5137
D13	57600001	58600000	6070
D13	58400001	59400000	8371
D13	59200001	60200000	9135
D13	60000001	60534298	3344
