A01	1	1000000	1965
A01	800001	1800000	3025
A01	1600001	2600000	3095
A01	2400001	3400000	5694
A01	3200001	4200000	4391
A01	4000001	5000000	5693
A01	4800001	5800000	6330
A01	5600001	6600000	6483
A01	6400001	7400000	6822
A01	7200001	8200000	6190
A01	8000001	9000000	9739
A01	8800001	9800000	10134
A01	9600001	10600000	9407
A01	10400001	11400000	8079
A01	11200001	12200000	7221
A01	12000001	13000000	7692
A01	12800001	13800000	6971
A01	13600001	14600000	7141
A01	14400001	15400000	11901
A01	15200001	16200000	10508
A01	16000001	17000000	10162
A01	16800001	17800000	9802
A01	17600001	18600000	9074
A01	18400001	19400000	8179
A01	19200001	20200000	7910
A01	20000001	21000000	10028
A01	20800001	21800000	10395
A01	21600001	22600000	10851
A01	22400001	23400000	9413
A01	23200001	24200000	10104
A01	24000001	25000000	10489
A01	24800001	25800000	11685
A01	25600001	26600000	10666
A01	26400001	27400000	10598
A01	27200001	28200000	9256
A01	28000001	29000000	10104
A01	28800001	29800000	12964
A01	29600001	30600000	9862
A01	30400001	31400000	9657
A01	31200001	32200000	11500
A01	32000001	33000000	11305
A01	32800001	33800000	10391
A01	33600001	34600000	10150
A01	34400001	35400000	7944
A01	35200001	36200000	7817
A01	36000001	37000000	8272
A01	36800001	37800000	8943
A01	37600001	38600000	10140
A01	38400001	39400000	8923
A01	39200001	40200000	10823
A01	40000001	41000000	12003
A01	40800001	41800000	11651
A01	41600001	42600000	8686
A01	42400001	43400000	7460
A01	43200001	44200000	9515
A01	44000001	45000000	11118
A01	44800001	45800000	10358
A01	45600001	46600000	9921
A01	46400001	47400000	7815
A01	47200001	48200000	10703
A01	48000001	49000000	10065
A01	48800001	49800000	9133
A01	49600001	50600000	9574
A01	50400001	51400000	10077
A01	51200001	52200000	9409
A01	52000001	53000000	9107
A01	52800001	53800000	11713
A01	53600001	54600000	11512
A01	54400001	55400000	11802
A01	55200001	56200000	10741
A01	56000001	57000000	9143
A01	56800001	57800000	8470
A01	57600001	58600000	9981
A01	58400001	59400000	9824
A01	59200001	60200000	10300
A01	60000001	61000000	10598
A01	60800001	61800000	10192
A01	61600001	62600000	10077
A01	62400001	63400000	8541
A01	63200001	64200000	10134
A01	64000001	65000000	10974
A01	64800001	65800000	8426
A01	65600001	66600000	9325
A01	66400001	67400000	8098
A01	67200001	68200000	7352
A01	68000001	69000000	10442
A01	68800001	69800000	11373
A01	69600001	70600000	8310
A01	70400001	71400000	11678
A01	71200001	72200000	10591
A01	72000001	73000000	10199
A01	72800001	73800000	10838
A01	73600001	74600000	8379
A01	74400001	75400000	10592
A01	75200001	76200000	8512
A01	76000001	77000000	10196
A01	76800001	77800000	10430
A01	77600001	78600000	9749
A01	78400001	79400000	10723
A01	79200001	80200000	9273
A01	80000001	81000000	8563
A01	80800001	81800000	9259
A01	81600001	82600000	9801
A01	82400001	83400000	10068
A01	83200001	84200000	7968
A01	84000001	85000000	9392
A01	84800001	85800000	11276
A01	85600001	86600000	11523
A01	86400001	87400000	10638
A01	87200001	88200000	9536
A01	88000001	89000000	9732
A01	88800001	89800000	11648
A01	89600001	90600000	8960
A01	90400001	91400000	7577
A01	91200001	92200000	9184
A01	92000001	93000000	8753
A01	92800001	93800000	8468
A01	93600001	94600000	7462
A01	94400001	95400000	7902
A01	95200001	96200000	6920
A01	96000001	97000000	8200
A01	96800001	97800000	7270
A01	97600001	98600000	4319
A01	98400001	99400000	3499
A01	99200001	99884700	2920
A02	1	1000000	2498
A02	800001	1800000	2689
A02	1600001	2600000	5295
A02	2400001	3400000	4710
A02	3200001	4200000	4377
A02	4000001	5000000	7616
A02	4800001	5800000	7609
A02	5600001	6600000	7593
A02	6400001	7400000	6116
A02	7200001	8200000	7584
A02	8000001	9000000	9291
A02	8800001	9800000	10497
A02	9600001	10600000	9744
A02	10400001	11400000	8299
A02	11200001	12200000	8757
A02	12000001	13000000	11727
A02	12800001	13800000	11119
A02	13600001	14600000	10034
A02	14400001	15400000	9169
A02	15200001	16200000	9857
A02	16000001	17000000	10752
A02	16800001	17800000	10564
A02	17600001	18600000	10670
A02	18400001	19400000	9150
A02	19200001	20200000	11725
A02	20000001	21000000	9658
A02	20800001	21800000	11432
A02	21600001	22600000	10395
A02	22400001	23400000	8236
A02	23200001	24200000	11740
A02	24000001	25000000	10533
A02	24800001	25800000	11935
A02	25600001	26600000	9900
A02	26400001	27400000	8825
A02	27200001	28200000	9099
A02	28000001	29000000	8831
A02	28800001	29800000	11984
A02	29600001	30600000	10315
A02	30400001	31400000	10715
A02	31200001	32200000	10438
A02	32000001	33000000	11517
A02	32800001	33800000	9399
A02	33600001	34600000	10564
A02	34400001	35400000	10475
A02	35200001	36200000	8576
A02	36000001	37000000	10870
A02	36800001	37800000	11058
A02	37600001	38600000	11175
A02	38400001	39400000	10557
A02	39200001	40200000	9647
A02	40000001	41000000	8861
A02	40800001	41800000	8498
A02	41600001	42600000	10489
A02	42400001	43400000	11639
A02	43200001	44200000	10640
A02	44000001	45000000	9983
A02	44800001	45800000	11102
A02	45600001	46600000	10512
A02	46400001	47400000	10101
A02	47200001	48200000	9934
A02	48000001	49000000	9701
A02	48800001	49800000	9320
A02	49600001	50600000	12154
A02	50400001	51400000	10191
A02	51200001	52200000	11551
A02	52000001	53000000	9189
A02	52800001	53800000	11254
A02	53600001	54600000	10582
A02	54400001	55400000	10483
A02	55200001	56200000	9367
A02	56000001	57000000	9301
A02	56800001	57800000	9336
A02	57600001	58600000	10440
A02	58400001	59400000	9550
A02	59200001	60200000	11442
A02	60000001	61000000	9323
A02	60800001	61800000	9277
A02	61600001	62600000	9411
A02	62400001	63400000	10372
A02	63200001	64200000	9362
A02	64000001	65000000	9110
A02	64800001	65800000	9636
A02	65600001	66600000	10038
A02	66400001	67400000	10526
A02	67200001	68200000	9236
A02	68000001	69000000	9337
A02	68800001	69800000	12433
A02	69600001	70600000	8950
A02	70400001	71400000	10054
A02	71200001	72200000	11723
A02	72000001	73000000	11823
A02	72800001	73800000	10664
A02	73600001	74600000	10482
A02	74400001	75400000	10042
A02	75200001	76200000	8807
A02	76000001	77000000	10560
A02	76800001	77800000	11212
A02	77600001	78600000	8893
A02	78400001	79400000	6798
A02	79200001	80200000	6381
A02	80000001	81000000	6662
A02	80800001	81800000	6376
A02	81600001	82600000	4627
A02	82400001	83400000	2032
A02	83200001	83447906	214
A03	1	1000000	5218
A03	800001	1800000	4314
A03	1600001	2600000	3479
A03	2400001	3400000	3972
A03	3200001	4200000	5596
A03	4000001	5000000	5482
A03	4800001	5800000	8751
A03	5600001	6600000	7565
A03	6400001	7400000	6694
A03	7200001	8200000	8397
A03	8000001	9000000	9289
A03	8800001	9800000	10101
A03	9600001	10600000	8407
A03	10400001	11400000	9679
A03	11200001	12200000	9330
A03	12000001	13000000	9693
A03	12800001	13800000	11754
A03	13600001	14600000	10565
A03	14400001	15400000	10726
A03	15200001	16200000	11067
A03	16000001	17000000	9379
A03	16800001	17800000	8928
A03	17600001	18600000	10927
A03	18400001	19400000	10743
A03	19200001	20200000	8956
A03	20000001	21000000	10601
A03	20800001	21800000	9777
A03	21600001	22600000	8339
A03	22400001	23400000	10225
A03	23200001	24200000	9236
A03	24000001	25000000	10038
A03	24800001	25800000	9025
A03	25600001	26600000	8363
A03	26400001	27400000	8268
A03	27200001	28200000	10142
A03	28000001	29000000	8300
A03	28800001	29800000	8731
A03	29600001	30600000	8601
A03	30400001	31400000	9227
A03	31200001	32200000	8268
A03	32000001	33000000	9734
A03	32800001	33800000	11369
A03	33600001	34600000	8021
A03	34400001	35400000	9221
A03	35200001	36200000	4310
A03	36000001	37000000	8345
A03	36800001	37800000	8160
A03	37600001	38600000	8544
A03	38400001	39400000	10573
A03	39200001	40200000	10443
A03	40000001	41000000	9374
A03	40800001	41800000	7570
A03	41600001	42600000	9784
A03	42400001	43400000	7897
A03	43200001	44200000	10263
A03	44000001	45000000	10675
A03	44800001	45800000	11177
A03	45600001	46600000	8875
A03	46400001	47400000	7710
A03	47200001	48200000	8897
A03	48000001	49000000	11336
A03	48800001	49800000	9735
A03	49600001	50600000	7184
A03	50400001	51400000	6230
A03	51200001	52200000	8057
A03	52000001	53000000	8261
A03	52800001	53800000	7924
A03	53600001	54600000	7672
A03	54400001	55400000	7276
A03	55200001	56200000	9119
A03	56000001	57000000	9193
A03	56800001	57800000	9200
A03	57600001	58600000	9694
A03	58400001	59400000	11842
A03	59200001	60200000	10907
A03	60000001	61000000	9531
A03	60800001	61800000	9624
A03	61600001	62600000	8645
A03	62400001	63400000	10001
A03	63200001	64200000	10296
A03	64000001	65000000	11814
A03	64800001	65800000	11492
A03	65600001	66600000	13034
A03	66400001	67400000	9904
A03	67200001	68200000	10978
A03	68000001	69000000	10150
A03	68800001	69800000	8953
A03	69600001	70600000	8562
A03	70400001	71400000	9753
A03	71200001	72200000	9334
A03	72000001	73000000	11052
A03	72800001	73800000	7946
A03	73600001	74600000	10192
A03	74400001	75400000	8877
A03	75200001	76200000	9433
A03	76000001	77000000	10176
A03	76800001	77800000	10939
A03	77600001	78600000	10706
A03	78400001	79400000	11098
A03	79200001	80200000	11565
A03	80000001	81000000	7831
A03	80800001	81800000	8412
A03	81600001	82600000	10639
A03	82400001	83400000	11248
A03	83200001	84200000	7584
A03	84000001	85000000	8992
A03	84800001	85800000	9362
A03	85600001	86600000	8971
A03	86400001	87400000	8632
A03	87200001	88200000	11272
A03	88000001	89000000	9219
A03	88800001	89800000	10037
A03	89600001	90600000	10493
A03	90400001	91400000	8284
A03	91200001	92200000	9410
A03	92000001	93000000	9207
A03	92800001	93800000	8566
A03	93600001	94600000	7288
A03	94400001	95400000	6134
A03	95200001	96200000	5209
A03	96000001	97000000	7300
A03	96800001	97800000	3710
A03	97600001	98600000	4457
A03	98400001	99400000	3209
A03	99200001	100200000	2249
A03	100000001	100263045	505
A04	1	1000000	6356
A04	800001	1800000	5173
A04	1600001	2600000	6351
A04	2400001	3400000	7258
A04	3200001	4200000	5244
A04	4000001	5000000	5174
A04	4800001	5800000	8753
A04	5600001	6600000	8038
A04	6400001	7400000	7752
A04	7200001	8200000	9064
A04	8000001	9000000	9938
A04	8800001	9800000	9575
A04	9600001	10600000	10028
A04	10400001	11400000	8440
A04	11200001	12200000	9031
A04	12000001	13000000	9731
A04	12800001	13800000	10048
A04	13600001	14600000	10117
A04	14400001	15400000	11283
A04	15200001	16200000	10089
A04	16000001	17000000	11041
A04	16800001	17800000	10078
A04	17600001	18600000	9103
A04	18400001	19400000	9896
A04	19200001	20200000	9658
A04	20000001	21000000	10598
A04	20800001	21800000	8416
A04	21600001	22600000	9606
A04	22400001	23400000	7868
A04	23200001	24200000	9431
A04	24000001	25000000	9355
A04	24800001	25800000	9216
A04	25600001	26600000	10137
A04	26400001	27400000	10397
A04	27200001	28200000	10936
A04	28000001	29000000	8687
A04	28800001	29800000	8132
A04	29600001	30600000	10241
A04	30400001	31400000	9941
A04	31200001	32200000	9792
A04	32000001	33000000	9281
A04	32800001	33800000	6754
A04	33600001	34600000	7073
A04	34400001	35400000	10105
A04	35200001	36200000	9845
A04	36000001	37000000	9813
A04	36800001	37800000	10127
A04	37600001	38600000	9441
A04	38400001	39400000	11461
A04	39200001	40200000	10194
A04	40000001	41000000	10872
A04	40800001	41800000	9394
A04	41600001	42600000	8036
A04	42400001	43400000	7661
A04	43200001	44200000	9937
A04	44000001	45000000	10994
A04	44800001	45800000	10045
A04	45600001	46600000	10712
A04	46400001	47400000	9327
A04	47200001	48200000	11476
A04	48000001	49000000	9900
A04	48800001	49800000	9801
A04	49600001	50600000	9406
A04	50400001	51400000	11243
A04	51200001	52200000	10440
A04	52000001	53000000	9133
A04	52800001	53800000	9251
A04	53600001	54600000	7511
A04	54400001	55400000	9525
A04	55200001	56200000	8587
A04	56000001	57000000	9630
A04	56800001	57800000	8139
A04	57600001	58600000	8904
A04	58400001	59400000	6582
A04	59200001	60200000	7033
A04	60000001	61000000	4878
A04	60800001	61800000	5184
A04	61600001	62600000	3370
A04	62400001	62913772	868
A05	1	1000000	3211
A05	800001	1800000	2275
A05	1600001	2600000	2019
A05	2400001	3400000	1800
A05	3200001	4200000	1657
A05	4000001	5000000	2734
A05	4800001	5800000	1734
A05	5600001	6600000	1890
A05	6400001	7400000	2462
A05	7200001	8200000	2391
A05	8000001	9000000	1923
A05	8800001	9800000	2219
A05	9600001	10600000	2464
A05	10400001	11400000	2211
A05	11200001	12200000	2246
A05	12000001	13000000	2738
A05	12800001	13800000	4192
A05	13600001	14600000	3503
A05	14400001	15400000	3052
A05	15200001	16200000	3435
A05	16000001	17000000	4308
A05	16800001	17800000	3966
A05	17600001	18600000	4631
A05	18400001	19400000	2809
A05	19200001	20200000	3764
A05	20000001	21000000	5410
A05	20800001	21800000	5210
A05	21600001	22600000	5830
A05	22400001	23400000	8258
A05	23200001	24200000	5524
A05	24000001	25000000	5688
A05	24800001	25800000	6887
A05	25600001	26600000	8698
A05	26400001	27400000	6071
A05	27200001	28200000	6389
A05	28000001	29000000	8125
A05	28800001	29800000	8630
A05	29600001	30600000	8688
A05	30400001	31400000	10404
A05	31200001	32200000	10082
A05	32000001	33000000	9431
A05	32800001	33800000	11435
A05	33600001	34600000	9463
A05	34400001	35400000	9481
A05	35200001	36200000	9433
A05	36000001	37000000	9390
A05	36800001	37800000	11937
A05	37600001	38600000	11667
A05	38400001	39400000	11089
A05	39200001	40200000	10373
A05	40000001	41000000	8138
A05	40800001	41800000	9398
A05	41600001	42600000	9873
A05	42400001	43400000	11138
A05	43200001	44200000	9606
A05	44000001	45000000	10683
A05	44800001	45800000	9003
A05	45600001	46600000	8277
A05	46400001	47400000	9867
A05	47200001	48200000	11731
A05	48000001	49000000	8997
A05	48800001	49800000	7965
A05	49600001	50600000	10916
A05	50400001	51400000	12636
A05	51200001	52200000	10786
A05	52000001	53000000	10228
A05	52800001	53800000	7782
A05	53600001	54600000	10738
A05	54400001	55400000	9952
A05	55200001	56200000	10836
A05	56000001	57000000	9489
A05	56800001	57800000	11039
A05	57600001	58600000	10379
A05	58400001	59400000	9182
A05	59200001	60200000	7749
A05	60000001	61000000	8869
A05	60800001	61800000	10217
A05	61600001	62600000	11066
A05	62400001	63400000	9230
A05	63200001	64200000	7104
A05	64000001	65000000	10567
A05	64800001	65800000	10955
A05	65600001	66600000	9349
A05	66400001	67400000	10164
A05	67200001	68200000	7817
A05	68000001	69000000	8933
A05	68800001	69800000	11891
A05	69600001	70600000	11798
A05	70400001	71400000	9727
A05	71200001	72200000	8839
A05	72000001	73000000	9960
A05	72800001	73800000	10329
A05	73600001	74600000	9945
A05	74400001	75400000	10406
A05	75200001	76200000	10290
A05	76000001	77000000	10991
A05	76800001	77800000	10197
A05	77600001	78600000	7846
A05	78400001	79400000	9733
A05	79200001	80200000	9991
A05	80000001	81000000	9383
A05	80800001	81800000	8410
A05	81600001	82600000	9811
A05	82400001	83400000	10062
A05	83200001	84200000	7147
A05	84000001	85000000	8185
A05	84800001	85800000	7082
A05	85600001	86600000	6523
A05	86400001	87400000	5970
A05	87200001	88200000	5579
A05	88000001	89000000	6099
A05	88800001	89800000	5607
A05	89600001	90600000	6352
A05	90400001	91400000	3874
A05	91200001	92200000	2560
A05	92000001	92047023	113
A06	1	1000000	2231
A06	800001	1800000	4281
A06	1600001	2600000	4815
A06	2400001	3400000	5448
A06	3200001	4200000	6621
A06	4000001	5000000	10110
A06	4800001	5800000	7896
A06	5600001	6600000	8916
A06	6400001	7400000	6562
A06	7200001	8200000	9448
A06	8000001	9000000	9379
A06	8800001	9800000	8459
A06	9600001	10600000	8880
A06	10400001	11400000	9858
A06	11200001	12200000	11986
A06	12000001	13000000	10624
A06	12800001	13800000	9416
A06	13600001	14600000	9312
A06	14400001	15400000	8264
A06	15200001	16200000	9102
A06	16000001	17000000	11349
A06	16800001	17800000	9747
A06	17600001	18600000	10784
A06	18400001	19400000	10875
A06	19200001	20200000	11480
A06	20000001	21000000	12403
A06	20800001	21800000	11374
A06	21600001	22600000	10348
A06	22400001	23400000	10162
A06	23200001	24200000	9505
A06	24000001	25000000	10362
A06	24800001	25800000	9466
A06	25600001	26600000	7266
A06	26400001	27400000	9539
A06	27200001	28200000	11684
A06	28000001	29000000	11761
A06	28800001	29800000	10489
A06	29600001	30600000	8480
A06	30400001	31400000	10380
A06	31200001	32200000	10372
A06	32000001	33000000	10188
A06	32800001	33800000	9090
A06	33600001	34600000	11329
A06	34400001	35400000	9450
A06	35200001	36200000	10210
A06	36000001	37000000	10489
A06	36800001	37800000	11075
A06	37600001	38600000	11460
A06	38400001	39400000	10626
A06	39200001	40200000	12656
A06	40000001	41000000	9647
A06	40800001	41800000	9610
A06	41600001	42600000	9783
A06	42400001	43400000	11262
A06	43200001	44200000	8723
A06	44000001	45000000	8416
A06	44800001	45800000	11120
A06	45600001	46600000	8470
A06	46400001	47400000	7990
A06	47200001	48200000	8260
A06	48000001	49000000	10238
A06	48800001	49800000	10564
A06	49600001	50600000	9367
A06	50400001	51400000	8862
A06	51200001	52200000	10085
A06	52000001	53000000	8963
A06	52800001	53800000	7297
A06	53600001	54600000	7969
A06	54400001	55400000	8907
A06	55200001	56200000	8353
A06	56000001	57000000	7232
A06	56800001	57800000	8168
A06	57600001	58600000	8650
A06	58400001	59400000	10140
A06	59200001	60200000	8329
A06	60000001	61000000	9335
A06	60800001	61800000	10123
A06	61600001	62600000	7347
A06	62400001	63400000	8707
A06	63200001	64200000	10007
A06	64000001	65000000	8684
A06	64800001	65800000	8925
A06	65600001	66600000	10692
A06	66400001	67400000	10844
A06	67200001	68200000	10016
A06	68000001	69000000	9557
A06	68800001	69800000	7824
A06	69600001	70600000	10282
A06	70400001	71400000	7811
A06	71200001	72200000	8959
A06	72000001	73000000	8002
A06	72800001	73800000	9932
A06	73600001	74600000	6975
A06	74400001	75400000	9625
A06	75200001	76200000	10001
A06	76000001	77000000	10883
A06	76800001	77800000	11277
A06	77600001	78600000	10227
A06	78400001	79400000	10930
A06	79200001	80200000	9690
A06	80000001	81000000	8982
A06	80800001	81800000	9813
A06	81600001	82600000	9199
A06	82400001	83400000	9332
A06	83200001	84200000	9968
A06	84000001	85000000	8801
A06	84800001	85800000	9358
A06	85600001	86600000	9078
A06	86400001	87400000	10307
A06	87200001	88200000	10772
A06	88000001	89000000	10611
A06	88800001	89800000	11100
A06	89600001	90600000	10412
A06	90400001	91400000	11847
A06	91200001	92200000	11368
A06	92000001	93000000	10777
A06	92800001	93800000	9777
A06	93600001	94600000	10961
A06	94400001	95400000	9679
A06	95200001	96200000	8594
A06	96000001	97000000	8064
A06	96800001	97800000	7527
A06	97600001	98600000	8957
A06	98400001	99400000	8869
A06	99200001	100200000	6487
A06	100000001	101000000	6730
A06	100800001	101800000	5286
A06	101600001	102600000	2896
A06	102400001	103170444	2219
A07	1	1000000	2950
A07	800001	1800000	2433
A07	1600001	2600000	2666
A07	2400001	3400000	3553
A07	3200001	4200000	3949
A07	4000001	5000000	2337
A07	4800001	5800000	4829
A07	5600001	6600000	4995
A07	6400001	7400000	7753
A07	7200001	8200000	6163
A07	8000001	9000000	5203
A07	8800001	9800000	7512
A07	9600001	10600000	9732
A07	10400001	11400000	11058
A07	11200001	12200000	9662
A07	12000001	13000000	9072
A07	12800001	13800000	9076
A07	13600001	14600000	7163
A07	14400001	15400000	10813
A07	15200001	16200000	9237
A07	16000001	17000000	7332
A07	16800001	17800000	8947
A07	17600001	18600000	7473
A07	18400001	19400000	9946
A07	19200001	20200000	10256
A07	20000001	21000000	9186
A07	20800001	21800000	10328
A07	21600001	22600000	11021
A07	22400001	23400000	8046
A07	23200001	24200000	9516
A07	24000001	25000000	10436
A07	24800001	25800000	9205
A07	25600001	26600000	8531
A07	26400001	27400000	9636
A07	27200001	28200000	12965
A07	28000001	29000000	8872
A07	28800001	29800000	8562
A07	29600001	30600000	10800
A07	30400001	31400000	9597
A07	31200001	32200000	8661
A07	32000001	33000000	9997
A07	32800001	33800000	10546
A07	33600001	34600000	8264
A07	34400001	35400000	7903
A07	35200001	36200000	10314
A07	36000001	37000000	8542
A07	36800001	37800000	9565
A07	37600001	38600000	11341
A07	38400001	39400000	11188
A07	39200001	40200000	9455
A07	40000001	41000000	11380
A07	40800001	41800000	10747
A07	41600001	42600000	9369
A07	42400001	43400000	7364
A07	43200001	44200000	7890
A07	44000001	45000000	10629
A07	44800001	45800000	11302
A07	45600001	46600000	10517
A07	46400001	47400000	8267
A07	47200001	48200000	9937
A07	48000001	49000000	9517
A07	48800001	49800000	7008
A07	49600001	50600000	9054
A07	50400001	51400000	9092
A07	51200001	52200000	10666
A07	52000001	53000000	11023
A07	52800001	53800000	9566
A07	53600001	54600000	8396
A07	54400001	55400000	10567
A07	55200001	56200000	10862
A07	56000001	57000000	9154
A07	56800001	57800000	9408
A07	57600001	58600000	10989
A07	58400001	59400000	9309
A07	59200001	60200000	6987
A07	60000001	61000000	10053
A07	60800001	61800000	10106
A07	61600001	62600000	11071
A07	62400001	63400000	10299
A07	63200001	64200000	9875
A07	64000001	65000000	10195
A07	64800001	65800000	9712
A07	65600001	66600000	10975
A07	66400001	67400000	9382
A07	67200001	68200000	10737
A07	68000001	69000000	10149
A07	68800001	69800000	10090
A07	69600001	70600000	8553
A07	70400001	71400000	9722
A07	71200001	72200000	8655
A07	72000001	73000000	8148
A07	72800001	73800000	6089
A07	73600001	74600000	7233
A07	74400001	75400000	6029
A07	75200001	76200000	7360
A07	76000001	77000000	5656
A07	76800001	77800000	5963
A07	77600001	78251018	4099
A08	1	1000000	2653
A08	800001	1800000	4024
A08	1600001	2600000	5078
A08	2400001	3400000	7084
A08	3200001	4200000	5271
A08	4000001	5000000	7094
A08	4800001	5800000	5985
A08	5600001	6600000	6074
A08	6400001	7400000	8510
A08	7200001	8200000	9252
A08	8000001	9000000	8850
A08	8800001	9800000	10059
A08	9600001	10600000	9363
A08	10400001	11400000	9438
A08	11200001	12200000	11098
A08	12000001	13000000	10205
A08	12800001	13800000	10070
A08	13600001	14600000	10266
A08	14400001	15400000	7794
A08	15200001	16200000	8941
A08	16000001	17000000	10207
A08	16800001	17800000	10209
A08	17600001	18600000	9942
A08	18400001	19400000	10712
A08	19200001	20200000	9174
A08	20000001	21000000	9990
A08	20800001	21800000	9793
A08	21600001	22600000	10579
A08	22400001	23400000	9904
A08	23200001	24200000	9386
A08	24000001	25000000	10359
A08	24800001	25800000	10327
A08	25600001	26600000	10349
A08	26400001	27400000	10257
A08	27200001	28200000	8767
A08	28000001	29000000	7295
A08	28800001	29800000	8936
A08	29600001	30600000	8836
A08	30400001	31400000	6743
A08	31200001	32200000	6932
A08	32000001	33000000	7395
A08	32800001	33800000	8526
A08	33600001	34600000	9688
A08	34400001	35400000	9603
A08	35200001	36200000	9443
A08	36000001	37000000	9738
A08	36800001	37800000	8072
A08	37600001	38600000	8482
A08	38400001	39400000	9094
A08	39200001	40200000	8255
A08	40000001	41000000	9833
A08	40800001	41800000	7350
A08	41600001	42600000	8089
A08	42400001	43400000	9893
A08	43200001	44200000	9445
A08	44000001	45000000	9902
A08	44800001	45800000	6076
A08	45600001	46600000	3874
A08	46400001	47400000	7404
A08	47200001	48200000	9137
A08	48000001	49000000	9284
A08	48800001	49800000	9101
A08	49600001	50600000	8929
A08	50400001	51400000	6449
A08	51200001	52200000	10276
A08	52000001	53000000	9097
A08	52800001	53800000	10642
A08	53600001	54600000	8753
A08	54400001	55400000	3799
A08	55200001	56200000	9666
A08	56000001	57000000	7886
A08	56800001	57800000	7996
A08	57600001	58600000	10310
A08	58400001	59400000	7966
A08	59200001	60200000	9203
A08	60000001	61000000	7701
A08	60800001	61800000	9348
A08	61600001	62600000	8710
A08	62400001	63400000	9074
A08	63200001	64200000	8642
A08	64000001	65000000	10028
A08	64800001	65800000	11753
A08	65600001	66600000	12418
A08	66400001	67400000	10161
A08	67200001	68200000	8975
A08	68000001	69000000	9941
A08	68800001	69800000	9435
A08	69600001	70600000	10252
A08	70400001	71400000	10643
A08	71200001	72200000	11572
A08	72000001	73000000	9011
A08	72800001	73800000	8972
A08	73600001	74600000	10550
A08	74400001	75400000	8424
A08	75200001	76200000	9922
A08	76000001	77000000	10459
A08	76800001	77800000	10299
A08	77600001	78600000	10433
A08	78400001	79400000	10750
A08	79200001	80200000	9776
A08	80000001	81000000	10824
A08	80800001	81800000	10432
A08	81600001	82600000	9049
A08	82400001	83400000	9277
A08	83200001	84200000	9169
A08	84000001	85000000	10240
A08	84800001	85800000	8541
A08	85600001	86600000	10382
A08	86400001	87400000	10173
A08	87200001	88200000	9842
A08	88000001	89000000	10433
A08	88800001	89800000	7538
A08	89600001	90600000	4795
A08	90400001	91400000	8223
A08	91200001	92200000	9909
A08	92000001	93000000	8807
A08	92800001	93800000	10765
A08	93600001	94600000	8760
A08	94400001	95400000	9334
A08	95200001	96200000	4372
A08	96000001	97000000	5109
A08	96800001	97800000	5756
A08	97600001	98600000	4659
A08	98400001	99400000	5016
A08	99200001	100200000	5579
A08	100000001	101000000	3790
A08	100800001	101800000	2124
A08	101600001	102600000	2170
A08	102400001	103400000	2318
A08	103200001	103626341	1891
A09	1	1000000	7824
A09	800001	1800000	8089
A09	1600001	2600000	8617
A09	2400001	3400000	6807
A09	3200001	4200000	8978
A09	4000001	5000000	9510
A09	4800001	5800000	8425
A09	5600001	6600000	8382
A09	6400001	7400000	10310
A09	7200001	8200000	9775
A09	8000001	9000000	10863
A09	8800001	9800000	10523
A09	9600001	10600000	10751
A09	10400001	11400000	10312
A09	11200001	12200000	10838
A09	12000001	13000000	9929
A09	12800001	13800000	11834
A09	13600001	14600000	9144
A09	14400001	15400000	8860
A09	15200001	16200000	8826
A09	16000001	17000000	8160
A09	16800001	17800000	10039
A09	17600001	18600000	10003
A09	18400001	19400000	9137
A09	19200001	20200000	11306
A09	20000001	21000000	10135
A09	20800001	21800000	7851
A09	21600001	22600000	8639
A09	22400001	23400000	10573
A09	23200001	24200000	7687
A09	24000001	25000000	9548
A09	24800001	25800000	6651
A09	25600001	26600000	8843
A09	26400001	27400000	9492
A09	27200001	28200000	8561
A09	28000001	29000000	8741
A09	28800001	29800000	7740
A09	29600001	30600000	8148
A09	30400001	31400000	10452
A09	31200001	32200000	9807
A09	32000001	33000000	9582
A09	32800001	33800000	9907
A09	33600001	34600000	10961
A09	34400001	35400000	9628
A09	35200001	36200000	8001
A09	36000001	37000000	9093
A09	36800001	37800000	11225
A09	37600001	38600000	10067
A09	38400001	39400000	10357
A09	39200001	40200000	10546
A09	40000001	41000000	10018
A09	40800001	41800000	10850
A09	41600001	42600000	12489
A09	42400001	43400000	10914
A09	43200001	44200000	12087
A09	44000001	45000000	11299
A09	44800001	45800000	10383
A09	45600001	46600000	10573
A09	46400001	47400000	11000
A09	47200001	48200000	9064
A09	48000001	49000000	7977
A09	48800001	49800000	9653
A09	49600001	50600000	9762
A09	50400001	51400000	11748
A09	51200001	52200000	10579
A09	52000001	53000000	7192
A09	52800001	53800000	8030
A09	53600001	54600000	10107
A09	54400001	55400000	6755
A09	55200001	56200000	5879
A09	56000001	57000000	9435
A09	56800001	57800000	7840
A09	57600001	58600000	6491
A09	58400001	59400000	6026
A09	59200001	60200000	6197
A09	60000001	61000000	5513
A09	60800001	61800000	6728
A09	61600001	62600000	8199
A09	62400001	63400000	5872
A09	63200001	64200000	6337
A09	64000001	65000000	5660
A09	64800001	65800000	4392
A09	65600001	66600000	6548
A09	66400001	67400000	5429
A09	67200001	68200000	3358
A09	68000001	69000000	3546
A09	68800001	69800000	2481
A09	69600001	70600000	2407
A09	70400001	71400000	3232
A09	71200001	72200000	3186
A09	72000001	73000000	2298
A09	72800001	73800000	2007
A09	73600001	74600000	3196
A09	74400001	74999931	1090
A10	1	1000000	2436
A10	800001	1800000	4025
A10	1600001	2600000	2373
A10	2400001	3400000	2427
A10	3200001	4200000	4193
A10	4000001	5000000	5148
A10	4800001	5800000	5854
A10	5600001	6600000	7416
A10	6400001	7400000	7983
A10	7200001	8200000	10995
A10	8000001	9000000	11894
A10	8800001	9800000	10290
A10	9600001	10600000	8822
A10	10400001	11400000	8460
A10	11200001	12200000	6797
A10	12000001	13000000	5302
A10	12800001	13800000	8732
A10	13600001	14600000	10860
A10	14400001	15400000	10216
A10	15200001	16200000	10338
A10	16000001	17000000	9607
A10	16800001	17800000	9796
A10	17600001	18600000	9668
A10	18400001	19400000	9686
A10	19200001	20200000	12169
A10	20000001	21000000	7370
A10	20800001	21800000	9516
A10	21600001	22600000	10328
A10	22400001	23400000	9160
A10	23200001	24200000	7582
A10	24000001	25000000	8133
A10	24800001	25800000	10130
A10	25600001	26600000	9047
A10	26400001	27400000	8753
A10	27200001	28200000	9255
A10	28000001	29000000	11090
A10	28800001	29800000	9205
A10	29600001	30600000	8527
A10	30400001	31400000	7702
A10	31200001	32200000	9796
A10	32000001	33000000	9169
A10	32800001	33800000	7691
A10	33600001	34600000	11605
A10	34400001	35400000	12409
A10	35200001	36200000	9132
A10	36000001	37000000	7103
A10	36800001	37800000	8518
A10	37600001	38600000	8416
A10	38400001	39400000	10177
A10	39200001	40200000	8942
A10	40000001	41000000	9197
A10	40800001	41800000	7527
A10	41600001	42600000	8992
A10	42400001	43400000	10445
A10	43200001	44200000	8684
A10	44000001	45000000	8705
A10	44800001	45800000	9561
A10	45600001	46600000	10284
A10	46400001	47400000	8936
A10	47200001	48200000	11438
A10	48000001	49000000	10097
A10	48800001	49800000	10077
A10	49600001	50600000	11659
A10	50400001	51400000	10041
A10	51200001	52200000	9880
A10	52000001	53000000	10327
A10	52800001	53800000	8061
A10	53600001	54600000	8982
A10	54400001	55400000	9433
A10	55200001	56200000	7089
A10	56000001	57000000	8939
A10	56800001	57800000	9026
A10	57600001	58600000	11107
A10	58400001	59400000	10060
A10	59200001	60200000	10630
A10	60000001	61000000	11291
A10	60800001	61800000	11402
A10	61600001	62600000	11195
A10	62400001	63400000	8589
A10	63200001	64200000	10348
A10	64000001	65000000	8958
A10	64800001	65800000	9342
A10	65600001	66600000	9797
A10	66400001	67400000	10340
A10	67200001	68200000	7930
A10	68000001	69000000	10562
A10	68800001	69800000	10084
A10	69600001	70600000	10114
A10	70400001	71400000	9855
A10	71200001	72200000	9825
A10	72000001	73000000	9131
A10	72800001	73800000	9158
A10	73600001	74600000	9524
A10	74400001	75400000	8386
A10	75200001	76200000	8900
A10	76000001	77000000	9500
A10	76800001	77800000	10397
A10	77600001	78600000	11465
A10	78400001	79400000	10887
A10	79200001	80200000	11985
A10	80000001	81000000	11707
A10	80800001	81800000	8866
A10	81600001	82600000	11501
A10	82400001	83400000	11900
A10	83200001	84200000	9941
A10	84000001	85000000	10656
A10	84800001	85800000	7117
A10	85600001	86600000	8675
A10	86400001	87400000	9262
A10	87200001	88200000	8382
A10	88000001	89000000	9173
A10	88800001	89800000	10576
A10	89600001	90600000	8805
A10	90400001	91400000	7313
A10	91200001	92200000	7396
A10	92000001	93000000	8183
A10	92800001	93800000	8180
A10	93600001	94600000	8585
A10	94400001	95400000	5936
A10	95200001	96200000	6060
A10	96000001	97000000	4474
A10	96800001	97800000	6072
A10	97600001	98600000	6551
A10	98400001	99400000	6709
A10	99200001	100200000	5146
A10	100000001	101000000	3926
A10	100800001	100866604	61
A11	1	1000000	3465
A11	800001	1800000	2830
A11	1600001	2600000	2581
A11	2400001	3400000	2496
A11	3200001	4200000	3334
A11	4000001	5000000	3149
A11	4800001	5800000	3925
A11	5600001	6600000	3116
A11	6400001	7400000	4309
A11	7200001	8200000	2812
A11	8000001	9000000	4250
A11	8800001	9800000	6177
A11	9600001	10600000	5993
A11	10400001	11400000	5328
A11	11200001	12200000	5240
A11	12000001	13000000	6229
A11	12800001	13800000	7705
A11	13600001	14600000	8456
A11	14400001	15400000	6414
A11	15200001	16200000	6867
A11	16000001	17000000	8987
A11	16800001	17800000	6376
A11	17600001	18600000	7609
A11	18400001	19400000	9485
A11	19200001	20200000	8745
A11	20000001	21000000	8342
A11	20800001	21800000	9693
A11	21600001	22600000	7384
A11	22400001	23400000	8935
A11	23200001	24200000	9432
A11	24000001	25000000	10057
A11	24800001	25800000	9079
A11	25600001	26600000	10437
A11	26400001	27400000	11215
A11	27200001	28200000	10765
A11	28000001	29000000	9634
A11	28800001	29800000	9415
A11	29600001	30600000	10510
A11	30400001	31400000	8372
A11	31200001	32200000	9770
A11	32000001	33000000	10226
A11	32800001	33800000	9837
A11	33600001	34600000	9414
A11	34400001	35400000	8663
A11	35200001	36200000	9393
A11	36000001	37000000	11311
A11	36800001	37800000	11807
A11	37600001	38600000	8686
A11	38400001	39400000	8277
A11	39200001	40200000	7590
A11	40000001	41000000	11169
A11	40800001	41800000	7852
A11	41600001	42600000	7924
A11	42400001	43400000	11194
A11	43200001	44200000	10925
A11	44000001	45000000	8635
A11	44800001	45800000	7624
A11	45600001	46600000	10736
A11	46400001	47400000	10415
A11	47200001	48200000	9537
A11	48000001	49000000	8002
A11	48800001	49800000	9799
A11	49600001	50600000	9713
A11	50400001	51400000	9573
A11	51200001	52200000	9619
A11	52000001	53000000	11294
A11	52800001	53800000	10174
A11	53600001	54600000	9171
A11	54400001	55400000	8026
A11	55200001	56200000	7935
A11	56000001	57000000	9669
A11	56800001	57800000	8581
A11	57600001	58600000	9353
A11	58400001	59400000	8705
A11	59200001	60200000	9226
A11	60000001	61000000	11870
A11	60800001	61800000	9704
A11	61600001	62600000	9208
A11	62400001	63400000	10482
A11	63200001	64200000	10675
A11	64000001	65000000	10594
A11	64800001	65800000	10673
A11	65600001	66600000	9662
A11	66400001	67400000	8505
A11	67200001	68200000	10603
A11	68000001	69000000	11218
A11	68800001	69800000	12089
A11	69600001	70600000	8920
A11	70400001	71400000	10000
A11	71200001	72200000	8676
A11	72000001	73000000	10137
A11	72800001	73800000	10076
A11	73600001	74600000	8120
A11	74400001	75400000	9142
A11	75200001	76200000	9135
A11	76000001	77000000	7610
A11	76800001	77800000	9155
A11	77600001	78600000	10112
A11	78400001	79400000	9970
A11	79200001	80200000	10084
A11	80000001	81000000	8439
A11	80800001	81800000	7192
A11	81600001	82600000	8232
A11	82400001	83400000	6197
A11	83200001	84200000	5283
A11	84000001	85000000	7947
A11	84800001	85800000	7681
A11	85600001	86600000	8804
A11	86400001	87400000	7526
A11	87200001	88200000	6645
A11	88000001	89000000	4173
A11	88800001	89800000	5315
A11	89600001	90600000	6029
A11	90400001	91400000	5412
A11	91200001	92200000	5721
A11	92000001	93000000	4600
A11	92800001	93316192	1072
A12	1	1000000	4880
A12	800001	1800000	6046
A12	1600001	2600000	5479
A12	2400001	3400000	6531
A12	3200001	4200000	6580
A12	4000001	5000000	8157
A12	4800001	5800000	9792
A12	5600001	6600000	8506
A12	6400001	7400000	7238
A12	7200001	8200000	9067
A12	8000001	9000000	8159
A12	8800001	9800000	9117
A12	9600001	10600000	6898
A12	10400001	11400000	9892
A12	11200001	12200000	12131
A12	12000001	13000000	10109
A12	12800001	13800000	9043
A12	13600001	14600000	9343
A12	14400001	15400000	10090
A12	15200001	16200000	11180
A12	16000001	17000000	11171
A12	16800001	17800000	10504
A12	17600001	18600000	11382
A12	18400001	19400000	13080
A12	19200001	20200000	10102
A12	20000001	21000000	11343
A12	20800001	21800000	11535
A12	21600001	22600000	10446
A12	22400001	23400000	10752
A12	23200001	24200000	9855
A12	24000001	25000000	8049
A12	24800001	25800000	7221
A12	25600001	26600000	7760
A12	26400001	27400000	10693
A12	27200001	28200000	10054
A12	28000001	29000000	11159
A12	28800001	29800000	11734
A12	29600001	30600000	11097
A12	30400001	31400000	7981
A12	31200001	32200000	7533
A12	32000001	33000000	9386
A12	32800001	33800000	8694
A12	33600001	34600000	8234
A12	34400001	35400000	8141
A12	35200001	36200000	7212
A12	36000001	37000000	7343
A12	36800001	37800000	8434
A12	37600001	38600000	11272
A12	38400001	39400000	9690
A12	39200001	40200000	10635
A12	40000001	41000000	10284
A12	40800001	41800000	10309
A12	41600001	42600000	10687
A12	42400001	43400000	9948
A12	43200001	44200000	8930
A12	44000001	45000000	9092
A12	44800001	45800000	10474
A12	45600001	46600000	10026
A12	46400001	47400000	8356
A12	47200001	48200000	9819
A12	48000001	49000000	8557
A12	48800001	49800000	11124
A12	49600001	50600000	7479
A12	50400001	51400000	11835
A12	51200001	52200000	9458
A12	52000001	53000000	10395
A12	52800001	53800000	10131
A12	53600001	54600000	10335
A12	54400001	55400000	10998
A12	55200001	56200000	9856
A12	56000001	57000000	11029
A12	56800001	57800000	9877
A12	57600001	58600000	9733
A12	58400001	59400000	9846
A12	59200001	60200000	8602
A12	60000001	61000000	7717
A12	60800001	61800000	7761
A12	61600001	62600000	10565
A12	62400001	63400000	10440
A12	63200001	64200000	8324
A12	64000001	65000000	7373
A12	64800001	65800000	8058
A12	65600001	66600000	7134
A12	66400001	67400000	8351
A12	67200001	68200000	9481
A12	68000001	69000000	9286
A12	68800001	69800000	7991
A12	69600001	70600000	10208
A12	70400001	71400000	9899
A12	71200001	72200000	9478
A12	72000001	73000000	8343
A12	72800001	73800000	6827
A12	73600001	74600000	6074
A12	74400001	75400000	8289
A12	75200001	76200000	8786
A12	76000001	77000000	7400
A12	76800001	77800000	6686
A12	77600001	78600000	5004
A12	78400001	79400000	6009
A12	79200001	80200000	6453
A12	80000001	81000000	4627
A12	80800001	81800000	3239
A12	81600001	82600000	4383
A12	82400001	83400000	4412
A12	83200001	84200000	2864
A12	84000001	85000000	2577
A12	84800001	85800000	2496
A12	85600001	86600000	2620
A12	86400001	87400000	2271
A12	87200001	87484866	464
A13	1	1000000	4976
A13	800001	1800000	5323
A13	1600001	2600000	5735
A13	2400001	3400000	4788
A13	3200001	4200000	4973
A13	4000001	5000000	7006
A13	4800001	5800000	6640
A13	5600001	6600000	8896
A13	6400001	7400000	10039
A13	7200001	8200000	8466
A13	8000001	9000000	10305
A13	8800001	9800000	9383
A13	9600001	10600000	9754
A13	10400001	11400000	7065
A13	11200001	12200000	9119
A13	12000001	13000000	10518
A13	12800001	13800000	9214
A13	13600001	14600000	8564
A13	14400001	15400000	11155
A13	15200001	16200000	9717
A13	16000001	17000000	8914
A13	16800001	17800000	10296
A13	17600001	18600000	10281
A13	18400001	19400000	11003
A13	19200001	20200000	9106
A13	20000001	21000000	9655
A13	20800001	21800000	9864
A13	21600001	22600000	9381
A13	22400001	23400000	10253
A13	23200001	24200000	9828
A13	24000001	25000000	8884
A13	24800001	25800000	10074
A13	25600001	26600000	10260
A13	26400001	27400000	10887
A13	27200001	28200000	9600
A13	28000001	29000000	9185
A13	28800001	29800000	10171
A13	29600001	30600000	9344
A13	30400001	31400000	10360
A13	31200001	32200000	11444
A13	32000001	33000000	8287
A13	32800001	33800000	8985
A13	33600001	34600000	7247
A13	34400001	35400000	7348
A13	35200001	36200000	9737
A13	36000001	37000000	9767
A13	36800001	37800000	9922
A13	37600001	38600000	10818
A13	38400001	39400000	10075
A13	39200001	40200000	9732
A13	40000001	41000000	11079
A13	40800001	41800000	11415
A13	41600001	42600000	9162
A13	42400001	43400000	9314
A13	43200001	44200000	10306
A13	44000001	45000000	9990
A13	44800001	45800000	11470
A13	45600001	46600000	11148
A13	46400001	47400000	11715
A13	47200001	48200000	10446
A13	48000001	49000000	9946
A13	48800001	49800000	10128
A13	49600001	50600000	8401
A13	50400001	51400000	8999
A13	51200001	52200000	8215
A13	52000001	53000000	10344
A13	52800001	53800000	10111
A13	53600001	54600000	12361
A13	54400001	55400000	10500
A13	55200001	56200000	12340
A13	56000001	57000000	10173
A13	56800001	57800000	11412
A13	57600001	58600000	11237
A13	58400001	59400000	9787
A13	59200001	60200000	8394
A13	60000001	61000000	8183
A13	60800001	61800000	7833
A13	61600001	62600000	11343
A13	62400001	63400000	10341
A13	63200001	64200000	7974
A13	64000001	65000000	8888
A13	64800001	65800000	8404
A13	65600001	66600000	9709
A13	66400001	67400000	9115
A13	67200001	68200000	8605
A13	68000001	69000000	8122
A13	68800001	69800000	11086
A13	69600001	70600000	9776
A13	70400001	71400000	8821
A13	71200001	72200000	9301
A13	72000001	73000000	8187
A13	72800001	73800000	5035
A13	73600001	74600000	7751
A13	74400001	75400000	4999
A13	75200001	76200000	5043
A13	76000001	77000000	3907
A13	76800001	77800000	5679
A13	77600001	78600000	3702
A13	78400001	79400000	2207
A13	79200001	79961121	1872
D01	1	1000000	2793
D01	800001	1800000	3532
D01	1600001	2600000	4061
D01	2400001	3400000	4941
D01	3200001	4200000	5068
D01	4000001	5000000	5570
D01	4800001	5800000	5247
D01	5600001	6600000	6664
D01	6400001	7400000	8508
D01	7200001	8200000	8138
D01	8000001	9000000	6221
D01	8800001	9800000	6238
D01	9600001	10600000	7142
D01	10400001	11400000	8622
D01	11200001	12200000	11041
D01	12000001	13000000	10207
D01	12800001	13800000	9325
D01	13600001	14600000	6717
D01	14400001	15400000	8246
D01	15200001	16200000	9078
D01	16000001	17000000	10606
D01	16800001	17800000	9653
D01	17600001	18600000	9712
D01	18400001	19400000	10325
D01	19200001	20200000	10913
D01	20000001	21000000	11273
D01	20800001	21800000	10061
D01	21600001	22600000	10358
D01	22400001	23400000	10324
D01	23200001	24200000	11595
D01	24000001	25000000	9852
D01	24800001	25800000	9295
D01	25600001	26600000	8510
D01	26400001	27400000	9684
D01	27200001	28200000	9138
D01	28000001	29000000	9020
D01	28800001	29800000	10157
D01	29600001	30600000	10785
D01	30400001	31400000	10850
D01	31200001	32200000	9927
D01	32000001	33000000	9874
D01	32800001	33800000	8106
D01	33600001	34600000	9282
D01	34400001	35400000	8414
D01	35200001	36200000	10325
D01	36000001	37000000	8868
D01	36800001	37800000	8545
D01	37600001	38600000	10246
D01	38400001	39400000	10767
D01	39200001	40200000	10687
D01	40000001	41000000	9186
D01	40800001	41800000	9941
D01	41600001	42600000	8318
D01	42400001	43400000	10954
D01	43200001	44200000	10937
D01	44000001	45000000	10786
D01	44800001	45800000	9900
D01	45600001	46600000	9429
D01	46400001	47400000	9899
D01	47200001	48200000	10086
D01	48000001	49000000	11588
D01	48800001	49800000	10352
D01	49600001	50600000	8948
D01	50400001	51400000	9812
D01	51200001	52200000	9392
D01	52000001	53000000	8975
D01	52800001	53800000	8374
D01	53600001	54600000	8549
D01	54400001	55400000	8071
D01	55200001	56200000	8163
D01	56000001	57000000	7263
D01	56800001	57800000	6072
D01	57600001	58600000	6523
D01	58400001	59400000	6125
D01	59200001	60200000	5465
D01	60000001	61000000	4085
D01	60800001	61456009	1813
D02	1	1000000	2580
D02	800001	1800000	3407
D02	1600001	2600000	5195
D02	2400001	3400000	4049
D02	3200001	4200000	4203
D02	4000001	5000000	3684
D02	4800001	5800000	5045
D02	5600001	6600000	5476
D02	6400001	7400000	4072
D02	7200001	8200000	7082
D02	8000001	9000000	6993
D02	8800001	9800000	8761
D02	9600001	10600000	7670
D02	10400001	11400000	8709
D02	11200001	12200000	8060
D02	12000001	13000000	9371
D02	12800001	13800000	8281
D02	13600001	14600000	9274
D02	14400001	15400000	10335
D02	15200001	16200000	10145
D02	16000001	17000000	8175
D02	16800001	17800000	9273
D02	17600001	18600000	10982
D02	18400001	19400000	10662
D02	19200001	20200000	8315
D02	20000001	21000000	8504
D02	20800001	21800000	9715
D02	21600001	22600000	9801
D02	22400001	23400000	10457
D02	23200001	24200000	9262
D02	24000001	25000000	9413
D02	24800001	25800000	9677
D02	25600001	26600000	10938
D02	26400001	27400000	11090
D02	27200001	28200000	8730
D02	28000001	29000000	9642
D02	28800001	29800000	8679
D02	29600001	30600000	8419
D02	30400001	31400000	8342
D02	31200001	32200000	9114
D02	32000001	33000000	9175
D02	32800001	33800000	9433
D02	33600001	34600000	9202
D02	34400001	35400000	10225
D02	35200001	36200000	9623
D02	36000001	37000000	7931
D02	36800001	37800000	9677
D02	37600001	38600000	9441
D02	38400001	39400000	10819
D02	39200001	40200000	10758
D02	40000001	41000000	12813
D02	40800001	41800000	11263
D02	41600001	42600000	8824
D02	42400001	43400000	10017
D02	43200001	44200000	9877
D02	44000001	45000000	10426
D02	44800001	45800000	10836
D02	45600001	46600000	10331
D02	46400001	47400000	9605
D02	47200001	48200000	10822
D02	48000001	49000000	10503
D02	48800001	49800000	10733
D02	49600001	50600000	8519
D02	50400001	51400000	10523
D02	51200001	52200000	11400
D02	52000001	53000000	9350
D02	52800001	53800000	8781
D02	53600001	54600000	9724
D02	54400001	55400000	10618
D02	55200001	56200000	10288
D02	56000001	57000000	8324
D02	56800001	57800000	8878
D02	57600001	58600000	7544
D02	58400001	59400000	8570
D02	59200001	60200000	8659
D02	60000001	61000000	7295
D02	60800001	61800000	8196
D02	61600001	62600000	7753
D02	62400001	63400000	6315
D02	63200001	64200000	2963
D02	64000001	65000000	4358
D02	64800001	65800000	3779
D02	65600001	66600000	3323
D02	66400001	67400000	2007
D02	67200001	67284553	366
D03	1	1000000	2820
D03	800001	1800000	4236
D03	1600001	2600000	5751
D03	2400001	3400000	5757
D03	3200001	4200000	6511
D03	4000001	5000000	8389
D03	4800001	5800000	7829
D03	5600001	6600000	8024
D03	6400001	7400000	9750
D03	7200001	8200000	10871
D03	8000001	9000000	11260
D03	8800001	9800000	11164
D03	9600001	10600000	9602
D03	10400001	11400000	9481
D03	11200001	12200000	10627
D03	12000001	13000000	11591
D03	12800001	13800000	9869
D03	13600001	14600000	8100
D03	14400001	15400000	9651
D03	15200001	16200000	11423
D03	16000001	17000000	10231
D03	16800001	17800000	10534
D03	17600001	18600000	9744
D03	18400001	19400000	8506
D03	19200001	20200000	9090
D03	20000001	21000000	10173
D03	20800001	21800000	9898
D03	21600001	22600000	9747
D03	22400001	23400000	8777
D03	23200001	24200000	9206
D03	24000001	25000000	10050
D03	24800001	25800000	9776
D03	25600001	26600000	9924
D03	26400001	27400000	10390
D03	27200001	28200000	9653
D03	28000001	29000000	9837
D03	28800001	29800000	10367
D03	29600001	30600000	9535
D03	30400001	31400000	8884
D03	31200001	32200000	10583
D03	32000001	33000000	10805
D03	32800001	33800000	9876
D03	33600001	34600000	9477
D03	34400001	35400000	9069
D03	35200001	36200000	8491
D03	36000001	37000000	9173
D03	36800001	37800000	8319
D03	37600001	38600000	7577
D03	38400001	39400000	6161
D03	39200001	40200000	7384
D03	40000001	41000000	7494
D03	40800001	41800000	5956
D03	41600001	42600000	5926
D03	42400001	43400000	4442
D03	43200001	44200000	4254
D03	44000001	45000000	4954
D03	44800001	45800000	4480
D03	45600001	46600000	3439
D03	46400001	46690656	531
D04	1	1000000	4125
D04	800001	1800000	4888
D04	1600001	2600000	4791
D04	2400001	3400000	4427
D04	3200001	4200000	5379
D04	4000001	5000000	5031
D04	4800001	5800000	6740
D04	5600001	6600000	5836
D04	6400001	7400000	8557
D04	7200001	8200000	9109
D04	8000001	9000000	7747
D04	8800001	9800000	7850
D04	9600001	10600000	8067
D04	10400001	11400000	8359
D04	11200001	12200000	9539
D04	12000001	13000000	10547
D04	12800001	13800000	9743
D04	13600001	14600000	9829
D04	14400001	15400000	9639
D04	15200001	16200000	10107
D04	16000001	17000000	10156
D04	16800001	17800000	9031
D04	17600001	18600000	10587
D04	18400001	19400000	10122
D04	19200001	20200000	9004
D04	20000001	21000000	9194
D04	20800001	21800000	7428
D04	21600001	22600000	9410
D04	22400001	23400000	9165
D04	23200001	24200000	11091
D04	24000001	25000000	11206
D04	24800001	25800000	10320
D04	25600001	26600000	9949
D04	26400001	27400000	9156
D04	27200001	28200000	8302
D04	28000001	29000000	10163
D04	28800001	29800000	9547
D04	29600001	30600000	11406
D04	30400001	31400000	10941
D04	31200001	32200000	10895
D04	32000001	33000000	9938
D04	32800001	33800000	10814
D04	33600001	34600000	10273
D04	34400001	35400000	9687
D04	35200001	36200000	10268
D04	36000001	37000000	9359
D04	36800001	37800000	8963
D04	37600001	38600000	9947
D04	38400001	39400000	10293
D04	39200001	40200000	11323
D04	40000001	41000000	10085
D04	40800001	41800000	9914
D04	41600001	42600000	8019
D04	42400001	43400000	7944
D04	43200001	44200000	9318
D04	44000001	45000000	5890
D04	44800001	45800000	8025
D04	45600001	46600000	7986
D04	46400001	47400000	4997
D04	47200001	48200000	4914
D04	48000001	49000000	3728
D04	48800001	49800000	4233
D04	49600001	50600000	3753
D04	50400001	51400000	4113
D04	51200001	51454130	590
D05	1	1000000	2210
D05	800001	1800000	2295
D05	1600001	2600000	2378
D05	2400001	3400000	1805
D05	3200001	4200000	2257
D05	4000001	5000000	2177
D05	4800001	5800000	2272
D05	5600001	6600000	2495
D05	6400001	7400000	1704
D05	7200001	8200000	2341
D05	8000001	9000000	2108
D05	8800001	9800000	2312
D05	9600001	10600000	2715
D05	10400001	11400000	1768
D05	11200001	12200000	1851
D05	12000001	13000000	1814
D05	12800001	13800000	2743
D05	13600001	14600000	3829
D05	14400001	15400000	3332
D05	15200001	16200000	2858
D05	16000001	17000000	2807
D05	16800001	17800000	2449
D05	17600001	18600000	3006
D05	18400001	19400000	2964
D05	19200001	20200000	3628
D05	20000001	21000000	4906
D05	20800001	21800000	3200
D05	21600001	22600000	4485
D05	22400001	23400000	5025
D05	23200001	24200000	4494
D05	24000001	25000000	4708
D05	24800001	25800000	5433
D05	25600001	26600000	4877
D05	26400001	27400000	5878
D05	27200001	28200000	5976
D05	28000001	29000000	7238
D05	28800001	29800000	8222
D05	29600001	30600000	9217
D05	30400001	31400000	9394
D05	31200001	32200000	6371
D05	32000001	33000000	7730
D05	32800001	33800000	8812
D05	33600001	34600000	10373
D05	34400001	35400000	9929
D05	35200001	36200000	10074
D05	36000001	37000000	9139
D05	36800001	37800000	9370
D05	37600001	38600000	9592
D05	38400001	39400000	9329
D05	39200001	40200000	7219
D05	40000001	41000000	8480
D05	40800001	41800000	10498
D05	41600001	42600000	11284
D05	42400001	43400000	9847
D05	43200001	44200000	10574
D05	44000001	45000000	10544
D05	44800001	45800000	10714
D05	45600001	46600000	9943
D05	46400001	47400000	11136
D05	47200001	48200000	9595
D05	48000001	49000000	8857
D05	48800001	49800000	9713
D05	49600001	50600000	9207
D05	50400001	51400000	7834
D05	51200001	52200000	10209
D05	52000001	53000000	8034
D05	52800001	53800000	5438
D05	53600001	54600000	7376
D05	54400001	55400000	8127
D05	55200001	56200000	7262
D05	56000001	57000000	9623
D05	56800001	57800000	6765
D05	57600001	58600000	8276
D05	58400001	59400000	8404
D05	59200001	60200000	3882
D05	60000001	61000000	6531
D05	60800001	61800000	6782
D05	61600001	61933047	1317
D06	1	1000000	3607
D06	800001	1800000	3975
D06	1600001	2600000	2930
D06	2400001	3400000	2921
D06	3200001	4200000	7903
D06	4000001	5000000	10490
D06	4800001	5800000	6675
D06	5600001	6600000	6468
D06	6400001	7400000	7995
D06	7200001	8200000	8561
D06	8000001	9000000	5981
D06	8800001	9800000	8408
D06	9600001	10600000	9600
D06	10400001	11400000	8198
D06	11200001	12200000	8722
D06	12000001	13000000	9475
D06	12800001	13800000	9418
D06	13600001	14600000	9317
D06	14400001	15400000	9788
D06	15200001	16200000	9880
D06	16000001	17000000	9384
D06	16800001	17800000	8748
D06	17600001	18600000	10397
D06	18400001	19400000	8634
D06	19200001	20200000	8641
D06	20000001	21000000	9625
D06	20800001	21800000	9938
D06	21600001	22600000	9498
D06	22400001	23400000	10080
D06	23200001	24200000	7482
D06	24000001	25000000	9483
D06	24800001	25800000	9420
D06	25600001	26600000	11128
D06	26400001	27400000	9537
D06	27200001	28200000	9299
D06	28000001	29000000	9247
D06	28800001	29800000	9222
D06	29600001	30600000	11036
D06	30400001	31400000	10821
D06	31200001	32200000	10679
D06	32000001	33000000	9209
D06	32800001	33800000	7789
D06	33600001	34600000	8794
D06	34400001	35400000	7051
D06	35200001	36200000	9134
D06	36000001	37000000	11458
D06	36800001	37800000	9388
D06	37600001	38600000	8273
D06	38400001	39400000	8349
D06	39200001	40200000	10405
D06	40000001	41000000	8240
D06	40800001	41800000	9765
D06	41600001	42600000	10223
D06	42400001	43400000	9799
D06	43200001	44200000	9750
D06	44000001	45000000	10381
D06	44800001	45800000	10317
D06	45600001	46600000	9751
D06	46400001	47400000	10602
D06	47200001	48200000	11041
D06	48000001	49000000	10184
D06	48800001	49800000	10221
D06	49600001	50600000	10313
D06	50400001	51400000	8694
D06	51200001	52200000	9617
D06	52000001	53000000	10097
D06	52800001	53800000	9344
D06	53600001	54600000	8631
D06	54400001	55400000	8965
D06	55200001	56200000	7578
D06	56000001	57000000	7789
D06	56800001	57800000	7342
D06	57600001	58600000	7566
D06	58400001	59400000	6172
D06	59200001	60200000	5033
D06	60000001	61000000	5843
D06	60800001	61800000	6300
D06	61600001	62600000	5288
D06	62400001	63400000	4631
D06	63200001	64200000	3649
D06	64000001	64294643	520
D07	1	1000000	2816
D07	800001	1800000	2615
D07	1600001	2600000	3407
D07	2400001	3400000	3294
D07	3200001	4200000	4023
D07	4000001	5000000	3524
D07	4800001	5800000	5007
D07	5600001	6600000	4680
D07	6400001	7400000	5623
D07	7200001	8200000	4926
D07	8000001	9000000	5447
D07	8800001	9800000	6395
D07	9600001	10600000	6901
D07	10400001	11400000	5611
D07	11200001	12200000	7323
D07	12000001	13000000	7881
D07	12800001	13800000	8285
D07	13600001	14600000	9556
D07	14400001	15400000	7218
D07	15200001	16200000	8534
D07	16000001	17000000	8388
D07	16800001	17800000	8778
D07	17600001	18600000	8680
D07	18400001	19400000	7270
D07	19200001	20200000	6822
D07	20000001	21000000	8565
D07	20800001	21800000	9095
D07	21600001	22600000	8730
D07	22400001	23400000	9540
D07	23200001	24200000	9865
D07	24000001	25000000	9424
D07	24800001	25800000	9648
D07	25600001	26600000	10235
D07	26400001	27400000	10031
D07	27200001	28200000	9136
D07	28000001	29000000	12269
D07	28800001	29800000	9514
D07	29600001	30600000	10322
D07	30400001	31400000	9415
D07	31200001	32200000	9192
D07	32000001	33000000	8636
D07	32800001	33800000	9266
D07	33600001	34600000	9348
D07	34400001	35400000	9664
D07	35200001	36200000	9019
D07	36000001	37000000	8754
D07	36800001	37800000	10198
D07	37600001	38600000	8987
D07	38400001	39400000	7440
D07	39200001	40200000	7358
D07	40000001	41000000	10260
D07	40800001	41800000	10995
D07	41600001	42600000	9375
D07	42400001	43400000	8344
D07	43200001	44200000	9962
D07	44000001	45000000	7837
D07	44800001	45800000	8083
D07	45600001	46600000	8997
D07	46400001	47400000	10802
D07	47200001	48200000	9906
D07	48000001	49000000	8814
D07	48800001	49800000	7333
D07	49600001	50600000	5779
D07	50400001	51400000	7322
D07	51200001	52200000	4885
D07	52000001	53000000	5971
D07	52800001	53800000	6105
D07	53600001	54600000	4839
D07	54400001	55400000	5084
D07	55200001	55312611	1063
D08	1	1000000	3841
D08	800001	1800000	3507
D08	1600001	2600000	4133
D08	2400001	3400000	4924
D08	3200001	4200000	5037
D08	4000001	5000000	5289
D08	4800001	5800000	4512
D08	5600001	6600000	6773
D08	6400001	7400000	8254
D08	7200001	8200000	8024
D08	8000001	9000000	8978
D08	8800001	9800000	8243
D08	9600001	10600000	8585
D08	10400001	11400000	10280
D08	11200001	12200000	9493
D08	12000001	13000000	9928
D08	12800001	13800000	11658
D08	13600001	14600000	11543
D08	14400001	15400000	10825
D08	15200001	16200000	10918
D08	16000001	17000000	10064
D08	16800001	17800000	10999
D08	17600001	18600000	10808
D08	18400001	19400000	10047
D08	19200001	20200000	10364
D08	20000001	21000000	9471
D08	20800001	21800000	8441
D08	21600001	22600000	10002
D08	22400001	23400000	8981
D08	23200001	24200000	9404
D08	24000001	25000000	8806
D08	24800001	25800000	8574
D08	25600001	26600000	5877
D08	26400001	27400000	7743
D08	27200001	28200000	7661
D08	28000001	29000000	7299
D08	28800001	29800000	9267
D08	29600001	30600000	8996
D08	30400001	31400000	9021
D08	31200001	32200000	10829
D08	32000001	33000000	9952
D08	32800001	33800000	10692
D08	33600001	34600000	10017
D08	34400001	35400000	9742
D08	35200001	36200000	9605
D08	36000001	37000000	9653
D08	36800001	37800000	10636
D08	37600001	38600000	10578
D08	38400001	39400000	9655
D08	39200001	40200000	10794
D08	40000001	41000000	10882
D08	40800001	41800000	10385
D08	41600001	42600000	9576
D08	42400001	43400000	10425
D08	43200001	44200000	8860
D08	44000001	45000000	9994
D08	44800001	45800000	10479
D08	45600001	46600000	10347
D08	46400001	47400000	8114
D08	47200001	48200000	7628
D08	48000001	49000000	8084
D08	48800001	49800000	8159
D08	49600001	50600000	6536
D08	50400001	51400000	7414
D08	51200001	52200000	9051
D08	52000001	53000000	7964
D08	52800001	53800000	5923
D08	53600001	54600000	7273
D08	54400001	55400000	7512
D08	55200001	56200000	9998
D08	56000001	57000000	7919
D08	56800001	57800000	7233
D08	57600001	58600000	5306
D08	58400001	59400000	5244
D08	59200001	60200000	3445
D08	60000001	61000000	5493
D08	60800001	61800000	5351
D08	61600001	62600000	5382
D08	62400001	63400000	4337
D08	63200001	64200000	2761
D08	64000001	65000000	2673
D08	64800001	65800000	2737
D08	65600001	65894135	572
D09	1	1000000	8026
D09	800001	1800000	7122
D09	1600001	2600000	6837
D09	2400001	3400000	7619
D09	3200001	4200000	8464
D09	4000001	5000000	8960
D09	4800001	5800000	9494
D09	5600001	6600000	8233
D09	6400001	7400000	9195
D09	7200001	8200000	6978
D09	8000001	9000000	7982
D09	8800001	9800000	10099
D09	9600001	10600000	10107
D09	10400001	11400000	8440
D09	11200001	12200000	9416
D09	12000001	13000000	9968
D09	12800001	13800000	11173
D09	13600001	14600000	9659
D09	14400001	15400000	11308
D09	15200001	16200000	6935
D09	16000001	17000000	7876
D09	16800001	17800000	9501
D09	17600001	18600000	9035
D09	18400001	19400000	9751
D09	19200001	20200000	8388
D09	20000001	21000000	10518
D09	20800001	21800000	10002
D09	21600001	22600000	9386
D09	22400001	23400000	10597
D09	23200001	24200000	9304
D09	24000001	25000000	10739
D09	24800001	25800000	9536
D09	25600001	26600000	9345
D09	26400001	27400000	11125
D09	27200001	28200000	9703
D09	28000001	29000000	8395
D09	28800001	29800000	7622
D09	29600001	30600000	9096
D09	30400001	31400000	7546
D09	31200001	32200000	6683
D09	32000001	33000000	5458
D09	32800001	33800000	5827
D09	33600001	34600000	6089
D09	34400001	35400000	6499
D09	35200001	36200000	5263
D09	36000001	37000000	4611
D09	36800001	37800000	4764
D09	37600001	38600000	4266
D09	38400001	39400000	4308
D09	39200001	40200000	4210
D09	40000001	41000000	5474
D09	40800001	41800000	4864
D09	41600001	42600000	2825
D09	42400001	43400000	3720
D09	43200001	44200000	3639
D09	44000001	45000000	4457
D09	44800001	45800000	4450
D09	45600001	46600000	3076
D09	46400001	47400000	2834
D09	47200001	48200000	1854
D09	48000001	49000000	2304
D09	48800001	49800000	2404
D09	49600001	50600000	2761
D09	50400001	50995436	1045
D10	1	1000000	2018
D10	800001	1800000	2334
D10	1600001	2600000	2991
D10	2400001	3400000	2931
D10	3200001	4200000	3636
D10	4000001	5000000	3440
D10	4800001	5800000	4834
D10	5600001	6600000	6824
D10	6400001	7400000	6963
D10	7200001	8200000	6012
D10	8000001	9000000	6074
D10	8800001	9800000	7778
D10	9600001	10600000	6547
D10	10400001	11400000	8269
D10	11200001	12200000	8227
D10	12000001	13000000	7327
D10	12800001	13800000	8284
D10	13600001	14600000	9133
D10	14400001	15400000	9632
D10	15200001	16200000	9145
D10	16000001	17000000	9185
D10	16800001	17800000	9396
D10	17600001	18600000	9084
D10	18400001	19400000	11722
D10	19200001	20200000	9808
D10	20000001	21000000	8037
D10	20800001	21800000	9715
D10	21600001	22600000	7743
D10	22400001	23400000	7974
D10	23200001	24200000	9948
D10	24000001	25000000	8817
D10	24800001	25800000	8395
D10	25600001	26600000	9522
D10	26400001	27400000	8917
D10	27200001	28200000	10512
D10	28000001	29000000	11317
D10	28800001	29800000	10891
D10	29600001	30600000	10245
D10	30400001	31400000	10860
D10	31200001	32200000	10406
D10	32000001	33000000	9218
D10	32800001	33800000	10292
D10	33600001	34600000	9434
D10	34400001	35400000	8974
D10	35200001	36200000	8986
D10	36000001	37000000	10029
D10	36800001	37800000	9035
D10	37600001	38600000	7354
D10	38400001	39400000	9830
D10	39200001	40200000	8964
D10	40000001	41000000	9855
D10	40800001	41800000	10536
D10	41600001	42600000	9885
D10	42400001	43400000	9811
D10	43200001	44200000	9769
D10	44000001	45000000	8701
D10	44800001	45800000	8995
D10	45600001	46600000	10305
D10	46400001	47400000	10538
D10	47200001	48200000	11158
D10	48000001	49000000	9182
D10	48800001	49800000	9263
D10	49600001	50600000	9064
D10	50400001	51400000	8029
D10	51200001	52200000	8067
D10	52000001	53000000	9087
D10	52800001	53800000	6842
D10	53600001	54600000	7502
D10	54400001	55400000	7938
D10	55200001	56200000	5561
D10	56000001	57000000	7107
D10	56800001	57800000	5602
D10	57600001	58600000	5161
D10	58400001	59400000	8110
D10	59200001	60200000	5474
D10	60000001	61000000	5055
D10	60800001	61800000	5341
D10	61600001	62600000	3792
D10	62400001	63400000	2447
D10	63200001	63374666	285
D11	1	1000000	3207
D11	800001	1800000	2658
D11	1600001	2600000	2064
D11	2400001	3400000	2355
D11	3200001	4200000	2667
D11	4000001	5000000	2932
D11	4800001	5800000	1754
D11	5600001	6600000	3288
D11	6400001	7400000	3946
D11	7200001	8200000	3693
D11	8000001	9000000	3874
D11	8800001	9800000	4991
D11	9600001	10600000	5295
D11	10400001	11400000	6079
D11	11200001	12200000	5497
D11	12000001	13000000	5370
D11	12800001	13800000	4939
D11	13600001	14600000	5375
D11	14400001	15400000	5799
D11	15200001	16200000	6312
D11	16000001	17000000	7130
D11	16800001	17800000	7597
D11	17600001	18600000	7884
D11	18400001	19400000	6397
D11	19200001	20200000	8310
D11	20000001	21000000	9026
D11	20800001	21800000	7793
D11	21600001	22600000	8435
D11	22400001	23400000	9079
D11	23200001	24200000	9022
D11	24000001	25000000	9382
D11	24800001	25800000	9591
D11	25600001	26600000	9460
D11	26400001	27400000	10445
D11	27200001	28200000	9052
D11	28000001	29000000	8969
D11	28800001	29800000	10800
D11	29600001	30600000	9918
D11	30400001	31400000	10439
D11	31200001	32200000	10563
D11	32000001	33000000	10035
D11	32800001	33800000	10035
D11	33600001	34600000	10248
D11	34400001	35400000	9824
D11	35200001	36200000	9349
D11	36000001	37000000	9905
D11	36800001	37800000	9894
D11	37600001	38600000	10586
D11	38400001	39400000	11066
D11	39200001	40200000	8262
D11	40000001	41000000	8037
D11	40800001	41800000	9827
D11	41600001	42600000	11142
D11	42400001	43400000	9479
D11	43200001	44200000	10678
D11	44000001	45000000	11467
D11	44800001	45800000	11201
D11	45600001	46600000	9770
D11	46400001	47400000	9179
D11	47200001	48200000	7934
D11	48000001	49000000	8049
D11	48800001	49800000	8629
D11	49600001	50600000	9021
D11	50400001	51400000	10223
D11	51200001	52200000	9683
D11	52000001	53000000	6978
D11	52800001	53800000	7358
D11	53600001	54600000	7260
D11	54400001	55400000	7556
D11	55200001	56200000	8082
D11	56000001	57000000	7816
D11	56800001	57800000	7086
D11	57600001	58600000	3768
D11	58400001	59400000	5740
D11	59200001	60200000	4678
D11	60000001	61000000	4378
D11	60800001	61800000	5136
D11	61600001	62600000	6327
D11	62400001	63400000	4396
D11	63200001	64200000	5182
D11	64000001	65000000	3724
D11	64800001	65800000	3037
D11	65600001	66087774	1230
D12	1	1000000	4721
D12	800001	1800000	4698
D12	1600001	2600000	4870
D12	2400001	3400000	5499
D12	3200001	4200000	5510
D12	4000001	5000000	7883
D12	4800001	5800000	8152
D12	5600001	6600000	7243
D12	6400001	7400000	7722
D12	7200001	8200000	8570
D12	8000001	9000000	8574
D12	8800001	9800000	10484
D12	9600001	10600000	9159
D12	10400001	11400000	8394
D12	11200001	12200000	8884
D12	12000001	13000000	9918
D12	12800001	13800000	10893
D12	13600001	14600000	10594
D12	14400001	15400000	9857
D12	15200001	16200000	10498
D12	16000001	17000000	10777
D12	16800001	17800000	10486
D12	17600001	18600000	10475
D12	18400001	19400000	9378
D12	19200001	20200000	9627
D12	20000001	21000000	10628
D12	20800001	21800000	10756
D12	21600001	22600000	9774
D12	22400001	23400000	9374
D12	23200001	24200000	7867
D12	24000001	25000000	10450
D12	24800001	25800000	9361
D12	25600001	26600000	10937
D12	26400001	27400000	11044
D12	27200001	28200000	9880
D12	28000001	29000000	8095
D12	28800001	29800000	10219
D12	29600001	30600000	9973
D12	30400001	31400000	10017
D12	31200001	32200000	9717
D12	32000001	33000000	9831
D12	32800001	33800000	9022
D12	33600001	34600000	10453
D12	34400001	35400000	8821
D12	35200001	36200000	7726
D12	36000001	37000000	8484
D12	36800001	37800000	7259
D12	37600001	38600000	8318
D12	38400001	39400000	8926
D12	39200001	40200000	6506
D12	40000001	41000000	7823
D12	40800001	41800000	7747
D12	41600001	42600000	8013
D12	42400001	43400000	7434
D12	43200001	44200000	6535
D12	44000001	45000000	7120
D12	44800001	45800000	7569
D12	45600001	46600000	7316
D12	46400001	47400000	5612
D12	47200001	48200000	5206
D12	48000001	49000000	7104
D12	48800001	49800000	6410
D12	49600001	50600000	4524
D12	50400001	51400000	5842
D12	51200001	52200000	5695
D12	52000001	53000000	5090
D12	52800001	53800000	4088
D12	53600001	54600000	3800
D12	54400001	55400000	5064
D12	55200001	56200000	3494
D12	56000001	57000000	3406
D12	56800001	57800000	2908
D12	57600001	58600000	2638
D12	58400001	59109837	2011
D13	1	1000000	2917
D13	800001	1800000	3831
D13	1600001	2600000	4044
D13	2400001	3400000	4210
D13	3200001	4200000	5708
D13	4000001	5000000	5462
D13	4800001	5800000	5623
D13	5600001	6600000	9716
D13	6400001	7400000	9769
D13	7200001	8200000	8489
D13	8000001	9000000	7943
D13	8800001	9800000	9738
D13	9600001	10600000	10584
D13	10400001	11400000	8012
D13	11200001	12200000	9318
D13	12000001	13000000	10383
D13	12800001	13800000	11352
D13	13600001	14600000	11074
D13	14400001	15400000	9788
D13	15200001	16200000	9788
D13	16000001	17000000	9550
D13	16800001	17800000	9737
D13	17600001	18600000	10826
D13	18400001	19400000	9671
D13	19200001	20200000	9932
D13	20000001	21000000	10637
D13	20800001	21800000	8994
D13	21600001	22600000	9421
D13	22400001	23400000	7749
D13	23200001	24200000	6292
D13	24000001	25000000	10794
D13	24800001	25800000	10077
D13	25600001	26600000	7557
D13	26400001	27400000	9024
D13	27200001	28200000	10130
D13	28000001	29000000	7649
D13	28800001	29800000	10667
D13	29600001	30600000	9431
D13	30400001	31400000	9393
D13	31200001	32200000	9922
D13	32000001	33000000	11071
D13	32800001	33800000	10428
D13	33600001	34600000	9632
D13	34400001	35400000	10651
D13	35200001	36200000	10258
D13	36000001	37000000	10338
D13	36800001	37800000	10128
D13	37600001	38600000	9816
D13	38400001	39400000	8568
D13	39200001	40200000	9781
D13	40000001	41000000	10702
D13	40800001	41800000	9421
D13	41600001	42600000	8258
D13	42400001	43400000	8006
D13	43200001	44200000	8747
D13	44000001	45000000	10581
D13	44800001	45800000	8578
D13	45600001	46600000	8461
D13	46400001	47400000	8929
D13	47200001	48200000	7170
D13	48000001	49000000	8313
D13	48800001	49800000	8766
D13	49600001	50600000	7574
D13	50400001	51400000	7778
D13	51200001	52200000	7992
D13	52000001	53000000	6927
D13	52800001	53800000	5079
D13	53600001	54600000	7001
D13	54400001	55400000	5320
D13	55200001	56200000	6103
D13	56000001	57000000	4646
D13	56800001	57800000	3099
D13	57600001	58600000	2919
D13	58400001	59400000	4113
D13	59200001	60200000	5092
D13	60000001	60534298	1517
