A01	1	1000000	4841
A01	800001	1800000	2446
A01	1600001	2600000	3474
A01	2400001	3400000	5053
A01	3200001	4200000	3668
A01	4000001	5000000	5078
A01	4800001	5800000	5211
A01	5600001	6600000	5654
A01	6400001	7400000	6345
A01	7200001	8200000	4861
A01	8000001	9000000	7750
A01	8800001	9800000	8309
A01	9600001	10600000	8327
A01	10400001	11400000	6423
A01	11200001	12200000	6292
A01	12000001	13000000	5690
A01	12800001	13800000	5164
A01	13600001	14600000	5457
A01	14400001	15400000	6567
A01	15200001	16200000	7466
A01	16000001	17000000	7227
A01	16800001	17800000	7474
A01	17600001	18600000	5939
A01	18400001	19400000	5728
A01	19200001	20200000	5426
A01	20000001	21000000	6924
A01	20800001	21800000	7268
A01	21600001	22600000	7812
A01	22400001	23400000	4907
A01	23200001	24200000	5573
A01	24000001	25000000	6134
A01	24800001	25800000	7090
A01	25600001	26600000	6470
A01	26400001	27400000	5993
A01	27200001	28200000	4760
A01	28000001	29000000	4891
A01	28800001	29800000	6571
A01	29600001	30600000	5176
A01	30400001	31400000	4719
A01	31200001	32200000	6409
A01	32000001	33000000	6360
A01	32800001	33800000	5594
A01	33600001	34600000	4974
A01	34400001	35400000	3666
A01	35200001	36200000	3876
A01	36000001	37000000	4207
A01	36800001	37800000	4071
A01	37600001	38600000	4711
A01	38400001	39400000	4618
A01	39200001	40200000	5745
A01	40000001	41000000	5534
A01	40800001	41800000	5436
A01	41600001	42600000	4520
A01	42400001	43400000	4021
A01	43200001	44200000	4619
A01	44000001	45000000	5243
A01	44800001	45800000	5273
A01	45600001	46600000	5110
A01	46400001	47400000	3927
A01	47200001	48200000	5442
A01	48000001	49000000	5197
A01	48800001	49800000	4225
A01	49600001	50600000	5327
A01	50400001	51400000	4473
A01	51200001	52200000	3983
A01	52000001	53000000	4173
A01	52800001	53800000	5301
A01	53600001	54600000	5337
A01	54400001	55400000	5238
A01	55200001	56200000	4897
A01	56000001	57000000	4263
A01	56800001	57800000	3941
A01	57600001	58600000	4676
A01	58400001	59400000	4408
A01	59200001	60200000	4653
A01	60000001	61000000	4814
A01	60800001	61800000	5002
A01	61600001	62600000	5181
A01	62400001	63400000	3758
A01	63200001	64200000	4647
A01	64000001	65000000	5255
A01	64800001	65800000	3550
A01	65600001	66600000	3872
A01	66400001	67400000	3410
A01	67200001	68200000	3640
A01	68000001	69000000	6078
A01	68800001	69800000	6139
A01	69600001	70600000	3979
A01	70400001	71400000	5750
A01	71200001	72200000	5478
A01	72000001	73000000	4380
A01	72800001	73800000	4778
A01	73600001	74600000	4509
A01	74400001	75400000	5830
A01	75200001	76200000	4577
A01	76000001	77000000	5410
A01	76800001	77800000	6106
A01	77600001	78600000	5658
A01	78400001	79400000	5874
A01	79200001	80200000	4380
A01	80000001	81000000	4455
A01	80800001	81800000	4619
A01	81600001	82600000	5270
A01	82400001	83400000	5135
A01	83200001	84200000	5202
A01	84000001	85000000	5159
A01	84800001	85800000	6051
A01	85600001	86600000	6092
A01	86400001	87400000	6725
A01	87200001	88200000	6151
A01	88000001	89000000	6900
A01	88800001	89800000	7938
A01	89600001	90600000	6141
A01	90400001	91400000	5414
A01	91200001	92200000	7263
A01	92000001	93000000	7094
A01	92800001	93800000	7040
A01	93600001	94600000	5985
A01	94400001	95400000	5864
A01	95200001	96200000	5526
A01	96000001	97000000	8003
A01	96800001	97800000	8569
A01	97600001	98600000	4767
A01	98400001	99400000	2834
A01	99200001	99884700	2928
A02	1	1000000	4367
A02	800001	1800000	1700
A02	1600001	2600000	4049
A02	2400001	3400000	3853
A02	3200001	4200000	4180
A02	4000001	5000000	8664
A02	4800001	5800000	6579
A02	5600001	6600000	6378
A02	6400001	7400000	5255
A02	7200001	8200000	5444
A02	8000001	9000000	8612
A02	8800001	9800000	8963
A02	9600001	10600000	8701
A02	10400001	11400000	6731
A02	11200001	12200000	7732
A02	12000001	13000000	7699
A02	12800001	13800000	6725
A02	13600001	14600000	6619
A02	14400001	15400000	6220
A02	15200001	16200000	5439
A02	16000001	17000000	6737
A02	16800001	17800000	6002
A02	17600001	18600000	6672
A02	18400001	19400000	5561
A02	19200001	20200000	6460
A02	20000001	21000000	5860
A02	20800001	21800000	6298
A02	21600001	22600000	5188
A02	22400001	23400000	4408
A02	23200001	24200000	5373
A02	24000001	25000000	4665
A02	24800001	25800000	4874
A02	25600001	26600000	5041
A02	26400001	27400000	4802
A02	27200001	28200000	4821
A02	28000001	29000000	4076
A02	28800001	29800000	5479
A02	29600001	30600000	4681
A02	30400001	31400000	4662
A02	31200001	32200000	5055
A02	32000001	33000000	5947
A02	32800001	33800000	4421
A02	33600001	34600000	4805
A02	34400001	35400000	5108
A02	35200001	36200000	4354
A02	36000001	37000000	4905
A02	36800001	37800000	5046
A02	37600001	38600000	5306
A02	38400001	39400000	5509
A02	39200001	40200000	4820
A02	40000001	41000000	4727
A02	40800001	41800000	4525
A02	41600001	42600000	5759
A02	42400001	43400000	6333
A02	43200001	44200000	5934
A02	44000001	45000000	4695
A02	44800001	45800000	5160
A02	45600001	46600000	5065
A02	46400001	47400000	4622
A02	47200001	48200000	4270
A02	48000001	49000000	4411
A02	48800001	49800000	4042
A02	49600001	50600000	5268
A02	50400001	51400000	4521
A02	51200001	52200000	5606
A02	52000001	53000000	4232
A02	52800001	53800000	5069
A02	53600001	54600000	4309
A02	54400001	55400000	5059
A02	55200001	56200000	5041
A02	56000001	57000000	4556
A02	56800001	57800000	4283
A02	57600001	58600000	5221
A02	58400001	59400000	4225
A02	59200001	60200000	5754
A02	60000001	61000000	4618
A02	60800001	61800000	5349
A02	61600001	62600000	5579
A02	62400001	63400000	5227
A02	63200001	64200000	4302
A02	64000001	65000000	4368
A02	64800001	65800000	5080
A02	65600001	66600000	5509
A02	66400001	67400000	6203
A02	67200001	68200000	4523
A02	68000001	69000000	4376
A02	68800001	69800000	5997
A02	69600001	70600000	4303
A02	70400001	71400000	6118
A02	71200001	72200000	6078
A02	72000001	73000000	6585
A02	72800001	73800000	7374
A02	73600001	74600000	8503
A02	74400001	75400000	7710
A02	75200001	76200000	7539
A02	76000001	77000000	7437
A02	76800001	77800000	6793
A02	77600001	78600000	6082
A02	78400001	79400000	4336
A02	79200001	80200000	5642
A02	80000001	81000000	6480
A02	80800001	81800000	5095
A02	81600001	82600000	4337
A02	82400001	83400000	1704
A02	83200001	83447906	253
A03	1	1000000	8415
A03	800001	1800000	3791
A03	1600001	2600000	3292
A03	2400001	3400000	2826
A03	3200001	4200000	4167
A03	4000001	5000000	6826
A03	4800001	5800000	7392
A03	5600001	6600000	6658
A03	6400001	7400000	5392
A03	7200001	8200000	7475
A03	8000001	9000000	6717
A03	8800001	9800000	6816
A03	9600001	10600000	5617
A03	10400001	11400000	5768
A03	11200001	12200000	5981
A03	12000001	13000000	7052
A03	12800001	13800000	7238
A03	13600001	14600000	7038
A03	14400001	15400000	7828
A03	15200001	16200000	7262
A03	16000001	17000000	5755
A03	16800001	17800000	7805
A03	17600001	18600000	7957
A03	18400001	19400000	5676
A03	19200001	20200000	4582
A03	20000001	21000000	5209
A03	20800001	21800000	5293
A03	21600001	22600000	3826
A03	22400001	23400000	4755
A03	23200001	24200000	3839
A03	24000001	25000000	4685
A03	24800001	25800000	4241
A03	25600001	26600000	4145
A03	26400001	27400000	4051
A03	27200001	28200000	5119
A03	28000001	29000000	3724
A03	28800001	29800000	4212
A03	29600001	30600000	4128
A03	30400001	31400000	4512
A03	31200001	32200000	3757
A03	32000001	33000000	5369
A03	32800001	33800000	6080
A03	33600001	34600000	3825
A03	34400001	35400000	4184
A03	35200001	36200000	2072
A03	36000001	37000000	4119
A03	36800001	37800000	4077
A03	37600001	38600000	4364
A03	38400001	39400000	4911
A03	39200001	40200000	5105
A03	40000001	41000000	4813
A03	40800001	41800000	4041
A03	41600001	42600000	4225
A03	42400001	43400000	4111
A03	43200001	44200000	5340
A03	44000001	45000000	5586
A03	44800001	45800000	5427
A03	45600001	46600000	4643
A03	46400001	47400000	4102
A03	47200001	48200000	4334
A03	48000001	49000000	5176
A03	48800001	49800000	4638
A03	49600001	50600000	3196
A03	50400001	51400000	3027
A03	51200001	52200000	3539
A03	52000001	53000000	3171
A03	52800001	53800000	3443
A03	53600001	54600000	3529
A03	54400001	55400000	3398
A03	55200001	56200000	4222
A03	56000001	57000000	4969
A03	56800001	57800000	5402
A03	57600001	58600000	5418
A03	58400001	59400000	5931
A03	59200001	60200000	5873
A03	60000001	61000000	5238
A03	60800001	61800000	4589
A03	61600001	62600000	5301
A03	62400001	63400000	5684
A03	63200001	64200000	6015
A03	64000001	65000000	6087
A03	64800001	65800000	5780
A03	65600001	66600000	6990
A03	66400001	67400000	5358
A03	67200001	68200000	4917
A03	68000001	69000000	5106
A03	68800001	69800000	4628
A03	69600001	70600000	3802
A03	70400001	71400000	4508
A03	71200001	72200000	4845
A03	72000001	73000000	6680
A03	72800001	73800000	4622
A03	73600001	74600000	5841
A03	74400001	75400000	5016
A03	75200001	76200000	5566
A03	76000001	77000000	5334
A03	76800001	77800000	5151
A03	77600001	78600000	5217
A03	78400001	79400000	6024
A03	79200001	80200000	6191
A03	80000001	81000000	4543
A03	80800001	81800000	6803
A03	81600001	82600000	8581
A03	82400001	83400000	6657
A03	83200001	84200000	5745
A03	84000001	85000000	5423
A03	84800001	85800000	5362
A03	85600001	86600000	7424
A03	86400001	87400000	5726
A03	87200001	88200000	6137
A03	88000001	89000000	6848
A03	88800001	89800000	8157
A03	89600001	90600000	7477
A03	90400001	91400000	5749
A03	91200001	92200000	6034
A03	92000001	93000000	6579
A03	92800001	93800000	8175
A03	93600001	94600000	7208
A03	94400001	95400000	5184
A03	95200001	96200000	4706
A03	96000001	97000000	5235
A03	96800001	97800000	3189
A03	97600001	98600000	4141
A03	98400001	99400000	2927
A03	99200001	100200000	1899
A03	100000001	100263045	822
A04	1	1000000	7304
A04	800001	1800000	3623
A04	1600001	2600000	4257
A04	2400001	3400000	5033
A04	3200001	4200000	3811
A04	4000001	5000000	4728
A04	4800001	5800000	6325
A04	5600001	6600000	5249
A04	6400001	7400000	4793
A04	7200001	8200000	6530
A04	8000001	9000000	6385
A04	8800001	9800000	5583
A04	9600001	10600000	6006
A04	10400001	11400000	4653
A04	11200001	12200000	4903
A04	12000001	13000000	6329
A04	12800001	13800000	5501
A04	13600001	14600000	4775
A04	14400001	15400000	5894
A04	15200001	16200000	5145
A04	16000001	17000000	4703
A04	16800001	17800000	4953
A04	17600001	18600000	4259
A04	18400001	19400000	4428
A04	19200001	20200000	4342
A04	20000001	21000000	4466
A04	20800001	21800000	3424
A04	21600001	22600000	4361
A04	22400001	23400000	3060
A04	23200001	24200000	4490
A04	24000001	25000000	4679
A04	24800001	25800000	4815
A04	25600001	26600000	4742
A04	26400001	27400000	4630
A04	27200001	28200000	5900
A04	28000001	29000000	3980
A04	28800001	29800000	4013
A04	29600001	30600000	4401
A04	30400001	31400000	4455
A04	31200001	32200000	4347
A04	32000001	33000000	4672
A04	32800001	33800000	3528
A04	33600001	34600000	3597
A04	34400001	35400000	4812
A04	35200001	36200000	5249
A04	36000001	37000000	5031
A04	36800001	37800000	5252
A04	37600001	38600000	4670
A04	38400001	39400000	5981
A04	39200001	40200000	5506
A04	40000001	41000000	7232
A04	40800001	41800000	5259
A04	41600001	42600000	4060
A04	42400001	43400000	4267
A04	43200001	44200000	6303
A04	44000001	45000000	7017
A04	44800001	45800000	6081
A04	45600001	46600000	6022
A04	46400001	47400000	4677
A04	47200001	48200000	6558
A04	48000001	49000000	6809
A04	48800001	49800000	6686
A04	49600001	50600000	6101
A04	50400001	51400000	7958
A04	51200001	52200000	7538
A04	52000001	53000000	6761
A04	52800001	53800000	5884
A04	53600001	54600000	5453
A04	54400001	55400000	6100
A04	55200001	56200000	5814
A04	56000001	57000000	6885
A04	56800001	57800000	6496
A04	57600001	58600000	7267
A04	58400001	59400000	4407
A04	59200001	60200000	5956
A04	60000001	61000000	4175
A04	60800001	61800000	4002
A04	61600001	62600000	2756
A04	62400001	62913772	793
A05	1	1000000	4888
A05	800001	1800000	1660
A05	1600001	2600000	1767
A05	2400001	3400000	1824
A05	3200001	4200000	1215
A05	4000001	5000000	1719
A05	4800001	5800000	1159
A05	5600001	6600000	1589
A05	6400001	7400000	2069
A05	7200001	8200000	1299
A05	8000001	9000000	1446
A05	8800001	9800000	1643
A05	9600001	10600000	2498
A05	10400001	11400000	1842
A05	11200001	12200000	1961
A05	12000001	13000000	2353
A05	12800001	13800000	3069
A05	13600001	14600000	2707
A05	14400001	15400000	2189
A05	15200001	16200000	2813
A05	16000001	17000000	3445
A05	16800001	17800000	2185
A05	17600001	18600000	3106
A05	18400001	19400000	2182
A05	19200001	20200000	3775
A05	20000001	21000000	5569
A05	20800001	21800000	4321
A05	21600001	22600000	5464
A05	22400001	23400000	5750
A05	23200001	24200000	3595
A05	24000001	25000000	3662
A05	24800001	25800000	5571
A05	25600001	26600000	6907
A05	26400001	27400000	4885
A05	27200001	28200000	4995
A05	28000001	29000000	8568
A05	28800001	29800000	7156
A05	29600001	30600000	6315
A05	30400001	31400000	7905
A05	31200001	32200000	6943
A05	32000001	33000000	6776
A05	32800001	33800000	7710
A05	33600001	34600000	7352
A05	34400001	35400000	7692
A05	35200001	36200000	6587
A05	36000001	37000000	6106
A05	36800001	37800000	6831
A05	37600001	38600000	6929
A05	38400001	39400000	6657
A05	39200001	40200000	6274
A05	40000001	41000000	4673
A05	40800001	41800000	5562
A05	41600001	42600000	5384
A05	42400001	43400000	5783
A05	43200001	44200000	4840
A05	44000001	45000000	6592
A05	44800001	45800000	4596
A05	45600001	46600000	4410
A05	46400001	47400000	4870
A05	47200001	48200000	6571
A05	48000001	49000000	4358
A05	48800001	49800000	3767
A05	49600001	50600000	5173
A05	50400001	51400000	6406
A05	51200001	52200000	5600
A05	52000001	53000000	5126
A05	52800001	53800000	3298
A05	53600001	54600000	5505
A05	54400001	55400000	5364
A05	55200001	56200000	6669
A05	56000001	57000000	4579
A05	56800001	57800000	5645
A05	57600001	58600000	5208
A05	58400001	59400000	4151
A05	59200001	60200000	3270
A05	60000001	61000000	4029
A05	60800001	61800000	5606
A05	61600001	62600000	12993
A05	62400001	63400000	4661
A05	63200001	64200000	3370
A05	64000001	65000000	5245
A05	64800001	65800000	5440
A05	65600001	66600000	4407
A05	66400001	67400000	5490
A05	67200001	68200000	4542
A05	68000001	69000000	4755
A05	68800001	69800000	6217
A05	69600001	70600000	7065
A05	70400001	71400000	6204
A05	71200001	72200000	5057
A05	72000001	73000000	6113
A05	72800001	73800000	7031
A05	73600001	74600000	5853
A05	74400001	75400000	5819
A05	75200001	76200000	5070
A05	76000001	77000000	6832
A05	76800001	77800000	9140
A05	77600001	78600000	6154
A05	78400001	79400000	6813
A05	79200001	80200000	7900
A05	80000001	81000000	7642
A05	80800001	81800000	6139
A05	81600001	82600000	6949
A05	82400001	83400000	8208
A05	83200001	84200000	5045
A05	84000001	85000000	8179
A05	84800001	85800000	6151
A05	85600001	86600000	5779
A05	86400001	87400000	7092
A05	87200001	88200000	4914
A05	88000001	89000000	4515
A05	88800001	89800000	4105
A05	89600001	90600000	5513
A05	90400001	91400000	2516
A05	91200001	92200000	1968
A05	92000001	92047023	203
A06	1	1000000	5132
A06	800001	1800000	5056
A06	1600001	2600000	5433
A06	2400001	3400000	5312
A06	3200001	4200000	6007
A06	4000001	5000000	7974
A06	4800001	5800000	7544
A06	5600001	6600000	7064
A06	6400001	7400000	5748
A06	7200001	8200000	8366
A06	8000001	9000000	7031
A06	8800001	9800000	5599
A06	9600001	10600000	6200
A06	10400001	11400000	5857
A06	11200001	12200000	6117
A06	12000001	13000000	6394
A06	12800001	13800000	4914
A06	13600001	14600000	5761
A06	14400001	15400000	5508
A06	15200001	16200000	6639
A06	16000001	17000000	6726
A06	16800001	17800000	5466
A06	17600001	18600000	6884
A06	18400001	19400000	7601
A06	19200001	20200000	6414
A06	20000001	21000000	6749
A06	20800001	21800000	6234
A06	21600001	22600000	5409
A06	22400001	23400000	5470
A06	23200001	24200000	5305
A06	24000001	25000000	5557
A06	24800001	25800000	4982
A06	25600001	26600000	3704
A06	26400001	27400000	5697
A06	27200001	28200000	5756
A06	28000001	29000000	6064
A06	28800001	29800000	6404
A06	29600001	30600000	4795
A06	30400001	31400000	6092
A06	31200001	32200000	6462
A06	32000001	33000000	5734
A06	32800001	33800000	6128
A06	33600001	34600000	6315
A06	34400001	35400000	5081
A06	35200001	36200000	6033
A06	36000001	37000000	5918
A06	36800001	37800000	5846
A06	37600001	38600000	6110
A06	38400001	39400000	4578
A06	39200001	40200000	5995
A06	40000001	41000000	4477
A06	40800001	41800000	4852
A06	41600001	42600000	4676
A06	42400001	43400000	5480
A06	43200001	44200000	4364
A06	44000001	45000000	3779
A06	44800001	45800000	5282
A06	45600001	46600000	3503
A06	46400001	47400000	3397
A06	47200001	48200000	4021
A06	48000001	49000000	4425
A06	48800001	49800000	5262
A06	49600001	50600000	4797
A06	50400001	51400000	4215
A06	51200001	52200000	4402
A06	52000001	53000000	3869
A06	52800001	53800000	3301
A06	53600001	54600000	3453
A06	54400001	55400000	3760
A06	55200001	56200000	3883
A06	56000001	57000000	3347
A06	56800001	57800000	3835
A06	57600001	58600000	4273
A06	58400001	59400000	4786
A06	59200001	60200000	3980
A06	60000001	61000000	3865
A06	60800001	61800000	4148
A06	61600001	62600000	2809
A06	62400001	63400000	3766
A06	63200001	64200000	4511
A06	64000001	65000000	4350
A06	64800001	65800000	4037
A06	65600001	66600000	5045
A06	66400001	67400000	4886
A06	67200001	68200000	4862
A06	68000001	69000000	5202
A06	68800001	69800000	3518
A06	69600001	70600000	4560
A06	70400001	71400000	3604
A06	71200001	72200000	3885
A06	72000001	73000000	3655
A06	72800001	73800000	4594
A06	73600001	74600000	3443
A06	74400001	75400000	4830
A06	75200001	76200000	4588
A06	76000001	77000000	5393
A06	76800001	77800000	5154
A06	77600001	78600000	5156
A06	78400001	79400000	5340
A06	79200001	80200000	5141
A06	80000001	81000000	4221
A06	80800001	81800000	5121
A06	81600001	82600000	4376
A06	82400001	83400000	4547
A06	83200001	84200000	4531
A06	84000001	85000000	4422
A06	84800001	85800000	4671
A06	85600001	86600000	4686
A06	86400001	87400000	5027
A06	87200001	88200000	5217
A06	88000001	89000000	7075
A06	88800001	89800000	6305
A06	89600001	90600000	6558
A06	90400001	91400000	6559
A06	91200001	92200000	6574
A06	92000001	93000000	6218
A06	92800001	93800000	6046
A06	93600001	94600000	6150
A06	94400001	95400000	6307
A06	95200001	96200000	6702
A06	96000001	97000000	6894
A06	96800001	97800000	6923
A06	97600001	98600000	6746
A06	98400001	99400000	8278
A06	99200001	100200000	6284
A06	100000001	101000000	6887
A06	100800001	101800000	5283
A06	101600001	102600000	2082
A06	102400001	103170444	1636
A07	1	1000000	5067
A07	800001	1800000	2050
A07	1600001	2600000	2477
A07	2400001	3400000	4140
A07	3200001	4200000	3575
A07	4000001	5000000	1728
A07	4800001	5800000	4174
A07	5600001	6600000	5082
A07	6400001	7400000	6840
A07	7200001	8200000	5292
A07	8000001	9000000	5490
A07	8800001	9800000	7546
A07	9600001	10600000	9193
A07	10400001	11400000	9725
A07	11200001	12200000	8099
A07	12000001	13000000	5690
A07	12800001	13800000	5708
A07	13600001	14600000	6220
A07	14400001	15400000	10298
A07	15200001	16200000	8429
A07	16000001	17000000	5617
A07	16800001	17800000	6508
A07	17600001	18600000	7493
A07	18400001	19400000	8078
A07	19200001	20200000	8146
A07	20000001	21000000	7913
A07	20800001	21800000	7904
A07	21600001	22600000	8278
A07	22400001	23400000	6089
A07	23200001	24200000	7867
A07	24000001	25000000	7810
A07	24800001	25800000	6514
A07	25600001	26600000	6131
A07	26400001	27400000	7086
A07	27200001	28200000	9742
A07	28000001	29000000	8141
A07	28800001	29800000	6742
A07	29600001	30600000	8233
A07	30400001	31400000	6802
A07	31200001	32200000	5647
A07	32000001	33000000	6079
A07	32800001	33800000	7024
A07	33600001	34600000	5994
A07	34400001	35400000	5311
A07	35200001	36200000	5523
A07	36000001	37000000	4438
A07	36800001	37800000	5199
A07	37600001	38600000	6037
A07	38400001	39400000	6812
A07	39200001	40200000	5964
A07	40000001	41000000	6275
A07	40800001	41800000	5878
A07	41600001	42600000	4429
A07	42400001	43400000	3836
A07	43200001	44200000	4056
A07	44000001	45000000	6270
A07	44800001	45800000	6725
A07	45600001	46600000	5321
A07	46400001	47400000	3628
A07	47200001	48200000	4480
A07	48000001	49000000	4394
A07	48800001	49800000	3133
A07	49600001	50600000	4248
A07	50400001	51400000	4227
A07	51200001	52200000	4590
A07	52000001	53000000	4740
A07	52800001	53800000	4345
A07	53600001	54600000	3993
A07	54400001	55400000	5483
A07	55200001	56200000	5712
A07	56000001	57000000	4224
A07	56800001	57800000	4672
A07	57600001	58600000	5028
A07	58400001	59400000	4023
A07	59200001	60200000	3403
A07	60000001	61000000	5154
A07	60800001	61800000	5306
A07	61600001	62600000	6438
A07	62400001	63400000	6256
A07	63200001	64200000	6169
A07	64000001	65000000	5895
A07	64800001	65800000	6093
A07	65600001	66600000	6608
A07	66400001	67400000	4869
A07	67200001	68200000	6616
A07	68000001	69000000	10272
A07	68800001	69800000	7108
A07	69600001	70600000	5725
A07	70400001	71400000	7108
A07	71200001	72200000	5788
A07	72000001	73000000	5467
A07	72800001	73800000	4944
A07	73600001	74600000	7063
A07	74400001	75400000	4886
A07	75200001	76200000	6824
A07	76000001	77000000	3950
A07	76800001	77800000	4515
A07	77600001	78251018	3656
A08	1	1000000	4339
A08	800001	1800000	3899
A08	1600001	2600000	5624
A08	2400001	3400000	5656
A08	3200001	4200000	4137
A08	4000001	5000000	6430
A08	4800001	5800000	5907
A08	5600001	6600000	5610
A08	6400001	7400000	5896
A08	7200001	8200000	5753
A08	8000001	9000000	5208
A08	8800001	9800000	6300
A08	9600001	10600000	7523
A08	10400001	11400000	6034
A08	11200001	12200000	7674
A08	12000001	13000000	5988
A08	12800001	13800000	8041
A08	13600001	14600000	5841
A08	14400001	15400000	4831
A08	15200001	16200000	5346
A08	16000001	17000000	5135
A08	16800001	17800000	6031
A08	17600001	18600000	6184
A08	18400001	19400000	6543
A08	19200001	20200000	5213
A08	20000001	21000000	4709
A08	20800001	21800000	6502
A08	21600001	22600000	5310
A08	22400001	23400000	4707
A08	23200001	24200000	4535
A08	24000001	25000000	4766
A08	24800001	25800000	5023
A08	25600001	26600000	4518
A08	26400001	27400000	4368
A08	27200001	28200000	4144
A08	28000001	29000000	3572
A08	28800001	29800000	4290
A08	29600001	30600000	3914
A08	30400001	31400000	3308
A08	31200001	32200000	3494
A08	32000001	33000000	3933
A08	32800001	33800000	4376
A08	33600001	34600000	4781
A08	34400001	35400000	4600
A08	35200001	36200000	4857
A08	36000001	37000000	5167
A08	36800001	37800000	4151
A08	37600001	38600000	3776
A08	38400001	39400000	4763
A08	39200001	40200000	3869
A08	40000001	41000000	4536
A08	40800001	41800000	3927
A08	41600001	42600000	4492
A08	42400001	43400000	4951
A08	43200001	44200000	4015
A08	44000001	45000000	4272
A08	44800001	45800000	2793
A08	45600001	46600000	1780
A08	46400001	47400000	3446
A08	47200001	48200000	3941
A08	48000001	49000000	4328
A08	48800001	49800000	4348
A08	49600001	50600000	4555
A08	50400001	51400000	3438
A08	51200001	52200000	5359
A08	52000001	53000000	4855
A08	52800001	53800000	4702
A08	53600001	54600000	4017
A08	54400001	55400000	2075
A08	55200001	56200000	4371
A08	56000001	57000000	3968
A08	56800001	57800000	3974
A08	57600001	58600000	5723
A08	58400001	59400000	4946
A08	59200001	60200000	5892
A08	60000001	61000000	4528
A08	60800001	61800000	4774
A08	61600001	62600000	4094
A08	62400001	63400000	4025
A08	63200001	64200000	3925
A08	64000001	65000000	4741
A08	64800001	65800000	4952
A08	65600001	66600000	5832
A08	66400001	67400000	4858
A08	67200001	68200000	5568
A08	68000001	69000000	4940
A08	68800001	69800000	5477
A08	69600001	70600000	6696
A08	70400001	71400000	6750
A08	71200001	72200000	6530
A08	72000001	73000000	6326
A08	72800001	73800000	5439
A08	73600001	74600000	6066
A08	74400001	75400000	4532
A08	75200001	76200000	5202
A08	76000001	77000000	5574
A08	76800001	77800000	6310
A08	77600001	78600000	5831
A08	78400001	79400000	7378
A08	79200001	80200000	7432
A08	80000001	81000000	7823
A08	80800001	81800000	7423
A08	81600001	82600000	7533
A08	82400001	83400000	6758
A08	83200001	84200000	7290
A08	84000001	85000000	7526
A08	84800001	85800000	6151
A08	85600001	86600000	7361
A08	86400001	87400000	6767
A08	87200001	88200000	6547
A08	88000001	89000000	7265
A08	88800001	89800000	5996
A08	89600001	90600000	3500
A08	90400001	91400000	6769
A08	91200001	92200000	7817
A08	92000001	93000000	7226
A08	92800001	93800000	8500
A08	93600001	94600000	7897
A08	94400001	95400000	7577
A08	95200001	96200000	4230
A08	96000001	97000000	6570
A08	96800001	97800000	5126
A08	97600001	98600000	4793
A08	98400001	99400000	4897
A08	99200001	100200000	4888
A08	100000001	101000000	3214
A08	100800001	101800000	1351
A08	101600001	102600000	1623
A08	102400001	103400000	1756
A08	103200001	103626341	2191
A09	1	1000000	8115
A09	800001	1800000	6705
A09	1600001	2600000	6449
A09	2400001	3400000	4539
A09	3200001	4200000	5589
A09	4000001	5000000	5525
A09	4800001	5800000	5873
A09	5600001	6600000	4905
A09	6400001	7400000	6852
A09	7200001	8200000	7631
A09	8000001	9000000	8838
A09	8800001	9800000	6449
A09	9600001	10600000	6691
A09	10400001	11400000	5677
A09	11200001	12200000	5570
A09	12000001	13000000	4734
A09	12800001	13800000	6212
A09	13600001	14600000	4878
A09	14400001	15400000	4821
A09	15200001	16200000	4762
A09	16000001	17000000	3436
A09	16800001	17800000	4179
A09	17600001	18600000	4387
A09	18400001	19400000	4183
A09	19200001	20200000	5173
A09	20000001	21000000	4970
A09	20800001	21800000	3734
A09	21600001	22600000	3959
A09	22400001	23400000	4744
A09	23200001	24200000	3567
A09	24000001	25000000	4570
A09	24800001	25800000	3268
A09	25600001	26600000	4024
A09	26400001	27400000	4558
A09	27200001	28200000	4455
A09	28000001	29000000	4637
A09	28800001	29800000	3724
A09	29600001	30600000	3855
A09	30400001	31400000	5282
A09	31200001	32200000	4803
A09	32000001	33000000	4744
A09	32800001	33800000	5055
A09	33600001	34600000	5424
A09	34400001	35400000	4681
A09	35200001	36200000	3673
A09	36000001	37000000	4066
A09	36800001	37800000	5824
A09	37600001	38600000	6080
A09	38400001	39400000	6270
A09	39200001	40200000	5705
A09	40000001	41000000	6425
A09	40800001	41800000	6421
A09	41600001	42600000	6751
A09	42400001	43400000	6316
A09	43200001	44200000	7739
A09	44000001	45000000	5779
A09	44800001	45800000	4716
A09	45600001	46600000	5869
A09	46400001	47400000	6426
A09	47200001	48200000	5933
A09	48000001	49000000	5407
A09	48800001	49800000	7169
A09	49600001	50600000	6028
A09	50400001	51400000	6904
A09	51200001	52200000	6349
A09	52000001	53000000	6173
A09	52800001	53800000	7312
A09	53600001	54600000	9676
A09	54400001	55400000	5824
A09	55200001	56200000	4507
A09	56000001	57000000	7744
A09	56800001	57800000	6199
A09	57600001	58600000	5414
A09	58400001	59400000	5561
A09	59200001	60200000	5480
A09	60000001	61000000	5329
A09	60800001	61800000	6394
A09	61600001	62600000	7055
A09	62400001	63400000	4993
A09	63200001	64200000	6526
A09	64000001	65000000	5674
A09	64800001	65800000	4173
A09	65600001	66600000	6187
A09	66400001	67400000	5158
A09	67200001	68200000	3279
A09	68000001	69000000	3111
A09	68800001	69800000	2236
A09	69600001	70600000	1985
A09	70400001	71400000	3218
A09	71200001	72200000	3639
A09	72000001	73000000	2144
A09	72800001	73800000	1302
A09	73600001	74600000	2350
A09	74400001	74999931	554
A10	1	1000000	5439
A10	800001	1800000	3012
A10	1600001	2600000	2037
A10	2400001	3400000	1682
A10	3200001	4200000	3801
A10	4000001	5000000	5436
A10	4800001	5800000	4770
A10	5600001	6600000	6388
A10	6400001	7400000	6041
A10	7200001	8200000	7222
A10	8000001	9000000	7556
A10	8800001	9800000	6552
A10	9600001	10600000	6527
A10	10400001	11400000	7019
A10	11200001	12200000	5329
A10	12000001	13000000	3819
A10	12800001	13800000	5311
A10	13600001	14600000	6187
A10	14400001	15400000	6174
A10	15200001	16200000	7163
A10	16000001	17000000	6688
A10	16800001	17800000	6584
A10	17600001	18600000	6569
A10	18400001	19400000	6606
A10	19200001	20200000	7749
A10	20000001	21000000	5841
A10	20800001	21800000	7072
A10	21600001	22600000	5711
A10	22400001	23400000	4763
A10	23200001	24200000	3915
A10	24000001	25000000	3405
A10	24800001	25800000	4379
A10	25600001	26600000	4841
A10	26400001	27400000	4946
A10	27200001	28200000	4468
A10	28000001	29000000	5251
A10	28800001	29800000	3973
A10	29600001	30600000	4413
A10	30400001	31400000	3784
A10	31200001	32200000	4630
A10	32000001	33000000	3680
A10	32800001	33800000	3272
A10	33600001	34600000	4938
A10	34400001	35400000	4965
A10	35200001	36200000	3776
A10	36000001	37000000	3052
A10	36800001	37800000	3871
A10	37600001	38600000	4207
A10	38400001	39400000	4532
A10	39200001	40200000	4219
A10	40000001	41000000	4176
A10	40800001	41800000	3217
A10	41600001	42600000	3979
A10	42400001	43400000	5002
A10	43200001	44200000	4198
A10	44000001	45000000	4386
A10	44800001	45800000	4646
A10	45600001	46600000	4668
A10	46400001	47400000	4410
A10	47200001	48200000	5270
A10	48000001	49000000	5024
A10	48800001	49800000	5020
A10	49600001	50600000	6279
A10	50400001	51400000	4833
A10	51200001	52200000	4750
A10	52000001	53000000	5008
A10	52800001	53800000	3516
A10	53600001	54600000	4377
A10	54400001	55400000	4877
A10	55200001	56200000	4194
A10	56000001	57000000	5517
A10	56800001	57800000	6515
A10	57600001	58600000	6912
A10	58400001	59400000	6478
A10	59200001	60200000	6654
A10	60000001	61000000	7836
A10	60800001	61800000	6982
A10	61600001	62600000	6981
A10	62400001	63400000	5667
A10	63200001	64200000	6288
A10	64000001	65000000	5630
A10	64800001	65800000	5740
A10	65600001	66600000	6870
A10	66400001	67400000	6864
A10	67200001	68200000	5064
A10	68000001	69000000	5789
A10	68800001	69800000	5407
A10	69600001	70600000	6188
A10	70400001	71400000	5810
A10	71200001	72200000	6948
A10	72000001	73000000	5779
A10	72800001	73800000	5169
A10	73600001	74600000	5022
A10	74400001	75400000	4538
A10	75200001	76200000	4743
A10	76000001	77000000	9075
A10	76800001	77800000	7318
A10	77600001	78600000	6995
A10	78400001	79400000	6639
A10	79200001	80200000	8309
A10	80000001	81000000	7173
A10	80800001	81800000	5789
A10	81600001	82600000	7530
A10	82400001	83400000	6587
A10	83200001	84200000	6539
A10	84000001	85000000	7231
A10	84800001	85800000	7109
A10	85600001	86600000	6613
A10	86400001	87400000	7227
A10	87200001	88200000	6079
A10	88000001	89000000	7632
A10	88800001	89800000	8508
A10	89600001	90600000	6652
A10	90400001	91400000	6050
A10	91200001	92200000	5110
A10	92000001	93000000	7036
A10	92800001	93800000	6596
A10	93600001	94600000	7426
A10	94400001	95400000	5436
A10	95200001	96200000	4229
A10	96000001	97000000	3471
A10	96800001	97800000	4511
A10	97600001	98600000	4761
A10	98400001	99400000	5177
A10	99200001	100200000	3923
A10	100000001	101000000	4152
A10	100800001	100866604	43
A11	1	1000000	5837
A11	800001	1800000	2163
A11	1600001	2600000	2160
A11	2400001	3400000	1773
A11	3200001	4200000	2599
A11	4000001	5000000	2776
A11	4800001	5800000	3824
A11	5600001	6600000	2832
A11	6400001	7400000	4060
A11	7200001	8200000	2599
A11	8000001	9000000	3645
A11	8800001	9800000	5535
A11	9600001	10600000	4986
A11	10400001	11400000	4100
A11	11200001	12200000	4843
A11	12000001	13000000	5251
A11	12800001	13800000	5944
A11	13600001	14600000	6293
A11	14400001	15400000	4693
A11	15200001	16200000	4990
A11	16000001	17000000	7869
A11	16800001	17800000	5571
A11	17600001	18600000	5859
A11	18400001	19400000	7370
A11	19200001	20200000	6914
A11	20000001	21000000	6743
A11	20800001	21800000	9185
A11	21600001	22600000	6018
A11	22400001	23400000	7787
A11	23200001	24200000	7429
A11	24000001	25000000	9183
A11	24800001	25800000	7416
A11	25600001	26600000	7479
A11	26400001	27400000	6442
A11	27200001	28200000	7309
A11	28000001	29000000	4926
A11	28800001	29800000	6291
A11	29600001	30600000	6247
A11	30400001	31400000	5438
A11	31200001	32200000	5239
A11	32000001	33000000	5340
A11	32800001	33800000	4862
A11	33600001	34600000	4595
A11	34400001	35400000	4264
A11	35200001	36200000	5281
A11	36000001	37000000	6381
A11	36800001	37800000	5214
A11	37600001	38600000	3949
A11	38400001	39400000	4120
A11	39200001	40200000	3594
A11	40000001	41000000	5160
A11	40800001	41800000	3634
A11	41600001	42600000	3579
A11	42400001	43400000	5628
A11	43200001	44200000	5100
A11	44000001	45000000	4120
A11	44800001	45800000	3555
A11	45600001	46600000	5222
A11	46400001	47400000	5469
A11	47200001	48200000	4836
A11	48000001	49000000	3879
A11	48800001	49800000	5797
A11	49600001	50600000	4881
A11	50400001	51400000	5100
A11	51200001	52200000	5466
A11	52000001	53000000	5790
A11	52800001	53800000	6035
A11	53600001	54600000	5147
A11	54400001	55400000	4188
A11	55200001	56200000	5488
A11	56000001	57000000	6238
A11	56800001	57800000	4516
A11	57600001	58600000	4168
A11	58400001	59400000	4851
A11	59200001	60200000	4082
A11	60000001	61000000	5787
A11	60800001	61800000	4302
A11	61600001	62600000	4540
A11	62400001	63400000	5515
A11	63200001	64200000	7317
A11	64000001	65000000	6059
A11	64800001	65800000	5367
A11	65600001	66600000	4679
A11	66400001	67400000	4619
A11	67200001	68200000	6023
A11	68000001	69000000	5727
A11	68800001	69800000	6571
A11	69600001	70600000	5240
A11	70400001	71400000	5837
A11	71200001	72200000	5753
A11	72000001	73000000	5581
A11	72800001	73800000	5313
A11	73600001	74600000	4140
A11	74400001	75400000	4367
A11	75200001	76200000	4467
A11	76000001	77000000	5636
A11	76800001	77800000	7009
A11	77600001	78600000	6785
A11	78400001	79400000	7653
A11	79200001	80200000	7680
A11	80000001	81000000	6334
A11	80800001	81800000	5923
A11	81600001	82600000	7550
A11	82400001	83400000	6773
A11	83200001	84200000	4676
A11	84000001	85000000	6177
A11	84800001	85800000	5955
A11	85600001	86600000	6237
A11	86400001	87400000	6237
A11	87200001	88200000	4366
A11	88000001	89000000	2861
A11	88800001	89800000	5140
A11	89600001	90600000	4838
A11	90400001	91400000	4091
A11	91200001	92200000	4378
A11	92000001	93000000	3726
A11	92800001	93316192	947
A12	1	1000000	7328
A12	800001	1800000	4106
A12	1600001	2600000	4005
A12	2400001	3400000	5061
A12	3200001	4200000	5393
A12	4000001	5000000	7765
A12	4800001	5800000	6570
A12	5600001	6600000	6534
A12	6400001	7400000	7017
A12	7200001	8200000	8016
A12	8000001	9000000	5581
A12	8800001	9800000	7108
A12	9600001	10600000	4892
A12	10400001	11400000	7006
A12	11200001	12200000	6931
A12	12000001	13000000	8315
A12	12800001	13800000	6579
A12	13600001	14600000	6141
A12	14400001	15400000	6715
A12	15200001	16200000	6283
A12	16000001	17000000	6410
A12	16800001	17800000	6228
A12	17600001	18600000	6532
A12	18400001	19400000	6734
A12	19200001	20200000	5156
A12	20000001	21000000	6527
A12	20800001	21800000	7077
A12	21600001	22600000	5490
A12	22400001	23400000	5702
A12	23200001	24200000	5191
A12	24000001	25000000	3590
A12	24800001	25800000	3641
A12	25600001	26600000	3552
A12	26400001	27400000	5032
A12	27200001	28200000	4911
A12	28000001	29000000	5666
A12	28800001	29800000	5537
A12	29600001	30600000	5347
A12	30400001	31400000	3644
A12	31200001	32200000	3360
A12	32000001	33000000	4582
A12	32800001	33800000	4242
A12	33600001	34600000	3735
A12	34400001	35400000	3619
A12	35200001	36200000	3375
A12	36000001	37000000	3542
A12	36800001	37800000	3863
A12	37600001	38600000	5306
A12	38400001	39400000	4496
A12	39200001	40200000	4862
A12	40000001	41000000	4831
A12	40800001	41800000	4837
A12	41600001	42600000	4898
A12	42400001	43400000	4128
A12	43200001	44200000	4290
A12	44000001	45000000	4224
A12	44800001	45800000	5003
A12	45600001	46600000	4969
A12	46400001	47400000	4474
A12	47200001	48200000	5601
A12	48000001	49000000	3896
A12	48800001	49800000	4993
A12	49600001	50600000	3497
A12	50400001	51400000	5705
A12	51200001	52200000	4485
A12	52000001	53000000	4804
A12	52800001	53800000	4700
A12	53600001	54600000	4883
A12	54400001	55400000	5509
A12	55200001	56200000	4817
A12	56000001	57000000	5412
A12	56800001	57800000	7132
A12	57600001	58600000	6032
A12	58400001	59400000	6520
A12	59200001	60200000	6297
A12	60000001	61000000	5435
A12	60800001	61800000	6223
A12	61600001	62600000	7665
A12	62400001	63400000	6936
A12	63200001	64200000	7806
A12	64000001	65000000	6422
A12	64800001	65800000	6083
A12	65600001	66600000	4851
A12	66400001	67400000	7761
A12	67200001	68200000	8202
A12	68000001	69000000	6157
A12	68800001	69800000	5978
A12	69600001	70600000	7731
A12	70400001	71400000	7167
A12	71200001	72200000	7606
A12	72000001	73000000	6232
A12	72800001	73800000	6731
A12	73600001	74600000	4892
A12	74400001	75400000	7322
A12	75200001	76200000	7790
A12	76000001	77000000	6120
A12	76800001	77800000	7196
A12	77600001	78600000	5443
A12	78400001	79400000	5005
A12	79200001	80200000	5198
A12	80000001	81000000	3547
A12	80800001	81800000	3470
A12	81600001	82600000	4386
A12	82400001	83400000	3342
A12	83200001	84200000	2705
A12	84000001	85000000	2320
A12	84800001	85800000	2227
A12	85600001	86600000	1914
A12	86400001	87400000	1478
A12	87200001	87484866	543
A13	1	1000000	6581
A13	800001	1800000	4941
A13	1600001	2600000	5222
A13	2400001	3400000	4650
A13	3200001	4200000	4314
A13	4000001	5000000	5265
A13	4800001	5800000	5762
A13	5600001	6600000	7059
A13	6400001	7400000	5000
A13	7200001	8200000	4426
A13	8000001	9000000	5718
A13	8800001	9800000	5896
A13	9600001	10600000	7094
A13	10400001	11400000	4675
A13	11200001	12200000	6361
A13	12000001	13000000	7017
A13	12800001	13800000	6014
A13	13600001	14600000	6390
A13	14400001	15400000	7374
A13	15200001	16200000	4741
A13	16000001	17000000	4587
A13	16800001	17800000	5324
A13	17600001	18600000	5535
A13	18400001	19400000	5227
A13	19200001	20200000	4624
A13	20000001	21000000	5880
A13	20800001	21800000	4932
A13	21600001	22600000	5012
A13	22400001	23400000	5847
A13	23200001	24200000	5119
A13	24000001	25000000	4084
A13	24800001	25800000	4601
A13	25600001	26600000	4970
A13	26400001	27400000	4579
A13	27200001	28200000	4375
A13	28000001	29000000	3705
A13	28800001	29800000	4156
A13	29600001	30600000	4399
A13	30400001	31400000	4403
A13	31200001	32200000	5517
A13	32000001	33000000	4289
A13	32800001	33800000	4849
A13	33600001	34600000	2907
A13	34400001	35400000	3698
A13	35200001	36200000	4914
A13	36000001	37000000	4593
A13	36800001	37800000	5003
A13	37600001	38600000	5854
A13	38400001	39400000	5772
A13	39200001	40200000	6008
A13	40000001	41000000	6299
A13	40800001	41800000	6225
A13	41600001	42600000	4666
A13	42400001	43400000	4555
A13	43200001	44200000	5619
A13	44000001	45000000	5346
A13	44800001	45800000	5414
A13	45600001	46600000	6152
A13	46400001	47400000	6947
A13	47200001	48200000	5930
A13	48000001	49000000	4945
A13	48800001	49800000	5480
A13	49600001	50600000	5008
A13	50400001	51400000	5400
A13	51200001	52200000	4576
A13	52000001	53000000	5676
A13	52800001	53800000	5287
A13	53600001	54600000	6047
A13	54400001	55400000	5717
A13	55200001	56200000	8110
A13	56000001	57000000	6567
A13	56800001	57800000	7156
A13	57600001	58600000	7721
A13	58400001	59400000	7926
A13	59200001	60200000	6224
A13	60000001	61000000	7332
A13	60800001	61800000	5816
A13	61600001	62600000	8413
A13	62400001	63400000	8356
A13	63200001	64200000	5927
A13	64000001	65000000	6186
A13	64800001	65800000	6262
A13	65600001	66600000	7073
A13	66400001	67400000	6882
A13	67200001	68200000	6259
A13	68000001	69000000	6837
A13	68800001	69800000	9828
A13	69600001	70600000	8646
A13	70400001	71400000	7799
A13	71200001	72200000	8695
A13	72000001	73000000	7065
A13	72800001	73800000	4916
A13	73600001	74600000	7044
A13	74400001	75400000	4432
A13	75200001	76200000	4446
A13	76000001	77000000	3330
A13	76800001	77800000	5735
A13	77600001	78600000	3117
A13	78400001	79400000	1717
A13	79200001	79961121	1802
D01	1	1000000	3962
D01	800001	1800000	2556
D01	1600001	2600000	3122
D01	2400001	3400000	3862
D01	3200001	4200000	3125
D01	4000001	5000000	3794
D01	4800001	5800000	3927
D01	5600001	6600000	6634
D01	6400001	7400000	6331
D01	7200001	8200000	6146
D01	8000001	9000000	5247
D01	8800001	9800000	6867
D01	9600001	10600000	5825
D01	10400001	11400000	6669
D01	11200001	12200000	7984
D01	12000001	13000000	6546
D01	12800001	13800000	6336
D01	13600001	14600000	6339
D01	14400001	15400000	6818
D01	15200001	16200000	6964
D01	16000001	17000000	7546
D01	16800001	17800000	8375
D01	17600001	18600000	7385
D01	18400001	19400000	8405
D01	19200001	20200000	7246
D01	20000001	21000000	7263
D01	20800001	21800000	7199
D01	21600001	22600000	7727
D01	22400001	23400000	6545
D01	23200001	24200000	7524
D01	24000001	25000000	6454
D01	24800001	25800000	6789
D01	25600001	26600000	6899
D01	26400001	27400000	6413
D01	27200001	28200000	5948
D01	28000001	29000000	7155
D01	28800001	29800000	5278
D01	29600001	30600000	5378
D01	30400001	31400000	7047
D01	31200001	32200000	6586
D01	32000001	33000000	5845
D01	32800001	33800000	3581
D01	33600001	34600000	4320
D01	34400001	35400000	4824
D01	35200001	36200000	5835
D01	36000001	37000000	4611
D01	36800001	37800000	4310
D01	37600001	38600000	6268
D01	38400001	39400000	6875
D01	39200001	40200000	6829
D01	40000001	41000000	6097
D01	40800001	41800000	6679
D01	41600001	42600000	6101
D01	42400001	43400000	7074
D01	43200001	44200000	6610
D01	44000001	45000000	7551
D01	44800001	45800000	8235
D01	45600001	46600000	6086
D01	46400001	47400000	6266
D01	47200001	48200000	6635
D01	48000001	49000000	8141
D01	48800001	49800000	7526
D01	49600001	50600000	6353
D01	50400001	51400000	6586
D01	51200001	52200000	6576
D01	52000001	53000000	7064
D01	52800001	53800000	5460
D01	53600001	54600000	6975
D01	54400001	55400000	6641
D01	55200001	56200000	5990
D01	56000001	57000000	6516
D01	56800001	57800000	4580
D01	57600001	58600000	5499
D01	58400001	59400000	5380
D01	59200001	60200000	5123
D01	60000001	61000000	2964
D01	60800001	61456009	1662
D02	1	1000000	4145
D02	800001	1800000	1815
D02	1600001	2600000	3000
D02	2400001	3400000	2429
D02	3200001	4200000	2481
D02	4000001	5000000	2479
D02	4800001	5800000	4547
D02	5600001	6600000	4648
D02	6400001	7400000	3103
D02	7200001	8200000	5832
D02	8000001	9000000	5462
D02	8800001	9800000	7287
D02	9600001	10600000	5538
D02	10400001	11400000	6372
D02	11200001	12200000	5474
D02	12000001	13000000	5493
D02	12800001	13800000	5378
D02	13600001	14600000	7117
D02	14400001	15400000	7531
D02	15200001	16200000	7170
D02	16000001	17000000	5733
D02	16800001	17800000	6394
D02	17600001	18600000	6284
D02	18400001	19400000	6194
D02	19200001	20200000	4850
D02	20000001	21000000	5507
D02	20800001	21800000	6285
D02	21600001	22600000	7410
D02	22400001	23400000	7847
D02	23200001	24200000	6172
D02	24000001	25000000	6115
D02	24800001	25800000	6033
D02	25600001	26600000	6487
D02	26400001	27400000	6074
D02	27200001	28200000	4769
D02	28000001	29000000	5782
D02	28800001	29800000	4664
D02	29600001	30600000	4847
D02	30400001	31400000	5038
D02	31200001	32200000	4754
D02	32000001	33000000	5010
D02	32800001	33800000	5269
D02	33600001	34600000	5797
D02	34400001	35400000	7698
D02	35200001	36200000	7410
D02	36000001	37000000	5223
D02	36800001	37800000	6194
D02	37600001	38600000	5836
D02	38400001	39400000	7685
D02	39200001	40200000	7638
D02	40000001	41000000	7365
D02	40800001	41800000	6412
D02	41600001	42600000	6489
D02	42400001	43400000	7027
D02	43200001	44200000	7038
D02	44000001	45000000	6757
D02	44800001	45800000	8029
D02	45600001	46600000	6996
D02	46400001	47400000	6576
D02	47200001	48200000	6848
D02	48000001	49000000	7280
D02	48800001	49800000	7332
D02	49600001	50600000	5632
D02	50400001	51400000	7116
D02	51200001	52200000	7753
D02	52000001	53000000	7162
D02	52800001	53800000	6818
D02	53600001	54600000	7566
D02	54400001	55400000	7450
D02	55200001	56200000	7375
D02	56000001	57000000	6112
D02	56800001	57800000	6700
D02	57600001	58600000	6154
D02	58400001	59400000	6340
D02	59200001	60200000	7887
D02	60000001	61000000	5186
D02	60800001	61800000	5274
D02	61600001	62600000	6741
D02	62400001	63400000	6331
D02	63200001	64200000	2636
D02	64000001	65000000	4484
D02	64800001	65800000	3067
D02	65600001	66600000	3388
D02	66400001	67400000	1806
D02	67200001	67284553	442
D03	1	1000000	3998
D03	800001	1800000	3761
D03	1600001	2600000	3840
D03	2400001	3400000	4813
D03	3200001	4200000	5612
D03	4000001	5000000	6629
D03	4800001	5800000	6838
D03	5600001	6600000	7296
D03	6400001	7400000	7191
D03	7200001	8200000	7221
D03	8000001	9000000	7962
D03	8800001	9800000	7852
D03	9600001	10600000	6798
D03	10400001	11400000	6457
D03	11200001	12200000	6102
D03	12000001	13000000	6999
D03	12800001	13800000	5041
D03	13600001	14600000	4616
D03	14400001	15400000	5272
D03	15200001	16200000	6512
D03	16000001	17000000	5389
D03	16800001	17800000	4874
D03	17600001	18600000	5132
D03	18400001	19400000	4358
D03	19200001	20200000	4045
D03	20000001	21000000	5774
D03	20800001	21800000	4746
D03	21600001	22600000	5230
D03	22400001	23400000	4820
D03	23200001	24200000	5590
D03	24000001	25000000	7319
D03	24800001	25800000	6495
D03	25600001	26600000	7553
D03	26400001	27400000	6786
D03	27200001	28200000	6396
D03	28000001	29000000	6342
D03	28800001	29800000	7268
D03	29600001	30600000	6800
D03	30400001	31400000	8069
D03	31200001	32200000	8032
D03	32000001	33000000	7927
D03	32800001	33800000	7388
D03	33600001	34600000	7157
D03	34400001	35400000	6644
D03	35200001	36200000	6465
D03	36000001	37000000	6561
D03	36800001	37800000	6898
D03	37600001	38600000	5895
D03	38400001	39400000	5805
D03	39200001	40200000	7074
D03	40000001	41000000	5441
D03	40800001	41800000	5152
D03	41600001	42600000	5144
D03	42400001	43400000	3484
D03	43200001	44200000	4396
D03	44000001	45000000	4754
D03	44800001	45800000	3045
D03	45600001	46600000	3032
D03	46400001	46690656	414
D04	1	1000000	5343
D04	800001	1800000	4662
D04	1600001	2600000	3391
D04	2400001	3400000	2722
D04	3200001	4200000	3968
D04	4000001	5000000	4607
D04	4800001	5800000	5203
D04	5600001	6600000	4818
D04	6400001	7400000	6171
D04	7200001	8200000	6320
D04	8000001	9000000	6225
D04	8800001	9800000	5470
D04	9600001	10600000	6405
D04	10400001	11400000	6924
D04	11200001	12200000	7577
D04	12000001	13000000	8061
D04	12800001	13800000	7149
D04	13600001	14600000	7074
D04	14400001	15400000	7197
D04	15200001	16200000	6769
D04	16000001	17000000	6123
D04	16800001	17800000	5932
D04	17600001	18600000	5673
D04	18400001	19400000	5029
D04	19200001	20200000	4509
D04	20000001	21000000	4915
D04	20800001	21800000	3782
D04	21600001	22600000	5530
D04	22400001	23400000	5803
D04	23200001	24200000	7134
D04	24000001	25000000	6953
D04	24800001	25800000	6168
D04	25600001	26600000	5587
D04	26400001	27400000	5143
D04	27200001	28200000	4374
D04	28000001	29000000	5740
D04	28800001	29800000	6574
D04	29600001	30600000	8047
D04	30400001	31400000	7253
D04	31200001	32200000	7560
D04	32000001	33000000	6850
D04	32800001	33800000	6850
D04	33600001	34600000	8458
D04	34400001	35400000	6890
D04	35200001	36200000	7363
D04	36000001	37000000	8409
D04	36800001	37800000	6641
D04	37600001	38600000	7332
D04	38400001	39400000	7989
D04	39200001	40200000	8186
D04	40000001	41000000	6568
D04	40800001	41800000	8146
D04	41600001	42600000	7552
D04	42400001	43400000	7180
D04	43200001	44200000	6931
D04	44000001	45000000	4474
D04	44800001	45800000	6648
D04	45600001	46600000	5587
D04	46400001	47400000	4201
D04	47200001	48200000	3870
D04	48000001	49000000	2869
D04	48800001	49800000	3009
D04	49600001	50600000	2643
D04	50400001	51400000	2816
D04	51200001	51454130	732
D05	1	1000000	3261
D05	800001	1800000	2031
D05	1600001	2600000	2251
D05	2400001	3400000	1621
D05	3200001	4200000	1861
D05	4000001	5000000	2034
D05	4800001	5800000	2177
D05	5600001	6600000	2072
D05	6400001	7400000	1513
D05	7200001	8200000	2095
D05	8000001	9000000	1802
D05	8800001	9800000	1730
D05	9600001	10600000	1786
D05	10400001	11400000	1567
D05	11200001	12200000	1698
D05	12000001	13000000	1450
D05	12800001	13800000	2312
D05	13600001	14600000	2957
D05	14400001	15400000	2752
D05	15200001	16200000	2918
D05	16000001	17000000	2132
D05	16800001	17800000	1551
D05	17600001	18600000	2633
D05	18400001	19400000	2337
D05	19200001	20200000	3944
D05	20000001	21000000	4959
D05	20800001	21800000	2562
D05	21600001	22600000	3145
D05	22400001	23400000	3834
D05	23200001	24200000	2898
D05	24000001	25000000	4366
D05	24800001	25800000	4304
D05	25600001	26600000	3710
D05	26400001	27400000	4327
D05	27200001	28200000	4172
D05	28000001	29000000	4420
D05	28800001	29800000	5312
D05	29600001	30600000	5964
D05	30400001	31400000	5769
D05	31200001	32200000	4328
D05	32000001	33000000	4860
D05	32800001	33800000	4948
D05	33600001	34600000	6588
D05	34400001	35400000	7042
D05	35200001	36200000	6306
D05	36000001	37000000	5917
D05	36800001	37800000	5582
D05	37600001	38600000	5421
D05	38400001	39400000	5674
D05	39200001	40200000	3885
D05	40000001	41000000	4197
D05	40800001	41800000	5602
D05	41600001	42600000	6140
D05	42400001	43400000	6146
D05	43200001	44200000	6233
D05	44000001	45000000	6155
D05	44800001	45800000	6316
D05	45600001	46600000	10486
D05	46400001	47400000	10171
D05	47200001	48200000	5670
D05	48000001	49000000	4592
D05	48800001	49800000	6820
D05	49600001	50600000	7241
D05	50400001	51400000	4753
D05	51200001	52200000	6045
D05	52000001	53000000	5088
D05	52800001	53800000	3493
D05	53600001	54600000	5868
D05	54400001	55400000	3901
D05	55200001	56200000	4078
D05	56000001	57000000	6765
D05	56800001	57800000	5988
D05	57600001	58600000	5843
D05	58400001	59400000	5113
D05	59200001	60200000	2444
D05	60000001	61000000	4256
D05	60800001	61800000	5293
D05	61600001	61933047	1062
D06	1	1000000	4740
D06	800001	1800000	3357
D06	1600001	2600000	2715
D06	2400001	3400000	2453
D06	3200001	4200000	6318
D06	4000001	5000000	7662
D06	4800001	5800000	5520
D06	5600001	6600000	5520
D06	6400001	7400000	7152
D06	7200001	8200000	6910
D06	8000001	9000000	4730
D06	8800001	9800000	6314
D06	9600001	10600000	6194
D06	10400001	11400000	6323
D06	11200001	12200000	7514
D06	12000001	13000000	7684
D06	12800001	13800000	6837
D06	13600001	14600000	8540
D06	14400001	15400000	7045
D06	15200001	16200000	7488
D06	16000001	17000000	7246
D06	16800001	17800000	6145
D06	17600001	18600000	7561
D06	18400001	19400000	7776
D06	19200001	20200000	6286
D06	20000001	21000000	6815
D06	20800001	21800000	6875
D06	21600001	22600000	7015
D06	22400001	23400000	6758
D06	23200001	24200000	5083
D06	24000001	25000000	6620
D06	24800001	25800000	6290
D06	25600001	26600000	7502
D06	26400001	27400000	5289
D06	27200001	28200000	5550
D06	28000001	29000000	5674
D06	28800001	29800000	6138
D06	29600001	30600000	6438
D06	30400001	31400000	5737
D06	31200001	32200000	6385
D06	32000001	33000000	4347
D06	32800001	33800000	4730
D06	33600001	34600000	5080
D06	34400001	35400000	3543
D06	35200001	36200000	5265
D06	36000001	37000000	6479
D06	36800001	37800000	5291
D06	37600001	38600000	4165
D06	38400001	39400000	4884
D06	39200001	40200000	7184
D06	40000001	41000000	5240
D06	40800001	41800000	6320
D06	41600001	42600000	6616
D06	42400001	43400000	6486
D06	43200001	44200000	6391
D06	44000001	45000000	6280
D06	44800001	45800000	6142
D06	45600001	46600000	5846
D06	46400001	47400000	6254
D06	47200001	48200000	6717
D06	48000001	49000000	6033
D06	48800001	49800000	6973
D06	49600001	50600000	7021
D06	50400001	51400000	6474
D06	51200001	52200000	6756
D06	52000001	53000000	7828
D06	52800001	53800000	6175
D06	53600001	54600000	5680
D06	54400001	55400000	6535
D06	55200001	56200000	5679
D06	56000001	57000000	6100
D06	56800001	57800000	5199
D06	57600001	58600000	5302
D06	58400001	59400000	5703
D06	59200001	60200000	4139
D06	60000001	61000000	5265
D06	60800001	61800000	5391
D06	61600001	62600000	4721
D06	62400001	63400000	3290
D06	63200001	64200000	3499
D06	64000001	64294643	832
D07	1	1000000	3664
D07	800001	1800000	2447
D07	1600001	2600000	3117
D07	2400001	3400000	3407
D07	3200001	4200000	3594
D07	4000001	5000000	2626
D07	4800001	5800000	3732
D07	5600001	6600000	3468
D07	6400001	7400000	4615
D07	7200001	8200000	4080
D07	8000001	9000000	5320
D07	8800001	9800000	5518
D07	9600001	10600000	5588
D07	10400001	11400000	4060
D07	11200001	12200000	6234
D07	12000001	13000000	7242
D07	12800001	13800000	6577
D07	13600001	14600000	7621
D07	14400001	15400000	5341
D07	15200001	16200000	6482
D07	16000001	17000000	7457
D07	16800001	17800000	6816
D07	17600001	18600000	7150
D07	18400001	19400000	5490
D07	19200001	20200000	5748
D07	20000001	21000000	7446
D07	20800001	21800000	7444
D07	21600001	22600000	7163
D07	22400001	23400000	7433
D07	23200001	24200000	7018
D07	24000001	25000000	7452
D07	24800001	25800000	6822
D07	25600001	26600000	7055
D07	26400001	27400000	6403
D07	27200001	28200000	6862
D07	28000001	29000000	8337
D07	28800001	29800000	6329
D07	29600001	30600000	6404
D07	30400001	31400000	5997
D07	31200001	32200000	6026
D07	32000001	33000000	5543
D07	32800001	33800000	5680
D07	33600001	34600000	5152
D07	34400001	35400000	5827
D07	35200001	36200000	5148
D07	36000001	37000000	5594
D07	36800001	37800000	5667
D07	37600001	38600000	5478
D07	38400001	39400000	4157
D07	39200001	40200000	3530
D07	40000001	41000000	5647
D07	40800001	41800000	6985
D07	41600001	42600000	5305
D07	42400001	43400000	6333
D07	43200001	44200000	7449
D07	44000001	45000000	4734
D07	44800001	45800000	4808
D07	45600001	46600000	5247
D07	46400001	47400000	7496
D07	47200001	48200000	7793
D07	48000001	49000000	5424
D07	48800001	49800000	5790
D07	49600001	50600000	4676
D07	50400001	51400000	5964
D07	51200001	52200000	3332
D07	52000001	53000000	5198
D07	52800001	53800000	4775
D07	53600001	54600000	3841
D07	54400001	55400000	4309
D07	55200001	55312611	812
D08	1	1000000	4499
D08	800001	1800000	2330
D08	1600001	2600000	2946
D08	2400001	3400000	3439
D08	3200001	4200000	4379
D08	4000001	5000000	4559
D08	4800001	5800000	3670
D08	5600001	6600000	5732
D08	6400001	7400000	6760
D08	7200001	8200000	5600
D08	8000001	9000000	6235
D08	8800001	9800000	7450
D08	9600001	10600000	6138
D08	10400001	11400000	8081
D08	11200001	12200000	6376
D08	12000001	13000000	8007
D08	12800001	13800000	7932
D08	13600001	14600000	7122
D08	14400001	15400000	6598
D08	15200001	16200000	7814
D08	16000001	17000000	6408
D08	16800001	17800000	5588
D08	17600001	18600000	5769
D08	18400001	19400000	5507
D08	19200001	20200000	5823
D08	20000001	21000000	5070
D08	20800001	21800000	4768
D08	21600001	22600000	5149
D08	22400001	23400000	5872
D08	23200001	24200000	6108
D08	24000001	25000000	5167
D08	24800001	25800000	4513
D08	25600001	26600000	3058
D08	26400001	27400000	4134
D08	27200001	28200000	3937
D08	28000001	29000000	3377
D08	28800001	29800000	4840
D08	29600001	30600000	5819
D08	30400001	31400000	6198
D08	31200001	32200000	6138
D08	32000001	33000000	5365
D08	32800001	33800000	5878
D08	33600001	34600000	6106
D08	34400001	35400000	6888
D08	35200001	36200000	7065
D08	36000001	37000000	5948
D08	36800001	37800000	6835
D08	37600001	38600000	7088
D08	38400001	39400000	6369
D08	39200001	40200000	7785
D08	40000001	41000000	6061
D08	40800001	41800000	6268
D08	41600001	42600000	7177
D08	42400001	43400000	8092
D08	43200001	44200000	6994
D08	44000001	45000000	6838
D08	44800001	45800000	7356
D08	45600001	46600000	8096
D08	46400001	47400000	5840
D08	47200001	48200000	7252
D08	48000001	49000000	5977
D08	48800001	49800000	6922
D08	49600001	50600000	4875
D08	50400001	51400000	6403
D08	51200001	52200000	6495
D08	52000001	53000000	7113
D08	52800001	53800000	4856
D08	53600001	54600000	6251
D08	54400001	55400000	7554
D08	55200001	56200000	7678
D08	56000001	57000000	6551
D08	56800001	57800000	6610
D08	57600001	58600000	4894
D08	58400001	59400000	4979
D08	59200001	60200000	3464
D08	60000001	61000000	4365
D08	60800001	61800000	4650
D08	61600001	62600000	5595
D08	62400001	63400000	3860
D08	63200001	64200000	2768
D08	64000001	65000000	2294
D08	64800001	65800000	2629
D08	65600001	65894135	616
D09	1	1000000	5214
D09	800001	1800000	5449
D09	1600001	2600000	4853
D09	2400001	3400000	6598
D09	3200001	4200000	6589
D09	4000001	5000000	4714
D09	4800001	5800000	5489
D09	5600001	6600000	5590
D09	6400001	7400000	6379
D09	7200001	8200000	5271
D09	8000001	9000000	4901
D09	8800001	9800000	6684
D09	9600001	10600000	6143
D09	10400001	11400000	5552
D09	11200001	12200000	6993
D09	12000001	13000000	6573
D09	12800001	13800000	6499
D09	13600001	14600000	5191
D09	14400001	15400000	7515
D09	15200001	16200000	4288
D09	16000001	17000000	4791
D09	16800001	17800000	5779
D09	17600001	18600000	5505
D09	18400001	19400000	4583
D09	19200001	20200000	3941
D09	20000001	21000000	5335
D09	20800001	21800000	6541
D09	21600001	22600000	6117
D09	22400001	23400000	7523
D09	23200001	24200000	6425
D09	24000001	25000000	7872
D09	24800001	25800000	6686
D09	25600001	26600000	6133
D09	26400001	27400000	7828
D09	27200001	28200000	6823
D09	28000001	29000000	7030
D09	28800001	29800000	6160
D09	29600001	30600000	6819
D09	30400001	31400000	6858
D09	31200001	32200000	5538
D09	32000001	33000000	4090
D09	32800001	33800000	4510
D09	33600001	34600000	5616
D09	34400001	35400000	5931
D09	35200001	36200000	4747
D09	36000001	37000000	4366
D09	36800001	37800000	3601
D09	37600001	38600000	2862
D09	38400001	39400000	2793
D09	39200001	40200000	3123
D09	40000001	41000000	3810
D09	40800001	41800000	4330
D09	41600001	42600000	2216
D09	42400001	43400000	3580
D09	43200001	44200000	3354
D09	44000001	45000000	3517
D09	44800001	45800000	4201
D09	45600001	46600000	2860
D09	46400001	47400000	2741
D09	47200001	48200000	1532
D09	48000001	49000000	2021
D09	48800001	49800000	1909
D09	49600001	50600000	2298
D09	50400001	50995436	742
D10	1	1000000	3605
D10	800001	1800000	2212
D10	1600001	2600000	2801
D10	2400001	3400000	2341
D10	3200001	4200000	4088
D10	4000001	5000000	3071
D10	4800001	5800000	4597
D10	5600001	6600000	5746
D10	6400001	7400000	5632
D10	7200001	8200000	4925
D10	8000001	9000000	4861
D10	8800001	9800000	6213
D10	9600001	10600000	5318
D10	10400001	11400000	6016
D10	11200001	12200000	5720
D10	12000001	13000000	6672
D10	12800001	13800000	7276
D10	13600001	14600000	6621
D10	14400001	15400000	6972
D10	15200001	16200000	6876
D10	16000001	17000000	6550
D10	16800001	17800000	6684
D10	17600001	18600000	7095
D10	18400001	19400000	7896
D10	19200001	20200000	7677
D10	20000001	21000000	6106
D10	20800001	21800000	6282
D10	21600001	22600000	4625
D10	22400001	23400000	5671
D10	23200001	24200000	8103
D10	24000001	25000000	7122
D10	24800001	25800000	5606
D10	25600001	26600000	6489
D10	26400001	27400000	6231
D10	27200001	28200000	6680
D10	28000001	29000000	7914
D10	28800001	29800000	6752
D10	29600001	30600000	5886
D10	30400001	31400000	7478
D10	31200001	32200000	6402
D10	32000001	33000000	4890
D10	32800001	33800000	5840
D10	33600001	34600000	6358
D10	34400001	35400000	5037
D10	35200001	36200000	5398
D10	36000001	37000000	5411
D10	36800001	37800000	4698
D10	37600001	38600000	4003
D10	38400001	39400000	4609
D10	39200001	40200000	5232
D10	40000001	41000000	5378
D10	40800001	41800000	6192
D10	41600001	42600000	5335
D10	42400001	43400000	5545
D10	43200001	44200000	6454
D10	44000001	45000000	5793
D10	44800001	45800000	6116
D10	45600001	46600000	7299
D10	46400001	47400000	8188
D10	47200001	48200000	8268
D10	48000001	49000000	6964
D10	48800001	49800000	5504
D10	49600001	50600000	6206
D10	50400001	51400000	6630
D10	51200001	52200000	6524
D10	52000001	53000000	7133
D10	52800001	53800000	5363
D10	53600001	54600000	4395
D10	54400001	55400000	4066
D10	55200001	56200000	3255
D10	56000001	57000000	5135
D10	56800001	57800000	3988
D10	57600001	58600000	4062
D10	58400001	59400000	5418
D10	59200001	60200000	3069
D10	60000001	61000000	3337
D10	60800001	61800000	4346
D10	61600001	62600000	2928
D10	62400001	63400000	1835
D10	63200001	63374666	589
D11	1	1000000	4541
D11	800001	1800000	2724
D11	1600001	2600000	2041
D11	2400001	3400000	1654
D11	3200001	4200000	2638
D11	4000001	5000000	2873
D11	4800001	5800000	2213
D11	5600001	6600000	3291
D11	6400001	7400000	3822
D11	7200001	8200000	3868
D11	8000001	9000000	3763
D11	8800001	9800000	4108
D11	9600001	10600000	4138
D11	10400001	11400000	5596
D11	11200001	12200000	4250
D11	12000001	13000000	4528
D11	12800001	13800000	4366
D11	13600001	14600000	4370
D11	14400001	15400000	4774
D11	15200001	16200000	4624
D11	16000001	17000000	5808
D11	16800001	17800000	6717
D11	17600001	18600000	6370
D11	18400001	19400000	5578
D11	19200001	20200000	7031
D11	20000001	21000000	7342
D11	20800001	21800000	6079
D11	21600001	22600000	6055
D11	22400001	23400000	6223
D11	23200001	24200000	7522
D11	24000001	25000000	7631
D11	24800001	25800000	7004
D11	25600001	26600000	7942
D11	26400001	27400000	7646
D11	27200001	28200000	5682
D11	28000001	29000000	7513
D11	28800001	29800000	8600
D11	29600001	30600000	7083
D11	30400001	31400000	7629
D11	31200001	32200000	6430
D11	32000001	33000000	6698
D11	32800001	33800000	6436
D11	33600001	34600000	6415
D11	34400001	35400000	5137
D11	35200001	36200000	4757
D11	36000001	37000000	5423
D11	36800001	37800000	5878
D11	37600001	38600000	6412
D11	38400001	39400000	6827
D11	39200001	40200000	4620
D11	40000001	41000000	4872
D11	40800001	41800000	5571
D11	41600001	42600000	6172
D11	42400001	43400000	6826
D11	43200001	44200000	7009
D11	44000001	45000000	7985
D11	44800001	45800000	7306
D11	45600001	46600000	6749
D11	46400001	47400000	6448
D11	47200001	48200000	5207
D11	48000001	49000000	5427
D11	48800001	49800000	5594
D11	49600001	50600000	6335
D11	50400001	51400000	5561
D11	51200001	52200000	5950
D11	52000001	53000000	5036
D11	52800001	53800000	5775
D11	53600001	54600000	4887
D11	54400001	55400000	5894
D11	55200001	56200000	6277
D11	56000001	57000000	7730
D11	56800001	57800000	5663
D11	57600001	58600000	3009
D11	58400001	59400000	3025
D11	59200001	60200000	2629
D11	60000001	61000000	3157
D11	60800001	61800000	3368
D11	61600001	62600000	3351
D11	62400001	63400000	2574
D11	63200001	64200000	3399
D11	64000001	65000000	3010
D11	64800001	65800000	2676
D11	65600001	66087774	961
D12	1	1000000	5178
D12	800001	1800000	3638
D12	1600001	2600000	3463
D12	2400001	3400000	3707
D12	3200001	4200000	5363
D12	4000001	5000000	5940
D12	4800001	5800000	5049
D12	5600001	6600000	5000
D12	6400001	7400000	5687
D12	7200001	8200000	6727
D12	8000001	9000000	6839
D12	8800001	9800000	7518
D12	9600001	10600000	6999
D12	10400001	11400000	6041
D12	11200001	12200000	6145
D12	12000001	13000000	7003
D12	12800001	13800000	7131
D12	13600001	14600000	6585
D12	14400001	15400000	6128
D12	15200001	16200000	5845
D12	16000001	17000000	6409
D12	16800001	17800000	6821
D12	17600001	18600000	6900
D12	18400001	19400000	5859
D12	19200001	20200000	7074
D12	20000001	21000000	5789
D12	20800001	21800000	5285
D12	21600001	22600000	5859
D12	22400001	23400000	7338
D12	23200001	24200000	3918
D12	24000001	25000000	4910
D12	24800001	25800000	5212
D12	25600001	26600000	6843
D12	26400001	27400000	6944
D12	27200001	28200000	6726
D12	28000001	29000000	5384
D12	28800001	29800000	5956
D12	29600001	30600000	5007
D12	30400001	31400000	5810
D12	31200001	32200000	5581
D12	32000001	33000000	5412
D12	32800001	33800000	5031
D12	33600001	34600000	6480
D12	34400001	35400000	6810
D12	35200001	36200000	6281
D12	36000001	37000000	6148
D12	36800001	37800000	7775
D12	37600001	38600000	8722
D12	38400001	39400000	8247
D12	39200001	40200000	4702
D12	40000001	41000000	6671
D12	40800001	41800000	6731
D12	41600001	42600000	6762
D12	42400001	43400000	6287
D12	43200001	44200000	5381
D12	44000001	45000000	5353
D12	44800001	45800000	6123
D12	45600001	46600000	6213
D12	46400001	47400000	4789
D12	47200001	48200000	4337
D12	48000001	49000000	5699
D12	48800001	49800000	4834
D12	49600001	50600000	3449
D12	50400001	51400000	4606
D12	51200001	52200000	4934
D12	52000001	53000000	3710
D12	52800001	53800000	3848
D12	53600001	54600000	3272
D12	54400001	55400000	5207
D12	55200001	56200000	3957
D12	56000001	57000000	3233
D12	56800001	57800000	2034
D12	57600001	58600000	2931
D12	58400001	59109837	2442
D13	1	1000000	3889
D13	800001	1800000	3232
D13	1600001	2600000	3680
D13	2400001	3400000	3858
D13	3200001	4200000	5010
D13	4000001	5000000	5411
D13	4800001	5800000	4310
D13	5600001	6600000	6197
D13	6400001	7400000	7323
D13	7200001	8200000	7013
D13	8000001	9000000	6291
D13	8800001	9800000	6583
D13	9600001	10600000	7873
D13	10400001	11400000	5364
D13	11200001	12200000	6251
D13	12000001	13000000	6730
D13	12800001	13800000	7713
D13	13600001	14600000	8497
D13	14400001	15400000	6100
D13	15200001	16200000	6980
D13	16000001	17000000	5607
D13	16800001	17800000	5158
D13	17600001	18600000	7106
D13	18400001	19400000	5667
D13	19200001	20200000	5577
D13	20000001	21000000	5683
D13	20800001	21800000	5271
D13	21600001	22600000	6162
D13	22400001	23400000	4690
D13	23200001	24200000	3469
D13	24000001	25000000	5535
D13	24800001	25800000	4925
D13	25600001	26600000	3315
D13	26400001	27400000	4616
D13	27200001	28200000	7116
D13	28000001	29000000	4720
D13	28800001	29800000	7882
D13	29600001	30600000	5773
D13	30400001	31400000	5269
D13	31200001	32200000	5253
D13	32000001	33000000	6734
D13	32800001	33800000	7078
D13	33600001	34600000	6348
D13	34400001	35400000	6489
D13	35200001	36200000	7292
D13	36000001	37000000	7890
D13	36800001	37800000	6016
D13	37600001	38600000	5946
D13	38400001	39400000	5622
D13	39200001	40200000	6239
D13	40000001	41000000	6484
D13	40800001	41800000	5913
D13	41600001	42600000	6751
D13	42400001	43400000	5798
D13	43200001	44200000	6870
D13	44000001	45000000	7724
D13	44800001	45800000	7177
D13	45600001	46600000	6148
D13	46400001	47400000	7268
D13	47200001	48200000	5637
D13	48000001	49000000	6500
D13	48800001	49800000	6344
D13	49600001	50600000	6404
D13	50400001	51400000	5438
D13	51200001	52200000	5818
D13	52000001	53000000	5138
D13	52800001	53800000	4756
D13	53600001	54600000	5706
D13	54400001	55400000	5447
D13	55200001	56200000	6056
D13	56000001	57000000	4400
D13	56800001	57800000	2355
D13	57600001	58600000	2358
D13	58400001	59400000	3558
D13	59200001	60200000	4165
D13	60000001	60534298	1383
