A01	1	1000000	2578
A01	800001	1800000	3826
A01	1600001	2600000	4378
A01	2400001	3400000	8714
A01	3200001	4200000	7334
A01	4000001	5000000	9677
A01	4800001	5800000	10594
A01	5600001	6600000	10503
A01	6400001	7400000	10624
A01	7200001	8200000	8812
A01	8000001	9000000	16208
A01	8800001	9800000	16507
A01	9600001	10600000	15434
A01	10400001	11400000	13244
A01	11200001	12200000	10584
A01	12000001	13000000	12010
A01	12800001	13800000	11269
A01	13600001	14600000	10697
A01	14400001	15400000	19504
A01	15200001	16200000	17782
A01	16000001	17000000	15625
A01	16800001	17800000	15522
A01	17600001	18600000	13364
A01	18400001	19400000	11546
A01	19200001	20200000	11697
A01	20000001	21000000	16142
A01	20800001	21800000	15067
A01	21600001	22600000	17631
A01	22400001	23400000	14478
A01	23200001	24200000	14665
A01	24000001	25000000	16316
A01	24800001	25800000	17605
A01	25600001	26600000	16278
A01	26400001	27400000	15464
A01	27200001	28200000	13455
A01	28000001	29000000	15588
A01	28800001	29800000	21195
A01	29600001	30600000	16193
A01	30400001	31400000	14966
A01	31200001	32200000	18729
A01	32000001	33000000	17056
A01	32800001	33800000	14246
A01	33600001	34600000	15593
A01	34400001	35400000	12627
A01	35200001	36200000	12974
A01	36000001	37000000	13913
A01	36800001	37800000	14522
A01	37600001	38600000	15479
A01	38400001	39400000	12965
A01	39200001	40200000	14872
A01	40000001	41000000	18196
A01	40800001	41800000	16394
A01	41600001	42600000	12384
A01	42400001	43400000	12352
A01	43200001	44200000	16250
A01	44000001	45000000	18253
A01	44800001	45800000	15420
A01	45600001	46600000	14872
A01	46400001	47400000	12692
A01	47200001	48200000	17610
A01	48000001	49000000	16561
A01	48800001	49800000	14926
A01	49600001	50600000	15434
A01	50400001	51400000	15766
A01	51200001	52200000	14019
A01	52000001	53000000	15031
A01	52800001	53800000	18593
A01	53600001	54600000	18278
A01	54400001	55400000	18774
A01	55200001	56200000	17093
A01	56000001	57000000	13621
A01	56800001	57800000	12655
A01	57600001	58600000	15632
A01	58400001	59400000	15787
A01	59200001	60200000	16783
A01	60000001	61000000	16352
A01	60800001	61800000	16778
A01	61600001	62600000	15501
A01	62400001	63400000	12698
A01	63200001	64200000	15672
A01	64000001	65000000	15795
A01	64800001	65800000	13005
A01	65600001	66600000	14174
A01	66400001	67400000	12027
A01	67200001	68200000	11323
A01	68000001	69000000	16266
A01	68800001	69800000	19323
A01	69600001	70600000	13051
A01	70400001	71400000	18635
A01	71200001	72200000	16489
A01	72000001	73000000	15859
A01	72800001	73800000	15568
A01	73600001	74600000	14039
A01	74400001	75400000	17276
A01	75200001	76200000	12776
A01	76000001	77000000	15965
A01	76800001	77800000	16102
A01	77600001	78600000	15643
A01	78400001	79400000	16938
A01	79200001	80200000	13875
A01	80000001	81000000	14326
A01	80800001	81800000	14375
A01	81600001	82600000	14147
A01	82400001	83400000	14725
A01	83200001	84200000	11961
A01	84000001	85000000	15006
A01	84800001	85800000	16939
A01	85600001	86600000	17504
A01	86400001	87400000	15754
A01	87200001	88200000	14860
A01	88000001	89000000	14614
A01	88800001	89800000	17940
A01	89600001	90600000	13065
A01	90400001	91400000	10940
A01	91200001	92200000	14080
A01	92000001	93000000	14220
A01	92800001	93800000	12992
A01	93600001	94600000	11837
A01	94400001	95400000	11440
A01	95200001	96200000	9812
A01	96000001	97000000	13339
A01	96800001	97800000	11909
A01	97600001	98600000	5812
A01	98400001	99400000	4152
A01	99200001	99884700	4090
A02	1	1000000	2856
A02	800001	1800000	2811
A02	1600001	2600000	8094
A02	2400001	3400000	6989
A02	3200001	4200000	6174
A02	4000001	5000000	12615
A02	4800001	5800000	13100
A02	5600001	6600000	12747
A02	6400001	7400000	10300
A02	7200001	8200000	11045
A02	8000001	9000000	13976
A02	8800001	9800000	16178
A02	9600001	10600000	15866
A02	10400001	11400000	12663
A02	11200001	12200000	13120
A02	12000001	13000000	18809
A02	12800001	13800000	16981
A02	13600001	14600000	16098
A02	14400001	15400000	14416
A02	15200001	16200000	14678
A02	16000001	17000000	16753
A02	16800001	17800000	16320
A02	17600001	18600000	16440
A02	18400001	19400000	14043
A02	19200001	20200000	18635
A02	20000001	21000000	15009
A02	20800001	21800000	17376
A02	21600001	22600000	16694
A02	22400001	23400000	13625
A02	23200001	24200000	18212
A02	24000001	25000000	14980
A02	24800001	25800000	17626
A02	25600001	26600000	15305
A02	26400001	27400000	14422
A02	27200001	28200000	14526
A02	28000001	29000000	12614
A02	28800001	29800000	17447
A02	29600001	30600000	15783
A02	30400001	31400000	16432
A02	31200001	32200000	17186
A02	32000001	33000000	16986
A02	32800001	33800000	14477
A02	33600001	34600000	15613
A02	34400001	35400000	14500
A02	35200001	36200000	13054
A02	36000001	37000000	16625
A02	36800001	37800000	17269
A02	37600001	38600000	18332
A02	38400001	39400000	16530
A02	39200001	40200000	15293
A02	40000001	41000000	13153
A02	40800001	41800000	12267
A02	41600001	42600000	16707
A02	42400001	43400000	18135
A02	43200001	44200000	16017
A02	44000001	45000000	15024
A02	44800001	45800000	16600
A02	45600001	46600000	15470
A02	46400001	47400000	15275
A02	47200001	48200000	15643
A02	48000001	49000000	15057
A02	48800001	49800000	15122
A02	49600001	50600000	18657
A02	50400001	51400000	16163
A02	51200001	52200000	16387
A02	52000001	53000000	13925
A02	52800001	53800000	17603
A02	53600001	54600000	15377
A02	54400001	55400000	16319
A02	55200001	56200000	13078
A02	56000001	57000000	14420
A02	56800001	57800000	15208
A02	57600001	58600000	17346
A02	58400001	59400000	14845
A02	59200001	60200000	18924
A02	60000001	61000000	13442
A02	60800001	61800000	13892
A02	61600001	62600000	14610
A02	62400001	63400000	16618
A02	63200001	64200000	14123
A02	64000001	65000000	13160
A02	64800001	65800000	13953
A02	65600001	66600000	15661
A02	66400001	67400000	15786
A02	67200001	68200000	14167
A02	68000001	69000000	14272
A02	68800001	69800000	19559
A02	69600001	70600000	13162
A02	70400001	71400000	16221
A02	71200001	72200000	18373
A02	72000001	73000000	20759
A02	72800001	73800000	16533
A02	73600001	74600000	16402
A02	74400001	75400000	14506
A02	75200001	76200000	13095
A02	76000001	77000000	16501
A02	76800001	77800000	18002
A02	77600001	78600000	13282
A02	78400001	79400000	9392
A02	79200001	80200000	9632
A02	80000001	81000000	9829
A02	80800001	81800000	8744
A02	81600001	82600000	5984
A02	82400001	83400000	1381
A02	83200001	83447906	307
A03	1	1000000	9041
A03	800001	1800000	6050
A03	1600001	2600000	4663
A03	2400001	3400000	4708
A03	3200001	4200000	7380
A03	4000001	5000000	9287
A03	4800001	5800000	13811
A03	5600001	6600000	12014
A03	6400001	7400000	9884
A03	7200001	8200000	13038
A03	8000001	9000000	14156
A03	8800001	9800000	15207
A03	9600001	10600000	12690
A03	10400001	11400000	14908
A03	11200001	12200000	13769
A03	12000001	13000000	14344
A03	12800001	13800000	17728
A03	13600001	14600000	15212
A03	14400001	15400000	16190
A03	15200001	16200000	17319
A03	16000001	17000000	13895
A03	16800001	17800000	14810
A03	17600001	18600000	18061
A03	18400001	19400000	17030
A03	19200001	20200000	14316
A03	20000001	21000000	17591
A03	20800001	21800000	15716
A03	21600001	22600000	11627
A03	22400001	23400000	16387
A03	23200001	24200000	14304
A03	24000001	25000000	15854
A03	24800001	25800000	14617
A03	25600001	26600000	13103
A03	26400001	27400000	12372
A03	27200001	28200000	15489
A03	28000001	29000000	12933
A03	28800001	29800000	14393
A03	29600001	30600000	13498
A03	30400001	31400000	14052
A03	31200001	32200000	12868
A03	32000001	33000000	15790
A03	32800001	33800000	18611
A03	33600001	34600000	12115
A03	34400001	35400000	15527
A03	35200001	36200000	7295
A03	36000001	37000000	12364
A03	36800001	37800000	11809
A03	37600001	38600000	13514
A03	38400001	39400000	15799
A03	39200001	40200000	16936
A03	40000001	41000000	14477
A03	40800001	41800000	11727
A03	41600001	42600000	14259
A03	42400001	43400000	11506
A03	43200001	44200000	15478
A03	44000001	45000000	17443
A03	44800001	45800000	18317
A03	45600001	46600000	14896
A03	46400001	47400000	11942
A03	47200001	48200000	13753
A03	48000001	49000000	17708
A03	48800001	49800000	15489
A03	49600001	50600000	10621
A03	50400001	51400000	10766
A03	51200001	52200000	12774
A03	52000001	53000000	13154
A03	52800001	53800000	12663
A03	53600001	54600000	12645
A03	54400001	55400000	11847
A03	55200001	56200000	13929
A03	56000001	57000000	13794
A03	56800001	57800000	13000
A03	57600001	58600000	14635
A03	58400001	59400000	18139
A03	59200001	60200000	16260
A03	60000001	61000000	13838
A03	60800001	61800000	14317
A03	61600001	62600000	13883
A03	62400001	63400000	15998
A03	63200001	64200000	16153
A03	64000001	65000000	18549
A03	64800001	65800000	18083
A03	65600001	66600000	20802
A03	66400001	67400000	15695
A03	67200001	68200000	16871
A03	68000001	69000000	16138
A03	68800001	69800000	14848
A03	69600001	70600000	13271
A03	70400001	71400000	15092
A03	71200001	72200000	15472
A03	72000001	73000000	16939
A03	72800001	73800000	13400
A03	73600001	74600000	16363
A03	74400001	75400000	13205
A03	75200001	76200000	14526
A03	76000001	77000000	15996
A03	76800001	77800000	17763
A03	77600001	78600000	17133
A03	78400001	79400000	17002
A03	79200001	80200000	18396
A03	80000001	81000000	11643
A03	80800001	81800000	12883
A03	81600001	82600000	17654
A03	82400001	83400000	17001
A03	83200001	84200000	13677
A03	84000001	85000000	14648
A03	84800001	85800000	14259
A03	85600001	86600000	14434
A03	86400001	87400000	13148
A03	87200001	88200000	18459
A03	88000001	89000000	14492
A03	88800001	89800000	15130
A03	89600001	90600000	16954
A03	90400001	91400000	11919
A03	91200001	92200000	14039
A03	92000001	93000000	13890
A03	92800001	93800000	13891
A03	93600001	94600000	11126
A03	94400001	95400000	9750
A03	95200001	96200000	9212
A03	96000001	97000000	12524
A03	96800001	97800000	4120
A03	97600001	98600000	5744
A03	98400001	99400000	3854
A03	99200001	100200000	2634
A03	100000001	100263045	1054
A04	1	1000000	9121
A04	800001	1800000	6818
A04	1600001	2600000	9193
A04	2400001	3400000	11547
A04	3200001	4200000	8955
A04	4000001	5000000	8040
A04	4800001	5800000	14526
A04	5600001	6600000	13080
A04	6400001	7400000	12007
A04	7200001	8200000	14889
A04	8000001	9000000	15800
A04	8800001	9800000	15458
A04	9600001	10600000	16985
A04	10400001	11400000	13496
A04	11200001	12200000	13376
A04	12000001	13000000	15025
A04	12800001	13800000	14102
A04	13600001	14600000	15132
A04	14400001	15400000	18893
A04	15200001	16200000	16675
A04	16000001	17000000	17057
A04	16800001	17800000	15065
A04	17600001	18600000	14710
A04	18400001	19400000	15148
A04	19200001	20200000	14133
A04	20000001	21000000	15903
A04	20800001	21800000	12983
A04	21600001	22600000	15283
A04	22400001	23400000	11239
A04	23200001	24200000	15000
A04	24000001	25000000	14524
A04	24800001	25800000	14575
A04	25600001	26600000	15707
A04	26400001	27400000	15430
A04	27200001	28200000	17926
A04	28000001	29000000	13262
A04	28800001	29800000	12617
A04	29600001	30600000	15698
A04	30400001	31400000	15580
A04	31200001	32200000	15105
A04	32000001	33000000	14659
A04	32800001	33800000	10743
A04	33600001	34600000	12312
A04	34400001	35400000	15797
A04	35200001	36200000	16972
A04	36000001	37000000	14768
A04	36800001	37800000	16571
A04	37600001	38600000	15356
A04	38400001	39400000	17123
A04	39200001	40200000	15303
A04	40000001	41000000	17981
A04	40800001	41800000	14106
A04	41600001	42600000	12247
A04	42400001	43400000	12270
A04	43200001	44200000	14846
A04	44000001	45000000	17088
A04	44800001	45800000	14728
A04	45600001	46600000	17013
A04	46400001	47400000	14470
A04	47200001	48200000	18412
A04	48000001	49000000	16603
A04	48800001	49800000	15792
A04	49600001	50600000	14519
A04	50400001	51400000	18003
A04	51200001	52200000	16837
A04	52000001	53000000	14158
A04	52800001	53800000	14262
A04	53600001	54600000	11370
A04	54400001	55400000	15056
A04	55200001	56200000	12160
A04	56000001	57000000	15003
A04	56800001	57800000	13248
A04	57600001	58600000	15251
A04	58400001	59400000	10635
A04	59200001	60200000	10425
A04	60000001	61000000	6463
A04	60800001	61800000	7634
A04	61600001	62600000	3981
A04	62400001	62913772	905
A05	1	1000000	4725
A05	800001	1800000	2749
A05	1600001	2600000	3163
A05	2400001	3400000	3022
A05	3200001	4200000	2155
A05	4000001	5000000	3222
A05	4800001	5800000	2020
A05	5600001	6600000	2443
A05	6400001	7400000	3544
A05	7200001	8200000	2774
A05	8000001	9000000	2040
A05	8800001	9800000	2738
A05	9600001	10600000	3580
A05	10400001	11400000	2920
A05	11200001	12200000	2761
A05	12000001	13000000	4107
A05	12800001	13800000	5626
A05	13600001	14600000	4676
A05	14400001	15400000	3830
A05	15200001	16200000	4771
A05	16000001	17000000	6096
A05	16800001	17800000	4811
A05	17600001	18600000	6663
A05	18400001	19400000	3603
A05	19200001	20200000	4952
A05	20000001	21000000	8282
A05	20800001	21800000	7417
A05	21600001	22600000	9250
A05	22400001	23400000	12998
A05	23200001	24200000	8432
A05	24000001	25000000	7891
A05	24800001	25800000	10460
A05	25600001	26600000	12958
A05	26400001	27400000	8843
A05	27200001	28200000	10101
A05	28000001	29000000	13795
A05	28800001	29800000	13043
A05	29600001	30600000	13306
A05	30400001	31400000	17505
A05	31200001	32200000	16362
A05	32000001	33000000	14483
A05	32800001	33800000	18705
A05	33600001	34600000	15884
A05	34400001	35400000	16045
A05	35200001	36200000	16053
A05	36000001	37000000	14742
A05	36800001	37800000	18153
A05	37600001	38600000	17465
A05	38400001	39400000	17852
A05	39200001	40200000	16058
A05	40000001	41000000	13289
A05	40800001	41800000	14621
A05	41600001	42600000	14701
A05	42400001	43400000	17380
A05	43200001	44200000	13641
A05	44000001	45000000	16752
A05	44800001	45800000	13326
A05	45600001	46600000	13200
A05	46400001	47400000	16486
A05	47200001	48200000	18764
A05	48000001	49000000	13812
A05	48800001	49800000	12634
A05	49600001	50600000	18181
A05	50400001	51400000	20801
A05	51200001	52200000	17765
A05	52000001	53000000	16922
A05	52800001	53800000	11606
A05	53600001	54600000	16483
A05	54400001	55400000	16194
A05	55200001	56200000	17345
A05	56000001	57000000	13590
A05	56800001	57800000	16795
A05	57600001	58600000	15275
A05	58400001	59400000	13196
A05	59200001	60200000	11290
A05	60000001	61000000	14573
A05	60800001	61800000	17192
A05	61600001	62600000	32294
A05	62400001	63400000	14653
A05	63200001	64200000	11202
A05	64000001	65000000	17335
A05	64800001	65800000	17751
A05	65600001	66600000	16030
A05	66400001	67400000	15897
A05	67200001	68200000	11336
A05	68000001	69000000	12647
A05	68800001	69800000	18846
A05	69600001	70600000	18110
A05	70400001	71400000	15119
A05	71200001	72200000	14141
A05	72000001	73000000	14933
A05	72800001	73800000	15604
A05	73600001	74600000	14243
A05	74400001	75400000	15370
A05	75200001	76200000	15275
A05	76000001	77000000	16794
A05	76800001	77800000	16658
A05	77600001	78600000	12150
A05	78400001	79400000	14049
A05	79200001	80200000	15876
A05	80000001	81000000	13824
A05	80800001	81800000	13471
A05	81600001	82600000	16399
A05	82400001	83400000	16002
A05	83200001	84200000	9706
A05	84000001	85000000	12568
A05	84800001	85800000	11882
A05	85600001	86600000	9699
A05	86400001	87400000	9654
A05	87200001	88200000	8515
A05	88000001	89000000	8072
A05	88800001	89800000	7571
A05	89600001	90600000	9013
A05	90400001	91400000	4285
A05	91200001	92200000	2774
A05	92000001	92047023	123
A06	1	1000000	3270
A06	800001	1800000	6467
A06	1600001	2600000	6892
A06	2400001	3400000	7095
A06	3200001	4200000	9538
A06	4000001	5000000	16830
A06	4800001	5800000	12454
A06	5600001	6600000	13928
A06	6400001	7400000	11209
A06	7200001	8200000	16123
A06	8000001	9000000	13973
A06	8800001	9800000	11754
A06	9600001	10600000	13577
A06	10400001	11400000	14599
A06	11200001	12200000	18754
A06	12000001	13000000	19264
A06	12800001	13800000	14016
A06	13600001	14600000	13610
A06	14400001	15400000	11404
A06	15200001	16200000	12841
A06	16000001	17000000	17396
A06	16800001	17800000	14661
A06	17600001	18600000	17142
A06	18400001	19400000	17018
A06	19200001	20200000	17283
A06	20000001	21000000	20062
A06	20800001	21800000	17833
A06	21600001	22600000	15307
A06	22400001	23400000	16018
A06	23200001	24200000	15131
A06	24000001	25000000	15760
A06	24800001	25800000	14805
A06	25600001	26600000	10722
A06	26400001	27400000	15229
A06	27200001	28200000	17004
A06	28000001	29000000	19561
A06	28800001	29800000	16105
A06	29600001	30600000	12167
A06	30400001	31400000	16416
A06	31200001	32200000	16380
A06	32000001	33000000	14692
A06	32800001	33800000	13174
A06	33600001	34600000	17157
A06	34400001	35400000	14643
A06	35200001	36200000	15790
A06	36000001	37000000	17013
A06	36800001	37800000	17718
A06	37600001	38600000	18458
A06	38400001	39400000	15510
A06	39200001	40200000	19698
A06	40000001	41000000	15265
A06	40800001	41800000	14366
A06	41600001	42600000	14881
A06	42400001	43400000	17974
A06	43200001	44200000	13108
A06	44000001	45000000	13144
A06	44800001	45800000	18075
A06	45600001	46600000	12180
A06	46400001	47400000	12099
A06	47200001	48200000	12130
A06	48000001	49000000	14771
A06	48800001	49800000	16212
A06	49600001	50600000	13370
A06	50400001	51400000	12970
A06	51200001	52200000	14860
A06	52000001	53000000	13847
A06	52800001	53800000	11784
A06	53600001	54600000	12897
A06	54400001	55400000	12792
A06	55200001	56200000	13040
A06	56000001	57000000	11115
A06	56800001	57800000	12396
A06	57600001	58600000	13041
A06	58400001	59400000	14743
A06	59200001	60200000	13304
A06	60000001	61000000	13853
A06	60800001	61800000	15242
A06	61600001	62600000	11082
A06	62400001	63400000	13107
A06	63200001	64200000	15574
A06	64000001	65000000	13986
A06	64800001	65800000	14165
A06	65600001	66600000	16918
A06	66400001	67400000	17060
A06	67200001	68200000	14831
A06	68000001	69000000	15007
A06	68800001	69800000	11570
A06	69600001	70600000	15646
A06	70400001	71400000	11406
A06	71200001	72200000	14521
A06	72000001	73000000	12412
A06	72800001	73800000	15094
A06	73600001	74600000	11658
A06	74400001	75400000	14823
A06	75200001	76200000	15510
A06	76000001	77000000	17653
A06	76800001	77800000	17248
A06	77600001	78600000	16606
A06	78400001	79400000	17080
A06	79200001	80200000	15556
A06	80000001	81000000	13999
A06	80800001	81800000	15543
A06	81600001	82600000	14646
A06	82400001	83400000	15456
A06	83200001	84200000	15369
A06	84000001	85000000	13098
A06	84800001	85800000	14746
A06	85600001	86600000	13411
A06	86400001	87400000	15163
A06	87200001	88200000	14968
A06	88000001	89000000	15718
A06	88800001	89800000	16319
A06	89600001	90600000	15709
A06	90400001	91400000	18506
A06	91200001	92200000	17976
A06	92000001	93000000	16459
A06	92800001	93800000	14248
A06	93600001	94600000	16243
A06	94400001	95400000	14048
A06	95200001	96200000	13058
A06	96000001	97000000	13708
A06	96800001	97800000	11982
A06	97600001	98600000	14048
A06	98400001	99400000	15313
A06	99200001	100200000	10556
A06	100000001	101000000	11082
A06	100800001	101800000	8565
A06	101600001	102600000	3324
A06	102400001	103170444	1997
A07	1	1000000	4326
A07	800001	1800000	2433
A07	1600001	2600000	3120
A07	2400001	3400000	5530
A07	3200001	4200000	5768
A07	4000001	5000000	3211
A07	4800001	5800000	6184
A07	5600001	6600000	6976
A07	6400001	7400000	12419
A07	7200001	8200000	9635
A07	8000001	9000000	7820
A07	8800001	9800000	11563
A07	9600001	10600000	16094
A07	10400001	11400000	18744
A07	11200001	12200000	16381
A07	12000001	13000000	15330
A07	12800001	13800000	14642
A07	13600001	14600000	11743
A07	14400001	15400000	17507
A07	15200001	16200000	15268
A07	16000001	17000000	11474
A07	16800001	17800000	14434
A07	17600001	18600000	11080
A07	18400001	19400000	15243
A07	19200001	20200000	15307
A07	20000001	21000000	14167
A07	20800001	21800000	16304
A07	21600001	22600000	17738
A07	22400001	23400000	12501
A07	23200001	24200000	15862
A07	24000001	25000000	17114
A07	24800001	25800000	13751
A07	25600001	26600000	12800
A07	26400001	27400000	14580
A07	27200001	28200000	20804
A07	28000001	29000000	13923
A07	28800001	29800000	13512
A07	29600001	30600000	16931
A07	30400001	31400000	15199
A07	31200001	32200000	14295
A07	32000001	33000000	14521
A07	32800001	33800000	16376
A07	33600001	34600000	12555
A07	34400001	35400000	12505
A07	35200001	36200000	15109
A07	36000001	37000000	13338
A07	36800001	37800000	15332
A07	37600001	38600000	18502
A07	38400001	39400000	18709
A07	39200001	40200000	14080
A07	40000001	41000000	18905
A07	40800001	41800000	16705
A07	41600001	42600000	13990
A07	42400001	43400000	10508
A07	43200001	44200000	12302
A07	44000001	45000000	16405
A07	44800001	45800000	17784
A07	45600001	46600000	16548
A07	46400001	47400000	12778
A07	47200001	48200000	15486
A07	48000001	49000000	15148
A07	48800001	49800000	11325
A07	49600001	50600000	13775
A07	50400001	51400000	13311
A07	51200001	52200000	17428
A07	52000001	53000000	17348
A07	52800001	53800000	15143
A07	53600001	54600000	13867
A07	54400001	55400000	16863
A07	55200001	56200000	16332
A07	56000001	57000000	14436
A07	56800001	57800000	14619
A07	57600001	58600000	16916
A07	58400001	59400000	14214
A07	59200001	60200000	11135
A07	60000001	61000000	15895
A07	60800001	61800000	17169
A07	61600001	62600000	16904
A07	62400001	63400000	14909
A07	63200001	64200000	15199
A07	64000001	65000000	15909
A07	64800001	65800000	15730
A07	65600001	66600000	18319
A07	66400001	67400000	15024
A07	67200001	68200000	16837
A07	68000001	69000000	25162
A07	68800001	69800000	19120
A07	69600001	70600000	13273
A07	70400001	71400000	14721
A07	71200001	72200000	12970
A07	72000001	73000000	11234
A07	72800001	73800000	7876
A07	73600001	74600000	10272
A07	74400001	75400000	7815
A07	75200001	76200000	10928
A07	76000001	77000000	7245
A07	76800001	77800000	7685
A07	77600001	78251018	5652
A08	1	1000000	2872
A08	800001	1800000	5189
A08	1600001	2600000	7390
A08	2400001	3400000	10357
A08	3200001	4200000	6704
A08	4000001	5000000	11333
A08	4800001	5800000	9259
A08	5600001	6600000	8697
A08	6400001	7400000	11931
A08	7200001	8200000	13160
A08	8000001	9000000	11743
A08	8800001	9800000	15865
A08	9600001	10600000	14324
A08	10400001	11400000	13193
A08	11200001	12200000	18076
A08	12000001	13000000	15732
A08	12800001	13800000	18721
A08	13600001	14600000	16104
A08	14400001	15400000	11346
A08	15200001	16200000	13608
A08	16000001	17000000	15082
A08	16800001	17800000	16209
A08	17600001	18600000	16413
A08	18400001	19400000	17408
A08	19200001	20200000	15188
A08	20000001	21000000	15274
A08	20800001	21800000	15324
A08	21600001	22600000	16242
A08	22400001	23400000	15628
A08	23200001	24200000	14265
A08	24000001	25000000	15506
A08	24800001	25800000	15482
A08	25600001	26600000	14878
A08	26400001	27400000	14321
A08	27200001	28200000	13155
A08	28000001	29000000	10940
A08	28800001	29800000	14253
A08	29600001	30600000	13798
A08	30400001	31400000	10828
A08	31200001	32200000	10588
A08	32000001	33000000	10798
A08	32800001	33800000	12953
A08	33600001	34600000	14588
A08	34400001	35400000	15485
A08	35200001	36200000	15194
A08	36000001	37000000	14958
A08	36800001	37800000	13070
A08	37600001	38600000	12804
A08	38400001	39400000	15036
A08	39200001	40200000	12901
A08	40000001	41000000	15065
A08	40800001	41800000	12118
A08	41600001	42600000	12522
A08	42400001	43400000	15168
A08	43200001	44200000	14415
A08	44000001	45000000	14854
A08	44800001	45800000	8274
A08	45600001	46600000	5713
A08	46400001	47400000	11342
A08	47200001	48200000	13810
A08	48000001	49000000	13797
A08	48800001	49800000	13692
A08	49600001	50600000	13153
A08	50400001	51400000	9413
A08	51200001	52200000	15437
A08	52000001	53000000	13542
A08	52800001	53800000	16163
A08	53600001	54600000	13141
A08	54400001	55400000	6494
A08	55200001	56200000	15063
A08	56000001	57000000	12062
A08	56800001	57800000	12733
A08	57600001	58600000	15928
A08	58400001	59400000	12719
A08	59200001	60200000	14732
A08	60000001	61000000	11568
A08	60800001	61800000	13832
A08	61600001	62600000	13097
A08	62400001	63400000	13020
A08	63200001	64200000	14373
A08	64000001	65000000	16369
A08	64800001	65800000	17721
A08	65600001	66600000	19134
A08	66400001	67400000	15667
A08	67200001	68200000	13959
A08	68000001	69000000	14864
A08	68800001	69800000	15402
A08	69600001	70600000	17082
A08	70400001	71400000	16519
A08	71200001	72200000	17499
A08	72000001	73000000	13482
A08	72800001	73800000	13357
A08	73600001	74600000	17478
A08	74400001	75400000	14320
A08	75200001	76200000	15973
A08	76000001	77000000	16783
A08	76800001	77800000	16454
A08	77600001	78600000	16114
A08	78400001	79400000	17777
A08	79200001	80200000	15039
A08	80000001	81000000	17324
A08	80800001	81800000	16595
A08	81600001	82600000	13680
A08	82400001	83400000	14605
A08	83200001	84200000	14366
A08	84000001	85000000	16656
A08	84800001	85800000	11889
A08	85600001	86600000	15769
A08	86400001	87400000	16136
A08	87200001	88200000	14953
A08	88000001	89000000	16608
A08	88800001	89800000	11994
A08	89600001	90600000	6808
A08	90400001	91400000	12141
A08	91200001	92200000	14737
A08	92000001	93000000	13861
A08	92800001	93800000	18095
A08	93600001	94600000	13902
A08	94400001	95400000	15147
A08	95200001	96200000	7118
A08	96000001	97000000	8627
A08	96800001	97800000	8199
A08	97600001	98600000	7260
A08	98400001	99400000	7147
A08	99200001	100200000	9045
A08	100000001	101000000	5880
A08	100800001	101800000	1884
A08	101600001	102600000	2093
A08	102400001	103400000	2534
A08	103200001	103626341	2841
A09	1	1000000	12079
A09	800001	1800000	11980
A09	1600001	2600000	11387
A09	2400001	3400000	9072
A09	3200001	4200000	12664
A09	4000001	5000000	14683
A09	4800001	5800000	14833
A09	5600001	6600000	12067
A09	6400001	7400000	15297
A09	7200001	8200000	14697
A09	8000001	9000000	16765
A09	8800001	9800000	15242
A09	9600001	10600000	15795
A09	10400001	11400000	16513
A09	11200001	12200000	16541
A09	12000001	13000000	15134
A09	12800001	13800000	18295
A09	13600001	14600000	13697
A09	14400001	15400000	13494
A09	15200001	16200000	14519
A09	16000001	17000000	12836
A09	16800001	17800000	16478
A09	17600001	18600000	15709
A09	18400001	19400000	14031
A09	19200001	20200000	17092
A09	20000001	21000000	15608
A09	20800001	21800000	12404
A09	21600001	22600000	13268
A09	22400001	23400000	16380
A09	23200001	24200000	12609
A09	24000001	25000000	15069
A09	24800001	25800000	10005
A09	25600001	26600000	13678
A09	26400001	27400000	14592
A09	27200001	28200000	13828
A09	28000001	29000000	13332
A09	28800001	29800000	12009
A09	29600001	30600000	14210
A09	30400001	31400000	17752
A09	31200001	32200000	15460
A09	32000001	33000000	14074
A09	32800001	33800000	15260
A09	33600001	34600000	18050
A09	34400001	35400000	15188
A09	35200001	36200000	12469
A09	36000001	37000000	14032
A09	36800001	37800000	17565
A09	37600001	38600000	15187
A09	38400001	39400000	15209
A09	39200001	40200000	15959
A09	40000001	41000000	16752
A09	40800001	41800000	16062
A09	41600001	42600000	19579
A09	42400001	43400000	15968
A09	43200001	44200000	19492
A09	44000001	45000000	18962
A09	44800001	45800000	15719
A09	45600001	46600000	16582
A09	46400001	47400000	16564
A09	47200001	48200000	12906
A09	48000001	49000000	11307
A09	48800001	49800000	15156
A09	49600001	50600000	15523
A09	50400001	51400000	18691
A09	51200001	52200000	17082
A09	52000001	53000000	11012
A09	52800001	53800000	12401
A09	53600001	54600000	16562
A09	54400001	55400000	10184
A09	55200001	56200000	8283
A09	56000001	57000000	15059
A09	56800001	57800000	13031
A09	57600001	58600000	10615
A09	58400001	59400000	10071
A09	59200001	60200000	9443
A09	60000001	61000000	8219
A09	60800001	61800000	10285
A09	61600001	62600000	12924
A09	62400001	63400000	8674
A09	63200001	64200000	10379
A09	64000001	65000000	8172
A09	64800001	65800000	6932
A09	65600001	66600000	9936
A09	66400001	67400000	8433
A09	67200001	68200000	5064
A09	68000001	69000000	5097
A09	68800001	69800000	3215
A09	69600001	70600000	2940
A09	70400001	71400000	4402
A09	71200001	72200000	4369
A09	72000001	73000000	2773
A09	72800001	73800000	2191
A09	73600001	74600000	4656
A09	74400001	74999931	895
A10	1	1000000	3514
A10	800001	1800000	5821
A10	1600001	2600000	2603
A10	2400001	3400000	2354
A10	3200001	4200000	5658
A10	4000001	5000000	7830
A10	4800001	5800000	7964
A10	5600001	6600000	11455
A10	6400001	7400000	11637
A10	7200001	8200000	16516
A10	8000001	9000000	19120
A10	8800001	9800000	17099
A10	9600001	10600000	12608
A10	10400001	11400000	12312
A10	11200001	12200000	9686
A10	12000001	13000000	8332
A10	12800001	13800000	13434
A10	13600001	14600000	16402
A10	14400001	15400000	15806
A10	15200001	16200000	15366
A10	16000001	17000000	13921
A10	16800001	17800000	14614
A10	17600001	18600000	14414
A10	18400001	19400000	13898
A10	19200001	20200000	18457
A10	20000001	21000000	11072
A10	20800001	21800000	14757
A10	21600001	22600000	15554
A10	22400001	23400000	13908
A10	23200001	24200000	10941
A10	24000001	25000000	11779
A10	24800001	25800000	15854
A10	25600001	26600000	14805
A10	26400001	27400000	13668
A10	27200001	28200000	14177
A10	28000001	29000000	16656
A10	28800001	29800000	13812
A10	29600001	30600000	12977
A10	30400001	31400000	11714
A10	31200001	32200000	15401
A10	32000001	33000000	13649
A10	32800001	33800000	12377
A10	33600001	34600000	18573
A10	34400001	35400000	19230
A10	35200001	36200000	14332
A10	36000001	37000000	11065
A10	36800001	37800000	13034
A10	37600001	38600000	13866
A10	38400001	39400000	15060
A10	39200001	40200000	15046
A10	40000001	41000000	14767
A10	40800001	41800000	11215
A10	41600001	42600000	13002
A10	42400001	43400000	16787
A10	43200001	44200000	13951
A10	44000001	45000000	14153
A10	44800001	45800000	13390
A10	45600001	46600000	16428
A10	46400001	47400000	14267
A10	47200001	48200000	17296
A10	48000001	49000000	16195
A10	48800001	49800000	15296
A10	49600001	50600000	17562
A10	50400001	51400000	15527
A10	51200001	52200000	15059
A10	52000001	53000000	16446
A10	52800001	53800000	13164
A10	53600001	54600000	14297
A10	54400001	55400000	15327
A10	55200001	56200000	12191
A10	56000001	57000000	14202
A10	56800001	57800000	13550
A10	57600001	58600000	16212
A10	58400001	59400000	15380
A10	59200001	60200000	16687
A10	60000001	61000000	18935
A10	60800001	61800000	19460
A10	61600001	62600000	17340
A10	62400001	63400000	12942
A10	63200001	64200000	15203
A10	64000001	65000000	13643
A10	64800001	65800000	13938
A10	65600001	66600000	16412
A10	66400001	67400000	16467
A10	67200001	68200000	13152
A10	68000001	69000000	17062
A10	68800001	69800000	15616
A10	69600001	70600000	15038
A10	70400001	71400000	16004
A10	71200001	72200000	14736
A10	72000001	73000000	13606
A10	72800001	73800000	13731
A10	73600001	74600000	16153
A10	74400001	75400000	14569
A10	75200001	76200000	14062
A10	76000001	77000000	14941
A10	76800001	77800000	16263
A10	77600001	78600000	18458
A10	78400001	79400000	16588
A10	79200001	80200000	17931
A10	80000001	81000000	19035
A10	80800001	81800000	14655
A10	81600001	82600000	17571
A10	82400001	83400000	19277
A10	83200001	84200000	15202
A10	84000001	85000000	16440
A10	84800001	85800000	11352
A10	85600001	86600000	13758
A10	86400001	87400000	14332
A10	87200001	88200000	13591
A10	88000001	89000000	15460
A10	88800001	89800000	17999
A10	89600001	90600000	14870
A10	90400001	91400000	11279
A10	91200001	92200000	11097
A10	92000001	93000000	14372
A10	92800001	93800000	12905
A10	93600001	94600000	13123
A10	94400001	95400000	8223
A10	95200001	96200000	9995
A10	96000001	97000000	7946
A10	96800001	97800000	9490
A10	97600001	98600000	9830
A10	98400001	99400000	11212
A10	99200001	100200000	7414
A10	100000001	101000000	6094
A10	100800001	100866604	65
A11	1	1000000	5524
A11	800001	1800000	3160
A11	1600001	2600000	3187
A11	2400001	3400000	2740
A11	3200001	4200000	4577
A11	4000001	5000000	4293
A11	4800001	5800000	5527
A11	5600001	6600000	4077
A11	6400001	7400000	6374
A11	7200001	8200000	3992
A11	8000001	9000000	5432
A11	8800001	9800000	9237
A11	9600001	10600000	9052
A11	10400001	11400000	7735
A11	11200001	12200000	7450
A11	12000001	13000000	9213
A11	12800001	13800000	10733
A11	13600001	14600000	12756
A11	14400001	15400000	8999
A11	15200001	16200000	10543
A11	16000001	17000000	14930
A11	16800001	17800000	8834
A11	17600001	18600000	11156
A11	18400001	19400000	16043
A11	19200001	20200000	13084
A11	20000001	21000000	11909
A11	20800001	21800000	15680
A11	21600001	22600000	11362
A11	22400001	23400000	13610
A11	23200001	24200000	14168
A11	24000001	25000000	14958
A11	24800001	25800000	14593
A11	25600001	26600000	16171
A11	26400001	27400000	17015
A11	27200001	28200000	16230
A11	28000001	29000000	14680
A11	28800001	29800000	14808
A11	29600001	30600000	16983
A11	30400001	31400000	12679
A11	31200001	32200000	15340
A11	32000001	33000000	16424
A11	32800001	33800000	16404
A11	33600001	34600000	14659
A11	34400001	35400000	12768
A11	35200001	36200000	15408
A11	36000001	37000000	18465
A11	36800001	37800000	17488
A11	37600001	38600000	12722
A11	38400001	39400000	13121
A11	39200001	40200000	12280
A11	40000001	41000000	16831
A11	40800001	41800000	11344
A11	41600001	42600000	10973
A11	42400001	43400000	17947
A11	43200001	44200000	17374
A11	44000001	45000000	13931
A11	44800001	45800000	11409
A11	45600001	46600000	16661
A11	46400001	47400000	14942
A11	47200001	48200000	14752
A11	48000001	49000000	11051
A11	48800001	49800000	15230
A11	49600001	50600000	14946
A11	50400001	51400000	14762
A11	51200001	52200000	14443
A11	52000001	53000000	17419
A11	52800001	53800000	16141
A11	53600001	54600000	14897
A11	54400001	55400000	11866
A11	55200001	56200000	11900
A11	56000001	57000000	14409
A11	56800001	57800000	13732
A11	57600001	58600000	15140
A11	58400001	59400000	13504
A11	59200001	60200000	14590
A11	60000001	61000000	18995
A11	60800001	61800000	14574
A11	61600001	62600000	15189
A11	62400001	63400000	16872
A11	63200001	64200000	16447
A11	64000001	65000000	15318
A11	64800001	65800000	16262
A11	65600001	66600000	15298
A11	66400001	67400000	13015
A11	67200001	68200000	16351
A11	68000001	69000000	18498
A11	68800001	69800000	17501
A11	69600001	70600000	12802
A11	70400001	71400000	16654
A11	71200001	72200000	13220
A11	72000001	73000000	15242
A11	72800001	73800000	15909
A11	73600001	74600000	12472
A11	74400001	75400000	14504
A11	75200001	76200000	15099
A11	76000001	77000000	11761
A11	76800001	77800000	13234
A11	77600001	78600000	15026
A11	78400001	79400000	14976
A11	79200001	80200000	15895
A11	80000001	81000000	13569
A11	80800001	81800000	10888
A11	81600001	82600000	12963
A11	82400001	83400000	9613
A11	83200001	84200000	7962
A11	84000001	85000000	12394
A11	84800001	85800000	12485
A11	85600001	86600000	14175
A11	86400001	87400000	13150
A11	87200001	88200000	10705
A11	88000001	89000000	5996
A11	88800001	89800000	9046
A11	89600001	90600000	8741
A11	90400001	91400000	8827
A11	91200001	92200000	9182
A11	92000001	93000000	6650
A11	92800001	93316192	1068
A12	1	1000000	6661
A12	800001	1800000	8249
A12	1600001	2600000	7936
A12	2400001	3400000	9268
A12	3200001	4200000	10297
A12	4000001	5000000	13141
A12	4800001	5800000	15637
A12	5600001	6600000	13596
A12	6400001	7400000	10738
A12	7200001	8200000	14757
A12	8000001	9000000	11815
A12	8800001	9800000	13833
A12	9600001	10600000	9308
A12	10400001	11400000	14802
A12	11200001	12200000	18307
A12	12000001	13000000	15278
A12	12800001	13800000	12427
A12	13600001	14600000	14174
A12	14400001	15400000	14901
A12	15200001	16200000	16597
A12	16000001	17000000	16765
A12	16800001	17800000	16347
A12	17600001	18600000	18347
A12	18400001	19400000	21211
A12	19200001	20200000	15969
A12	20000001	21000000	17834
A12	20800001	21800000	18638
A12	21600001	22600000	16100
A12	22400001	23400000	16753
A12	23200001	24200000	16479
A12	24000001	25000000	12595
A12	24800001	25800000	12847
A12	25600001	26600000	12383
A12	26400001	27400000	16700
A12	27200001	28200000	16493
A12	28000001	29000000	17193
A12	28800001	29800000	18031
A12	29600001	30600000	17470
A12	30400001	31400000	12726
A12	31200001	32200000	11590
A12	32000001	33000000	14421
A12	32800001	33800000	13408
A12	33600001	34600000	12737
A12	34400001	35400000	12739
A12	35200001	36200000	11254
A12	36000001	37000000	11926
A12	36800001	37800000	12444
A12	37600001	38600000	17704
A12	38400001	39400000	15808
A12	39200001	40200000	17167
A12	40000001	41000000	16654
A12	40800001	41800000	17032
A12	41600001	42600000	16675
A12	42400001	43400000	13993
A12	43200001	44200000	13714
A12	44000001	45000000	14891
A12	44800001	45800000	16247
A12	45600001	46600000	15489
A12	46400001	47400000	12427
A12	47200001	48200000	15444
A12	48000001	49000000	13131
A12	48800001	49800000	17667
A12	49600001	50600000	11914
A12	50400001	51400000	18851
A12	51200001	52200000	15256
A12	52000001	53000000	15598
A12	52800001	53800000	16312
A12	53600001	54600000	16925
A12	54400001	55400000	18355
A12	55200001	56200000	16689
A12	56000001	57000000	17294
A12	56800001	57800000	15091
A12	57600001	58600000	14130
A12	58400001	59400000	15601
A12	59200001	60200000	12920
A12	60000001	61000000	11269
A12	60800001	61800000	11451
A12	61600001	62600000	16943
A12	62400001	63400000	16439
A12	63200001	64200000	13150
A12	64000001	65000000	10973
A12	64800001	65800000	11762
A12	65600001	66600000	9931
A12	66400001	67400000	13808
A12	67200001	68200000	15513
A12	68000001	69000000	14965
A12	68800001	69800000	12527
A12	69600001	70600000	16111
A12	70400001	71400000	15315
A12	71200001	72200000	15561
A12	72000001	73000000	12592
A12	72800001	73800000	11879
A12	73600001	74600000	9595
A12	74400001	75400000	13157
A12	75200001	76200000	14799
A12	76000001	77000000	11929
A12	76800001	77800000	11900
A12	77600001	78600000	8622
A12	78400001	79400000	9165
A12	79200001	80200000	10285
A12	80000001	81000000	7142
A12	80800001	81800000	4990
A12	81600001	82600000	6785
A12	82400001	83400000	5768
A12	83200001	84200000	3806
A12	84000001	85000000	3045
A12	84800001	85800000	2518
A12	85600001	86600000	2803
A12	86400001	87400000	2455
A12	87200001	87484866	637
A13	1	1000000	7666
A13	800001	1800000	7884
A13	1600001	2600000	7920
A13	2400001	3400000	6110
A13	3200001	4200000	6175
A13	4000001	5000000	9769
A13	4800001	5800000	9452
A13	5600001	6600000	14287
A13	6400001	7400000	15737
A13	7200001	8200000	15023
A13	8000001	9000000	17491
A13	8800001	9800000	15634
A13	9600001	10600000	16007
A13	10400001	11400000	10527
A13	11200001	12200000	14249
A13	12000001	13000000	16297
A13	12800001	13800000	14416
A13	13600001	14600000	13519
A13	14400001	15400000	18720
A13	15200001	16200000	15102
A13	16000001	17000000	13474
A13	16800001	17800000	15363
A13	17600001	18600000	14698
A13	18400001	19400000	17845
A13	19200001	20200000	14257
A13	20000001	21000000	14863
A13	20800001	21800000	15103
A13	21600001	22600000	15215
A13	22400001	23400000	16035
A13	23200001	24200000	15295
A13	24000001	25000000	13450
A13	24800001	25800000	15105
A13	25600001	26600000	15961
A13	26400001	27400000	16729
A13	27200001	28200000	14765
A13	28000001	29000000	13929
A13	28800001	29800000	15725
A13	29600001	30600000	15445
A13	30400001	31400000	15381
A13	31200001	32200000	17494
A13	32000001	33000000	12612
A13	32800001	33800000	15322
A13	33600001	34600000	10327
A13	34400001	35400000	10862
A13	35200001	36200000	14919
A13	36000001	37000000	14784
A13	36800001	37800000	15295
A13	37600001	38600000	16862
A13	38400001	39400000	16227
A13	39200001	40200000	15475
A13	40000001	41000000	16786
A13	40800001	41800000	18622
A13	41600001	42600000	14299
A13	42400001	43400000	15091
A13	43200001	44200000	17686
A13	44000001	45000000	15079
A13	44800001	45800000	16929
A13	45600001	46600000	17163
A13	46400001	47400000	17897
A13	47200001	48200000	16514
A13	48000001	49000000	15621
A13	48800001	49800000	16213
A13	49600001	50600000	13213
A13	50400001	51400000	13710
A13	51200001	52200000	11974
A13	52000001	53000000	16147
A13	52800001	53800000	16550
A13	53600001	54600000	19511
A13	54400001	55400000	16276
A13	55200001	56200000	20446
A13	56000001	57000000	16127
A13	56800001	57800000	18526
A13	57600001	58600000	17716
A13	58400001	59400000	16742
A13	59200001	60200000	12713
A13	60000001	61000000	12323
A13	60800001	61800000	11147
A13	61600001	62600000	17879
A13	62400001	63400000	17363
A13	63200001	64200000	12460
A13	64000001	65000000	12812
A13	64800001	65800000	12342
A13	65600001	66600000	14402
A13	66400001	67400000	13508
A13	67200001	68200000	13079
A13	68000001	69000000	12722
A13	68800001	69800000	19608
A13	69600001	70600000	17043
A13	70400001	71400000	14353
A13	71200001	72200000	15326
A13	72000001	73000000	13790
A13	72800001	73800000	7885
A13	73600001	74600000	12129
A13	74400001	75400000	7069
A13	75200001	76200000	6042
A13	76000001	77000000	5528
A13	76800001	77800000	10630
A13	77600001	78600000	4110
A13	78400001	79400000	1779
A13	79200001	79961121	2341
D01	1	1000000	3567
D01	800001	1800000	4040
D01	1600001	2600000	5365
D01	2400001	3400000	8047
D01	3200001	4200000	7287
D01	4000001	5000000	7770
D01	4800001	5800000	7551
D01	5600001	6600000	12214
D01	6400001	7400000	13935
D01	7200001	8200000	12302
D01	8000001	9000000	9835
D01	8800001	9800000	9873
D01	9600001	10600000	9972
D01	10400001	11400000	12958
D01	11200001	12200000	16412
D01	12000001	13000000	14300
D01	12800001	13800000	12752
D01	13600001	14600000	9727
D01	14400001	15400000	12909
D01	15200001	16200000	12604
D01	16000001	17000000	15206
D01	16800001	17800000	14834
D01	17600001	18600000	14689
D01	18400001	19400000	15466
D01	19200001	20200000	16176
D01	20000001	21000000	16328
D01	20800001	21800000	14338
D01	21600001	22600000	15581
D01	22400001	23400000	14728
D01	23200001	24200000	16304
D01	24000001	25000000	13993
D01	24800001	25800000	12942
D01	25600001	26600000	12957
D01	26400001	27400000	13253
D01	27200001	28200000	11906
D01	28000001	29000000	13407
D01	28800001	29800000	14839
D01	29600001	30600000	14821
D01	30400001	31400000	15590
D01	31200001	32200000	13995
D01	32000001	33000000	13383
D01	32800001	33800000	10312
D01	33600001	34600000	12296
D01	34400001	35400000	11695
D01	35200001	36200000	14407
D01	36000001	37000000	10969
D01	36800001	37800000	11384
D01	37600001	38600000	15398
D01	38400001	39400000	14908
D01	39200001	40200000	14647
D01	40000001	41000000	11592
D01	40800001	41800000	13211
D01	41600001	42600000	11743
D01	42400001	43400000	15822
D01	43200001	44200000	15384
D01	44000001	45000000	15919
D01	44800001	45800000	15866
D01	45600001	46600000	12120
D01	46400001	47400000	12584
D01	47200001	48200000	14112
D01	48000001	49000000	16385
D01	48800001	49800000	14250
D01	49600001	50600000	11975
D01	50400001	51400000	14313
D01	51200001	52200000	13239
D01	52000001	53000000	13851
D01	52800001	53800000	11643
D01	53600001	54600000	12747
D01	54400001	55400000	12612
D01	55200001	56200000	12017
D01	56000001	57000000	11378
D01	56800001	57800000	8125
D01	57600001	58600000	8678
D01	58400001	59400000	8685
D01	59200001	60200000	7279
D01	60000001	61000000	4193
D01	60800001	61456009	1910
D02	1	1000000	3031
D02	800001	1800000	4116
D02	1600001	2600000	7573
D02	2400001	3400000	5806
D02	3200001	4200000	5454
D02	4000001	5000000	4133
D02	4800001	5800000	7326
D02	5600001	6600000	7756
D02	6400001	7400000	5760
D02	7200001	8200000	9725
D02	8000001	9000000	9254
D02	8800001	9800000	12956
D02	9600001	10600000	10965
D02	10400001	11400000	11982
D02	11200001	12200000	13183
D02	12000001	13000000	12794
D02	12800001	13800000	11083
D02	13600001	14600000	13149
D02	14400001	15400000	14756
D02	15200001	16200000	14635
D02	16000001	17000000	11287
D02	16800001	17800000	12620
D02	17600001	18600000	15043
D02	18400001	19400000	15058
D02	19200001	20200000	11730
D02	20000001	21000000	12580
D02	20800001	21800000	13145
D02	21600001	22600000	15514
D02	22400001	23400000	15642
D02	23200001	24200000	11990
D02	24000001	25000000	13120
D02	24800001	25800000	13578
D02	25600001	26600000	15782
D02	26400001	27400000	14977
D02	27200001	28200000	11338
D02	28000001	29000000	13600
D02	28800001	29800000	11572
D02	29600001	30600000	11335
D02	30400001	31400000	12169
D02	31200001	32200000	12331
D02	32000001	33000000	12735
D02	32800001	33800000	12681
D02	33600001	34600000	12806
D02	34400001	35400000	14651
D02	35200001	36200000	14463
D02	36000001	37000000	10782
D02	36800001	37800000	14092
D02	37600001	38600000	12043
D02	38400001	39400000	15349
D02	39200001	40200000	15269
D02	40000001	41000000	16948
D02	40800001	41800000	15342
D02	41600001	42600000	11593
D02	42400001	43400000	14012
D02	43200001	44200000	14496
D02	44000001	45000000	16250
D02	44800001	45800000	16568
D02	45600001	46600000	15147
D02	46400001	47400000	13488
D02	47200001	48200000	16105
D02	48000001	49000000	15582
D02	48800001	49800000	15550
D02	49600001	50600000	12484
D02	50400001	51400000	15641
D02	51200001	52200000	16532
D02	52000001	53000000	12896
D02	52800001	53800000	12603
D02	53600001	54600000	14629
D02	54400001	55400000	15720
D02	55200001	56200000	14853
D02	56000001	57000000	11607
D02	56800001	57800000	11891
D02	57600001	58600000	10412
D02	58400001	59400000	12354
D02	59200001	60200000	13115
D02	60000001	61000000	10182
D02	60800001	61800000	12249
D02	61600001	62600000	11455
D02	62400001	63400000	9226
D02	63200001	64200000	4096
D02	64000001	65000000	6007
D02	64800001	65800000	3924
D02	65600001	66600000	3899
D02	66400001	67400000	2268
D02	67200001	67284553	528
D03	1	1000000	3191
D03	800001	1800000	5446
D03	1600001	2600000	7597
D03	2400001	3400000	7519
D03	3200001	4200000	9047
D03	4000001	5000000	12634
D03	4800001	5800000	11660
D03	5600001	6600000	12529
D03	6400001	7400000	14928
D03	7200001	8200000	15321
D03	8000001	9000000	16403
D03	8800001	9800000	15803
D03	9600001	10600000	12695
D03	10400001	11400000	13049
D03	11200001	12200000	14508
D03	12000001	13000000	15634
D03	12800001	13800000	12827
D03	13600001	14600000	10497
D03	14400001	15400000	12450
D03	15200001	16200000	15619
D03	16000001	17000000	13890
D03	16800001	17800000	13975
D03	17600001	18600000	13657
D03	18400001	19400000	11430
D03	19200001	20200000	10917
D03	20000001	21000000	12963
D03	20800001	21800000	12575
D03	21600001	22600000	12751
D03	22400001	23400000	12093
D03	23200001	24200000	12893
D03	24000001	25000000	15554
D03	24800001	25800000	14636
D03	25600001	26600000	14335
D03	26400001	27400000	14001
D03	27200001	28200000	13618
D03	28000001	29000000	13501
D03	28800001	29800000	14744
D03	29600001	30600000	12787
D03	30400001	31400000	12953
D03	31200001	32200000	15962
D03	32000001	33000000	15963
D03	32800001	33800000	14867
D03	33600001	34600000	13480
D03	34400001	35400000	12578
D03	35200001	36200000	12218
D03	36000001	37000000	13012
D03	36800001	37800000	11953
D03	37600001	38600000	10426
D03	38400001	39400000	9456
D03	39200001	40200000	11759
D03	40000001	41000000	9980
D03	40800001	41800000	7651
D03	41600001	42600000	7981
D03	42400001	43400000	5195
D03	43200001	44200000	5463
D03	44000001	45000000	7002
D03	44800001	45800000	6603
D03	45600001	46600000	4298
D03	46400001	46690656	460
D04	1	1000000	5283
D04	800001	1800000	6203
D04	1600001	2600000	5617
D04	2400001	3400000	5070
D04	3200001	4200000	7699
D04	4000001	5000000	6538
D04	4800001	5800000	9165
D04	5600001	6600000	7940
D04	6400001	7400000	11563
D04	7200001	8200000	13122
D04	8000001	9000000	11088
D04	8800001	9800000	10020
D04	9600001	10600000	11174
D04	10400001	11400000	12434
D04	11200001	12200000	13571
D04	12000001	13000000	15530
D04	12800001	13800000	13813
D04	13600001	14600000	14099
D04	14400001	15400000	13547
D04	15200001	16200000	14523
D04	16000001	17000000	14001
D04	16800001	17800000	11508
D04	17600001	18600000	14069
D04	18400001	19400000	14457
D04	19200001	20200000	12216
D04	20000001	21000000	12151
D04	20800001	21800000	9520
D04	21600001	22600000	13476
D04	22400001	23400000	12149
D04	23200001	24200000	16008
D04	24000001	25000000	14921
D04	24800001	25800000	13564
D04	25600001	26600000	12767
D04	26400001	27400000	11898
D04	27200001	28200000	9582
D04	28000001	29000000	13297
D04	28800001	29800000	14287
D04	29600001	30600000	16909
D04	30400001	31400000	15038
D04	31200001	32200000	15500
D04	32000001	33000000	14900
D04	32800001	33800000	14684
D04	33600001	34600000	14884
D04	34400001	35400000	13841
D04	35200001	36200000	14941
D04	36000001	37000000	14712
D04	36800001	37800000	11759
D04	37600001	38600000	13614
D04	38400001	39400000	15691
D04	39200001	40200000	15524
D04	40000001	41000000	13207
D04	40800001	41800000	14682
D04	41600001	42600000	11454
D04	42400001	43400000	11799
D04	43200001	44200000	12906
D04	44000001	45000000	8061
D04	44800001	45800000	12992
D04	45600001	46600000	11975
D04	46400001	47400000	7222
D04	47200001	48200000	6378
D04	48000001	49000000	4350
D04	48800001	49800000	6087
D04	49600001	50600000	4694
D04	50400001	51400000	5279
D04	51200001	51454130	817
D05	1	1000000	3184
D05	800001	1800000	2959
D05	1600001	2600000	2893
D05	2400001	3400000	1885
D05	3200001	4200000	2926
D05	4000001	5000000	2631
D05	4800001	5800000	2938
D05	5600001	6600000	3407
D05	6400001	7400000	2209
D05	7200001	8200000	3026
D05	8000001	9000000	2457
D05	8800001	9800000	2672
D05	9600001	10600000	3081
D05	10400001	11400000	2261
D05	11200001	12200000	1972
D05	12000001	13000000	2361
D05	12800001	13800000	4000
D05	13600001	14600000	4936
D05	14400001	15400000	4211
D05	15200001	16200000	3809
D05	16000001	17000000	3422
D05	16800001	17800000	2993
D05	17600001	18600000	4146
D05	18400001	19400000	3897
D05	19200001	20200000	5493
D05	20000001	21000000	7237
D05	20800001	21800000	3970
D05	21600001	22600000	6111
D05	22400001	23400000	7194
D05	23200001	24200000	5463
D05	24000001	25000000	7001
D05	24800001	25800000	7559
D05	25600001	26600000	6776
D05	26400001	27400000	7828
D05	27200001	28200000	8217
D05	28000001	29000000	10221
D05	28800001	29800000	11211
D05	29600001	30600000	13323
D05	30400001	31400000	13650
D05	31200001	32200000	9178
D05	32000001	33000000	10868
D05	32800001	33800000	12030
D05	33600001	34600000	15220
D05	34400001	35400000	14744
D05	35200001	36200000	14499
D05	36000001	37000000	12475
D05	36800001	37800000	12716
D05	37600001	38600000	13320
D05	38400001	39400000	13211
D05	39200001	40200000	9964
D05	40000001	41000000	11125
D05	40800001	41800000	14595
D05	41600001	42600000	16108
D05	42400001	43400000	13785
D05	43200001	44200000	14519
D05	44000001	45000000	14404
D05	44800001	45800000	15352
D05	45600001	46600000	24980
D05	46400001	47400000	24540
D05	47200001	48200000	13039
D05	48000001	49000000	11568
D05	48800001	49800000	13474
D05	49600001	50600000	13153
D05	50400001	51400000	10734
D05	51200001	52200000	15935
D05	52000001	53000000	12044
D05	52800001	53800000	7875
D05	53600001	54600000	10901
D05	54400001	55400000	11758
D05	55200001	56200000	10839
D05	56000001	57000000	15449
D05	56800001	57800000	10086
D05	57600001	58600000	12373
D05	58400001	59400000	13198
D05	59200001	60200000	5244
D05	60000001	61000000	9656
D05	60800001	61800000	9636
D05	61600001	61933047	1331
D06	1	1000000	4282
D06	800001	1800000	4711
D06	1600001	2600000	2969
D06	2400001	3400000	3273
D06	3200001	4200000	11957
D06	4000001	5000000	16644
D06	4800001	5800000	9395
D06	5600001	6600000	9479
D06	6400001	7400000	12938
D06	7200001	8200000	12426
D06	8000001	9000000	8946
D06	8800001	9800000	11633
D06	9600001	10600000	12813
D06	10400001	11400000	11454
D06	11200001	12200000	13685
D06	12000001	13000000	12764
D06	12800001	13800000	13052
D06	13600001	14600000	14170
D06	14400001	15400000	14096
D06	15200001	16200000	15636
D06	16000001	17000000	13181
D06	16800001	17800000	12172
D06	17600001	18600000	15185
D06	18400001	19400000	13995
D06	19200001	20200000	11912
D06	20000001	21000000	12774
D06	20800001	21800000	12947
D06	21600001	22600000	13054
D06	22400001	23400000	13627
D06	23200001	24200000	10474
D06	24000001	25000000	14404
D06	24800001	25800000	13695
D06	25600001	26600000	15747
D06	26400001	27400000	12347
D06	27200001	28200000	12469
D06	28000001	29000000	12487
D06	28800001	29800000	12598
D06	29600001	30600000	15011
D06	30400001	31400000	14209
D06	31200001	32200000	13586
D06	32000001	33000000	11790
D06	32800001	33800000	10740
D06	33600001	34600000	11240
D06	34400001	35400000	9322
D06	35200001	36200000	12927
D06	36000001	37000000	15505
D06	36800001	37800000	12837
D06	37600001	38600000	10232
D06	38400001	39400000	10838
D06	39200001	40200000	15915
D06	40000001	41000000	11437
D06	40800001	41800000	14301
D06	41600001	42600000	14744
D06	42400001	43400000	13390
D06	43200001	44200000	13995
D06	44000001	45000000	14261
D06	44800001	45800000	14105
D06	45600001	46600000	13907
D06	46400001	47400000	14696
D06	47200001	48200000	15325
D06	48000001	49000000	14533
D06	48800001	49800000	14840
D06	49600001	50600000	14143
D06	50400001	51400000	12000
D06	51200001	52200000	13451
D06	52000001	53000000	14733
D06	52800001	53800000	13134
D06	53600001	54600000	11505
D06	54400001	55400000	12583
D06	55200001	56200000	9919
D06	56000001	57000000	10937
D06	56800001	57800000	10339
D06	57600001	58600000	11007
D06	58400001	59400000	8952
D06	59200001	60200000	7462
D06	60000001	61000000	8551
D06	60800001	61800000	8960
D06	61600001	62600000	8776
D06	62400001	63400000	5533
D06	63200001	64200000	3993
D06	64000001	64294643	671
D07	1	1000000	3521
D07	800001	1800000	2577
D07	1600001	2600000	3971
D07	2400001	3400000	3752
D07	3200001	4200000	5245
D07	4000001	5000000	4259
D07	4800001	5800000	6958
D07	5600001	6600000	6331
D07	6400001	7400000	7661
D07	7200001	8200000	6362
D07	8000001	9000000	8172
D07	8800001	9800000	9565
D07	9600001	10600000	10407
D07	10400001	11400000	7517
D07	11200001	12200000	11423
D07	12000001	13000000	12917
D07	12800001	13800000	12916
D07	13600001	14600000	14925
D07	14400001	15400000	9807
D07	15200001	16200000	11856
D07	16000001	17000000	12928
D07	16800001	17800000	13341
D07	17600001	18600000	13301
D07	18400001	19400000	9576
D07	19200001	20200000	9431
D07	20000001	21000000	12741
D07	20800001	21800000	12950
D07	21600001	22600000	13160
D07	22400001	23400000	14026
D07	23200001	24200000	14326
D07	24000001	25000000	13365
D07	24800001	25800000	13711
D07	25600001	26600000	14538
D07	26400001	27400000	13319
D07	27200001	28200000	12337
D07	28000001	29000000	18318
D07	28800001	29800000	13660
D07	29600001	30600000	14985
D07	30400001	31400000	14378
D07	31200001	32200000	12451
D07	32000001	33000000	12244
D07	32800001	33800000	12748
D07	33600001	34600000	12460
D07	34400001	35400000	13201
D07	35200001	36200000	11486
D07	36000001	37000000	11895
D07	36800001	37800000	12939
D07	37600001	38600000	12371
D07	38400001	39400000	9739
D07	39200001	40200000	9716
D07	40000001	41000000	14652
D07	40800001	41800000	15655
D07	41600001	42600000	11541
D07	42400001	43400000	11916
D07	43200001	44200000	14883
D07	44000001	45000000	11534
D07	44800001	45800000	11364
D07	45600001	46600000	12144
D07	46400001	47400000	15925
D07	47200001	48200000	15007
D07	48000001	49000000	12769
D07	48800001	49800000	10187
D07	49600001	50600000	7097
D07	50400001	51400000	9871
D07	51200001	52200000	5836
D07	52000001	53000000	7879
D07	52800001	53800000	8049
D07	53600001	54600000	6213
D07	54400001	55400000	7044
D07	55200001	55312611	1686
D08	1	1000000	4788
D08	800001	1800000	3555
D08	1600001	2600000	4916
D08	2400001	3400000	5786
D08	3200001	4200000	6501
D08	4000001	5000000	7307
D08	4800001	5800000	6796
D08	5600001	6600000	10027
D08	6400001	7400000	11616
D08	7200001	8200000	11198
D08	8000001	9000000	12495
D08	8800001	9800000	11568
D08	9600001	10600000	11993
D08	10400001	11400000	14892
D08	11200001	12200000	14005
D08	12000001	13000000	14150
D08	12800001	13800000	16643
D08	13600001	14600000	16510
D08	14400001	15400000	15047
D08	15200001	16200000	19633
D08	16000001	17000000	13897
D08	16800001	17800000	14669
D08	17600001	18600000	14092
D08	18400001	19400000	14185
D08	19200001	20200000	14685
D08	20000001	21000000	12871
D08	20800001	21800000	11763
D08	21600001	22600000	13814
D08	22400001	23400000	11552
D08	23200001	24200000	12634
D08	24000001	25000000	12313
D08	24800001	25800000	11333
D08	25600001	26600000	7689
D08	26400001	27400000	10701
D08	27200001	28200000	10748
D08	28000001	29000000	9596
D08	28800001	29800000	11866
D08	29600001	30600000	12416
D08	30400001	31400000	13562
D08	31200001	32200000	15565
D08	32000001	33000000	13216
D08	32800001	33800000	13856
D08	33600001	34600000	13364
D08	34400001	35400000	13424
D08	35200001	36200000	14407
D08	36000001	37000000	13413
D08	36800001	37800000	15561
D08	37600001	38600000	14762
D08	38400001	39400000	13333
D08	39200001	40200000	15310
D08	40000001	41000000	14502
D08	40800001	41800000	14666
D08	41600001	42600000	13202
D08	42400001	43400000	15006
D08	43200001	44200000	12905
D08	44000001	45000000	13785
D08	44800001	45800000	14633
D08	45600001	46600000	14527
D08	46400001	47400000	11641
D08	47200001	48200000	11102
D08	48000001	49000000	11723
D08	48800001	49800000	11449
D08	49600001	50600000	8487
D08	50400001	51400000	10489
D08	51200001	52200000	12167
D08	52000001	53000000	12787
D08	52800001	53800000	8643
D08	53600001	54600000	10768
D08	54400001	55400000	11971
D08	55200001	56200000	15912
D08	56000001	57000000	12280
D08	56800001	57800000	11208
D08	57600001	58600000	8041
D08	58400001	59400000	7826
D08	59200001	60200000	4986
D08	60000001	61000000	8079
D08	60800001	61800000	7146
D08	61600001	62600000	8120
D08	62400001	63400000	6765
D08	63200001	64200000	3712
D08	64000001	65000000	2722
D08	64800001	65800000	3135
D08	65600001	65894135	768
D09	1	1000000	11433
D09	800001	1800000	9290
D09	1600001	2600000	8195
D09	2400001	3400000	10994
D09	3200001	4200000	13305
D09	4000001	5000000	13446
D09	4800001	5800000	14833
D09	5600001	6600000	11658
D09	6400001	7400000	12239
D09	7200001	8200000	10009
D09	8000001	9000000	11076
D09	8800001	9800000	13974
D09	9600001	10600000	14247
D09	10400001	11400000	11034
D09	11200001	12200000	13124
D09	12000001	13000000	13656
D09	12800001	13800000	14685
D09	13600001	14600000	12779
D09	14400001	15400000	16420
D09	15200001	16200000	9558
D09	16000001	17000000	11945
D09	16800001	17800000	13364
D09	17600001	18600000	12006
D09	18400001	19400000	12227
D09	19200001	20200000	10209
D09	20000001	21000000	13901
D09	20800001	21800000	13867
D09	21600001	22600000	13085
D09	22400001	23400000	14808
D09	23200001	24200000	12524
D09	24000001	25000000	14402
D09	24800001	25800000	12385
D09	25600001	26600000	13279
D09	26400001	27400000	16137
D09	27200001	28200000	14627
D09	28000001	29000000	12309
D09	28800001	29800000	10844
D09	29600001	30600000	13452
D09	30400001	31400000	11631
D09	31200001	32200000	9544
D09	32000001	33000000	7232
D09	32800001	33800000	8905
D09	33600001	34600000	9083
D09	34400001	35400000	9468
D09	35200001	36200000	7250
D09	36000001	37000000	6544
D09	36800001	37800000	6047
D09	37600001	38600000	5144
D09	38400001	39400000	5766
D09	39200001	40200000	5756
D09	40000001	41000000	7377
D09	40800001	41800000	7550
D09	41600001	42600000	3627
D09	42400001	43400000	4709
D09	43200001	44200000	5395
D09	44000001	45000000	6126
D09	44800001	45800000	6192
D09	45600001	46600000	3613
D09	46400001	47400000	3369
D09	47200001	48200000	2120
D09	48000001	49000000	2311
D09	48800001	49800000	3180
D09	49600001	50600000	3486
D09	50400001	50995436	905
D10	1	1000000	2611
D10	800001	1800000	2457
D10	1600001	2600000	3035
D10	2400001	3400000	3576
D10	3200001	4200000	5023
D10	4000001	5000000	4038
D10	4800001	5800000	6815
D10	5600001	6600000	9664
D10	6400001	7400000	10044
D10	7200001	8200000	8728
D10	8000001	9000000	8209
D10	8800001	9800000	10803
D10	9600001	10600000	9412
D10	10400001	11400000	11598
D10	11200001	12200000	10870
D10	12000001	13000000	10992
D10	12800001	13800000	11833
D10	13600001	14600000	13321
D10	14400001	15400000	13492
D10	15200001	16200000	12071
D10	16000001	17000000	12770
D10	16800001	17800000	12499
D10	17600001	18600000	12798
D10	18400001	19400000	17499
D10	19200001	20200000	15047
D10	20000001	21000000	11730
D10	20800001	21800000	14373
D10	21600001	22600000	10389
D10	22400001	23400000	11407
D10	23200001	24200000	15093
D10	24000001	25000000	13757
D10	24800001	25800000	12500
D10	25600001	26600000	13913
D10	26400001	27400000	12913
D10	27200001	28200000	14757
D10	28000001	29000000	17249
D10	28800001	29800000	15658
D10	29600001	30600000	14324
D10	30400001	31400000	16859
D10	31200001	32200000	14588
D10	32000001	33000000	11612
D10	32800001	33800000	13718
D10	33600001	34600000	12509
D10	34400001	35400000	11190
D10	35200001	36200000	12717
D10	36000001	37000000	14204
D10	36800001	37800000	12360
D10	37600001	38600000	9680
D10	38400001	39400000	12200
D10	39200001	40200000	12105
D10	40000001	41000000	13256
D10	40800001	41800000	14744
D10	41600001	42600000	13773
D10	42400001	43400000	13488
D10	43200001	44200000	14860
D10	44000001	45000000	13331
D10	44800001	45800000	12075
D10	45600001	46600000	14577
D10	46400001	47400000	15470
D10	47200001	48200000	15977
D10	48000001	49000000	13743
D10	48800001	49800000	12056
D10	49600001	50600000	12748
D10	50400001	51400000	10995
D10	51200001	52200000	11293
D10	52000001	53000000	12887
D10	52800001	53800000	10805
D10	53600001	54600000	10232
D10	54400001	55400000	11695
D10	55200001	56200000	7093
D10	56000001	57000000	10331
D10	56800001	57800000	7880
D10	57600001	58600000	6722
D10	58400001	59400000	13060
D10	59200001	60200000	7868
D10	60000001	61000000	8695
D10	60800001	61800000	8786
D10	61600001	62600000	5410
D10	62400001	63400000	2996
D10	63200001	63374666	363
D11	1	1000000	4444
D11	800001	1800000	3321
D11	1600001	2600000	2711
D11	2400001	3400000	2423
D11	3200001	4200000	3882
D11	4000001	5000000	4250
D11	4800001	5800000	1915
D11	5600001	6600000	4435
D11	6400001	7400000	5754
D11	7200001	8200000	5309
D11	8000001	9000000	5011
D11	8800001	9800000	6307
D11	9600001	10600000	7243
D11	10400001	11400000	9270
D11	11200001	12200000	7568
D11	12000001	13000000	7461
D11	12800001	13800000	6653
D11	13600001	14600000	7413
D11	14400001	15400000	7606
D11	15200001	16200000	8889
D11	16000001	17000000	9773
D11	16800001	17800000	11025
D11	17600001	18600000	11104
D11	18400001	19400000	9415
D11	19200001	20200000	12710
D11	20000001	21000000	12415
D11	20800001	21800000	10589
D11	21600001	22600000	11739
D11	22400001	23400000	12894
D11	23200001	24200000	13174
D11	24000001	25000000	13701
D11	24800001	25800000	13964
D11	25600001	26600000	13971
D11	26400001	27400000	14025
D11	27200001	28200000	12429
D11	28000001	29000000	13796
D11	28800001	29800000	16783
D11	29600001	30600000	14165
D11	30400001	31400000	14136
D11	31200001	32200000	14461
D11	32000001	33000000	14162
D11	32800001	33800000	13813
D11	33600001	34600000	14064
D11	34400001	35400000	13824
D11	35200001	36200000	12910
D11	36000001	37000000	14166
D11	36800001	37800000	13171
D11	37600001	38600000	14740
D11	38400001	39400000	14977
D11	39200001	40200000	12281
D11	40000001	41000000	11866
D11	40800001	41800000	13612
D11	41600001	42600000	14721
D11	42400001	43400000	13395
D11	43200001	44200000	14148
D11	44000001	45000000	16677
D11	44800001	45800000	17192
D11	45600001	46600000	14005
D11	46400001	47400000	13413
D11	47200001	48200000	11269
D11	48000001	49000000	11489
D11	48800001	49800000	12166
D11	49600001	50600000	12941
D11	50400001	51400000	14641
D11	51200001	52200000	13479
D11	52000001	53000000	9100
D11	52800001	53800000	10708
D11	53600001	54600000	10545
D11	54400001	55400000	11136
D11	55200001	56200000	10929
D11	56000001	57000000	12186
D11	56800001	57800000	9631
D11	57600001	58600000	4569
D11	58400001	59400000	7313
D11	59200001	60200000	5871
D11	60000001	61000000	6129
D11	60800001	61800000	6994
D11	61600001	62600000	9184
D11	62400001	63400000	5831
D11	63200001	64200000	7666
D11	64000001	65000000	5135
D11	64800001	65800000	4025
D11	65600001	66087774	1161
D12	1	1000000	6079
D12	800001	1800000	5638
D12	1600001	2600000	6518
D12	2400001	3400000	7340
D12	3200001	4200000	8010
D12	4000001	5000000	11007
D12	4800001	5800000	11762
D12	5600001	6600000	10129
D12	6400001	7400000	10248
D12	7200001	8200000	12149
D12	8000001	9000000	11780
D12	8800001	9800000	15920
D12	9600001	10600000	13479
D12	10400001	11400000	11847
D12	11200001	12200000	12337
D12	12000001	13000000	14898
D12	12800001	13800000	15828
D12	13600001	14600000	13622
D12	14400001	15400000	13778
D12	15200001	16200000	13892
D12	16000001	17000000	13517
D12	16800001	17800000	14804
D12	17600001	18600000	14526
D12	18400001	19400000	13736
D12	19200001	20200000	14529
D12	20000001	21000000	15013
D12	20800001	21800000	13895
D12	21600001	22600000	14649
D12	22400001	23400000	16789
D12	23200001	24200000	10556
D12	24000001	25000000	13911
D12	24800001	25800000	11891
D12	25600001	26600000	14306
D12	26400001	27400000	15089
D12	27200001	28200000	13088
D12	28000001	29000000	10890
D12	28800001	29800000	13489
D12	29600001	30600000	12756
D12	30400001	31400000	13302
D12	31200001	32200000	12952
D12	32000001	33000000	12738
D12	32800001	33800000	11980
D12	33600001	34600000	15166
D12	34400001	35400000	12435
D12	35200001	36200000	11252
D12	36000001	37000000	12215
D12	36800001	37800000	12969
D12	37600001	38600000	13225
D12	38400001	39400000	13819
D12	39200001	40200000	8536
D12	40000001	41000000	11943
D12	40800001	41800000	11520
D12	41600001	42600000	11981
D12	42400001	43400000	11492
D12	43200001	44200000	9822
D12	44000001	45000000	9855
D12	44800001	45800000	11213
D12	45600001	46600000	10747
D12	46400001	47400000	8852
D12	47200001	48200000	7383
D12	48000001	49000000	9587
D12	48800001	49800000	8623
D12	49600001	50600000	5924
D12	50400001	51400000	8764
D12	51200001	52200000	8501
D12	52000001	53000000	7254
D12	52800001	53800000	6129
D12	53600001	54600000	5173
D12	54400001	55400000	7809
D12	55200001	56200000	4703
D12	56000001	57000000	4474
D12	56800001	57800000	3119
D12	57600001	58600000	3500
D12	58400001	59109837	2772
D13	1	1000000	3863
D13	800001	1800000	4766
D13	1600001	2600000	5395
D13	2400001	3400000	5666
D13	3200001	4200000	8292
D13	4000001	5000000	8455
D13	4800001	5800000	8469
D13	5600001	6600000	14325
D13	6400001	7400000	15033
D13	7200001	8200000	12716
D13	8000001	9000000	11205
D13	8800001	9800000	14006
D13	9600001	10600000	15226
D13	10400001	11400000	10824
D13	11200001	12200000	12376
D13	12000001	13000000	14402
D13	12800001	13800000	15938
D13	13600001	14600000	16786
D13	14400001	15400000	13306
D13	15200001	16200000	14349
D13	16000001	17000000	12203
D13	16800001	17800000	14051
D13	17600001	18600000	16430
D13	18400001	19400000	13713
D13	19200001	20200000	13327
D13	20000001	21000000	14740
D13	20800001	21800000	11684
D13	21600001	22600000	12847
D13	22400001	23400000	10941
D13	23200001	24200000	8231
D13	24000001	25000000	14689
D13	24800001	25800000	12902
D13	25600001	26600000	9604
D13	26400001	27400000	11644
D13	27200001	28200000	14603
D13	28000001	29000000	11421
D13	28800001	29800000	16105
D13	29600001	30600000	12078
D13	30400001	31400000	13204
D13	31200001	32200000	13845
D13	32000001	33000000	15115
D13	32800001	33800000	14447
D13	33600001	34600000	13835
D13	34400001	35400000	14765
D13	35200001	36200000	13663
D13	36000001	37000000	14790
D13	36800001	37800000	14875
D13	37600001	38600000	14078
D13	38400001	39400000	11487
D13	39200001	40200000	13837
D13	40000001	41000000	15746
D13	40800001	41800000	13995
D13	41600001	42600000	11342
D13	42400001	43400000	11137
D13	43200001	44200000	13496
D13	44000001	45000000	15430
D13	44800001	45800000	12545
D13	45600001	46600000	11868
D13	46400001	47400000	13660
D13	47200001	48200000	9615
D13	48000001	49000000	12298
D13	48800001	49800000	12545
D13	49600001	50600000	11831
D13	50400001	51400000	11901
D13	51200001	52200000	11921
D13	52000001	53000000	10173
D13	52800001	53800000	7774
D13	53600001	54600000	11070
D13	54400001	55400000	7611
D13	55200001	56200000	8904
D13	56000001	57000000	6594
D13	56800001	57800000	4777
D13	57600001	58600000	3051
D13	58400001	59400000	5282
D13	59200001	60200000	6979
D13	60000001	60534298	1747
