A01	1	1000000	4352
A01	800001	1800000	4682
A01	1600001	2600000	6619
A01	2400001	3400000	7941
A01	3200001	4200000	6289
A01	4000001	5000000	8910
A01	4800001	5800000	9913
A01	5600001	6600000	10066
A01	6400001	7400000	10556
A01	7200001	8200000	8959
A01	8000001	9000000	15613
A01	8800001	9800000	15665
A01	9600001	10600000	15634
A01	10400001	11400000	13068
A01	11200001	12200000	10775
A01	12000001	13000000	12578
A01	12800001	13800000	10911
A01	13600001	14600000	11000
A01	14400001	15400000	18712
A01	15200001	16200000	18769
A01	16000001	17000000	15762
A01	16800001	17800000	15356
A01	17600001	18600000	13444
A01	18400001	19400000	11871
A01	19200001	20200000	12162
A01	20000001	21000000	15866
A01	20800001	21800000	14481
A01	21600001	22600000	17194
A01	22400001	23400000	14392
A01	23200001	24200000	14889
A01	24000001	25000000	16547
A01	24800001	25800000	17916
A01	25600001	26600000	16585
A01	26400001	27400000	15636
A01	27200001	28200000	13605
A01	28000001	29000000	14500
A01	28800001	29800000	21220
A01	29600001	30600000	16417
A01	30400001	31400000	15119
A01	31200001	32200000	18647
A01	32000001	33000000	16509
A01	32800001	33800000	14634
A01	33600001	34600000	15620
A01	34400001	35400000	12195
A01	35200001	36200000	12537
A01	36000001	37000000	13126
A01	36800001	37800000	13827
A01	37600001	38600000	14614
A01	38400001	39400000	13106
A01	39200001	40200000	14513
A01	40000001	41000000	17694
A01	40800001	41800000	16585
A01	41600001	42600000	13099
A01	42400001	43400000	12545
A01	43200001	44200000	16358
A01	44000001	45000000	17258
A01	44800001	45800000	15393
A01	45600001	46600000	15343
A01	46400001	47400000	13287
A01	47200001	48200000	17273
A01	48000001	49000000	16126
A01	48800001	49800000	14542
A01	49600001	50600000	15467
A01	50400001	51400000	15486
A01	51200001	52200000	13676
A01	52000001	53000000	14443
A01	52800001	53800000	18667
A01	53600001	54600000	18931
A01	54400001	55400000	17921
A01	55200001	56200000	17131
A01	56000001	57000000	14339
A01	56800001	57800000	12892
A01	57600001	58600000	16001
A01	58400001	59400000	15904
A01	59200001	60200000	16278
A01	60000001	61000000	16039
A01	60800001	61800000	16708
A01	61600001	62600000	15767
A01	62400001	63400000	12744
A01	63200001	64200000	14954
A01	64000001	65000000	15931
A01	64800001	65800000	12375
A01	65600001	66600000	14610
A01	66400001	67400000	12238
A01	67200001	68200000	11557
A01	68000001	69000000	15617
A01	68800001	69800000	19044
A01	69600001	70600000	13164
A01	70400001	71400000	18119
A01	71200001	72200000	16422
A01	72000001	73000000	16111
A01	72800001	73800000	16140
A01	73600001	74600000	13868
A01	74400001	75400000	17428
A01	75200001	76200000	13159
A01	76000001	77000000	16624
A01	76800001	77800000	16895
A01	77600001	78600000	15122
A01	78400001	79400000	16777
A01	79200001	80200000	14240
A01	80000001	81000000	14593
A01	80800001	81800000	14774
A01	81600001	82600000	14562
A01	82400001	83400000	13903
A01	83200001	84200000	11803
A01	84000001	85000000	14865
A01	84800001	85800000	16549
A01	85600001	86600000	17206
A01	86400001	87400000	15573
A01	87200001	88200000	15075
A01	88000001	89000000	15570
A01	88800001	89800000	17368
A01	89600001	90600000	12962
A01	90400001	91400000	11233
A01	91200001	92200000	14281
A01	92000001	93000000	14229
A01	92800001	93800000	12984
A01	93600001	94600000	11950
A01	94400001	95400000	11845
A01	95200001	96200000	9713
A01	96000001	97000000	13422
A01	96800001	97800000	12325
A01	97600001	98600000	7447
A01	98400001	99400000	4778
A01	99200001	99884700	3162
A02	1	1000000	4949
A02	800001	1800000	4243
A02	1600001	2600000	6150
A02	2400001	3400000	7070
A02	3200001	4200000	7780
A02	4000001	5000000	12392
A02	4800001	5800000	13447
A02	5600001	6600000	13001
A02	6400001	7400000	10829
A02	7200001	8200000	11044
A02	8000001	9000000	14702
A02	8800001	9800000	16523
A02	9600001	10600000	16360
A02	10400001	11400000	13378
A02	11200001	12200000	13816
A02	12000001	13000000	17709
A02	12800001	13800000	16325
A02	13600001	14600000	15558
A02	14400001	15400000	14314
A02	15200001	16200000	14645
A02	16000001	17000000	17720
A02	16800001	17800000	16251
A02	17600001	18600000	16790
A02	18400001	19400000	14355
A02	19200001	20200000	19447
A02	20000001	21000000	15768
A02	20800001	21800000	18157
A02	21600001	22600000	16466
A02	22400001	23400000	13220
A02	23200001	24200000	17997
A02	24000001	25000000	14984
A02	24800001	25800000	16590
A02	25600001	26600000	15500
A02	26400001	27400000	15341
A02	27200001	28200000	15472
A02	28000001	29000000	12981
A02	28800001	29800000	17667
A02	29600001	30600000	15474
A02	30400001	31400000	16009
A02	31200001	32200000	17004
A02	32000001	33000000	17035
A02	32800001	33800000	13735
A02	33600001	34600000	15468
A02	34400001	35400000	14790
A02	35200001	36200000	13390
A02	36000001	37000000	16490
A02	36800001	37800000	17035
A02	37600001	38600000	18410
A02	38400001	39400000	17029
A02	39200001	40200000	15721
A02	40000001	41000000	13190
A02	40800001	41800000	12615
A02	41600001	42600000	16570
A02	42400001	43400000	18029
A02	43200001	44200000	15754
A02	44000001	45000000	14033
A02	44800001	45800000	16720
A02	45600001	46600000	16524
A02	46400001	47400000	14989
A02	47200001	48200000	14668
A02	48000001	49000000	14322
A02	48800001	49800000	14737
A02	49600001	50600000	18378
A02	50400001	51400000	15750
A02	51200001	52200000	16426
A02	52000001	53000000	14885
A02	52800001	53800000	17544
A02	53600001	54600000	15737
A02	54400001	55400000	17004
A02	55200001	56200000	13948
A02	56000001	57000000	14028
A02	56800001	57800000	14377
A02	57600001	58600000	17110
A02	58400001	59400000	15178
A02	59200001	60200000	18327
A02	60000001	61000000	13241
A02	60800001	61800000	13571
A02	61600001	62600000	15133
A02	62400001	63400000	16567
A02	63200001	64200000	13988
A02	64000001	65000000	12490
A02	64800001	65800000	13894
A02	65600001	66600000	15259
A02	66400001	67400000	15195
A02	67200001	68200000	14100
A02	68000001	69000000	13589
A02	68800001	69800000	18239
A02	69600001	70600000	12865
A02	70400001	71400000	15388
A02	71200001	72200000	17535
A02	72000001	73000000	20845
A02	72800001	73800000	17422
A02	73600001	74600000	16540
A02	74400001	75400000	14446
A02	75200001	76200000	13702
A02	76000001	77000000	16943
A02	76800001	77800000	18917
A02	77600001	78600000	14016
A02	78400001	79400000	9731
A02	79200001	80200000	10349
A02	80000001	81000000	11674
A02	80800001	81800000	9400
A02	81600001	82600000	7675
A02	82400001	83400000	4449
A02	83200001	83447906	528
A03	1	1000000	9374
A03	800001	1800000	7203
A03	1600001	2600000	5552
A03	2400001	3400000	5749
A03	3200001	4200000	7687
A03	4000001	5000000	10282
A03	4800001	5800000	14238
A03	5600001	6600000	12456
A03	6400001	7400000	10284
A03	7200001	8200000	14040
A03	8000001	9000000	14214
A03	8800001	9800000	14485
A03	9600001	10600000	12922
A03	10400001	11400000	15390
A03	11200001	12200000	13408
A03	12000001	13000000	13677
A03	12800001	13800000	17181
A03	13600001	14600000	15994
A03	14400001	15400000	16448
A03	15200001	16200000	16893
A03	16000001	17000000	14098
A03	16800001	17800000	14562
A03	17600001	18600000	17345
A03	18400001	19400000	15921
A03	19200001	20200000	12914
A03	20000001	21000000	16957
A03	20800001	21800000	16344
A03	21600001	22600000	12338
A03	22400001	23400000	17005
A03	23200001	24200000	15070
A03	24000001	25000000	16508
A03	24800001	25800000	14695
A03	25600001	26600000	13018
A03	26400001	27400000	12803
A03	27200001	28200000	16354
A03	28000001	29000000	13396
A03	28800001	29800000	14391
A03	29600001	30600000	14016
A03	30400001	31400000	15140
A03	31200001	32200000	12736
A03	32000001	33000000	16222
A03	32800001	33800000	18931
A03	33600001	34600000	13014
A03	34400001	35400000	15674
A03	35200001	36200000	7519
A03	36000001	37000000	12691
A03	36800001	37800000	11824
A03	37600001	38600000	12681
A03	38400001	39400000	16624
A03	39200001	40200000	17291
A03	40000001	41000000	14451
A03	40800001	41800000	12479
A03	41600001	42600000	13907
A03	42400001	43400000	12350
A03	43200001	44200000	15760
A03	44000001	45000000	17515
A03	44800001	45800000	18454
A03	45600001	46600000	15463
A03	46400001	47400000	12139
A03	47200001	48200000	14056
A03	48000001	49000000	17859
A03	48800001	49800000	16322
A03	49600001	50600000	11287
A03	50400001	51400000	11273
A03	51200001	52200000	12930
A03	52000001	53000000	13149
A03	52800001	53800000	13007
A03	53600001	54600000	12894
A03	54400001	55400000	12165
A03	55200001	56200000	14246
A03	56000001	57000000	13773
A03	56800001	57800000	13391
A03	57600001	58600000	14668
A03	58400001	59400000	18142
A03	59200001	60200000	16382
A03	60000001	61000000	14101
A03	60800001	61800000	14467
A03	61600001	62600000	13692
A03	62400001	63400000	16462
A03	63200001	64200000	16394
A03	64000001	65000000	18061
A03	64800001	65800000	17462
A03	65600001	66600000	19478
A03	66400001	67400000	16047
A03	67200001	68200000	17081
A03	68000001	69000000	16565
A03	68800001	69800000	15027
A03	69600001	70600000	13703
A03	70400001	71400000	15531
A03	71200001	72200000	15320
A03	72000001	73000000	16755
A03	72800001	73800000	13284
A03	73600001	74600000	15692
A03	74400001	75400000	13659
A03	75200001	76200000	13853
A03	76000001	77000000	15063
A03	76800001	77800000	16853
A03	77600001	78600000	17061
A03	78400001	79400000	17848
A03	79200001	80200000	17884
A03	80000001	81000000	12370
A03	80800001	81800000	13682
A03	81600001	82600000	17664
A03	82400001	83400000	16786
A03	83200001	84200000	13966
A03	84000001	85000000	14512
A03	84800001	85800000	13653
A03	85600001	86600000	14656
A03	86400001	87400000	13594
A03	87200001	88200000	18238
A03	88000001	89000000	15508
A03	88800001	89800000	15906
A03	89600001	90600000	16582
A03	90400001	91400000	11780
A03	91200001	92200000	13834
A03	92000001	93000000	13889
A03	92800001	93800000	14305
A03	93600001	94600000	11242
A03	94400001	95400000	10011
A03	95200001	96200000	9955
A03	96000001	97000000	12406
A03	96800001	97800000	5835
A03	97600001	98600000	8308
A03	98400001	99400000	4527
A03	99200001	100200000	4177
A03	100000001	100263045	1309
A04	1	1000000	8464
A04	800001	1800000	7793
A04	1600001	2600000	9760
A04	2400001	3400000	11270
A04	3200001	4200000	8206
A04	4000001	5000000	8100
A04	4800001	5800000	12660
A04	5600001	6600000	11006
A04	6400001	7400000	12134
A04	7200001	8200000	13353
A04	8000001	9000000	13894
A04	8800001	9800000	14230
A04	9600001	10600000	15646
A04	10400001	11400000	13211
A04	11200001	12200000	12510
A04	12000001	13000000	14871
A04	12800001	13800000	13496
A04	13600001	14600000	15183
A04	14400001	15400000	19068
A04	15200001	16200000	16254
A04	16000001	17000000	16619
A04	16800001	17800000	14785
A04	17600001	18600000	14394
A04	18400001	19400000	14939
A04	19200001	20200000	13864
A04	20000001	21000000	16884
A04	20800001	21800000	13141
A04	21600001	22600000	15487
A04	22400001	23400000	12073
A04	23200001	24200000	15785
A04	24000001	25000000	14479
A04	24800001	25800000	14960
A04	25600001	26600000	16103
A04	26400001	27400000	15697
A04	27200001	28200000	19059
A04	28000001	29000000	13419
A04	28800001	29800000	12045
A04	29600001	30600000	15072
A04	30400001	31400000	16068
A04	31200001	32200000	14723
A04	32000001	33000000	15014
A04	32800001	33800000	11098
A04	33600001	34600000	12011
A04	34400001	35400000	15582
A04	35200001	36200000	17158
A04	36000001	37000000	15422
A04	36800001	37800000	16965
A04	37600001	38600000	15203
A04	38400001	39400000	17676
A04	39200001	40200000	15829
A04	40000001	41000000	18368
A04	40800001	41800000	15304
A04	41600001	42600000	12248
A04	42400001	43400000	13628
A04	43200001	44200000	16201
A04	44000001	45000000	18338
A04	44800001	45800000	15077
A04	45600001	46600000	17313
A04	46400001	47400000	14824
A04	47200001	48200000	18722
A04	48000001	49000000	17869
A04	48800001	49800000	16579
A04	49600001	50600000	14988
A04	50400001	51400000	18316
A04	51200001	52200000	17171
A04	52000001	53000000	14138
A04	52800001	53800000	14630
A04	53600001	54600000	11653
A04	54400001	55400000	15267
A04	55200001	56200000	13216
A04	56000001	57000000	15111
A04	56800001	57800000	13725
A04	57600001	58600000	15250
A04	58400001	59400000	10253
A04	59200001	60200000	11301
A04	60000001	61000000	8304
A04	60800001	61800000	8876
A04	61600001	62600000	6654
A04	62400001	62913772	2459
A05	1	1000000	5208
A05	800001	1800000	3573
A05	1600001	2600000	3416
A05	2400001	3400000	3906
A05	3200001	4200000	3362
A05	4000001	5000000	4365
A05	4800001	5800000	3060
A05	5600001	6600000	3675
A05	6400001	7400000	4714
A05	7200001	8200000	3646
A05	8000001	9000000	3132
A05	8800001	9800000	3912
A05	9600001	10600000	4664
A05	10400001	11400000	3766
A05	11200001	12200000	3394
A05	12000001	13000000	4495
A05	12800001	13800000	5833
A05	13600001	14600000	5237
A05	14400001	15400000	4757
A05	15200001	16200000	5565
A05	16000001	17000000	6817
A05	16800001	17800000	5559
A05	17600001	18600000	6759
A05	18400001	19400000	4426
A05	19200001	20200000	6424
A05	20000001	21000000	9361
A05	20800001	21800000	8182
A05	21600001	22600000	9597
A05	22400001	23400000	12773
A05	23200001	24200000	8824
A05	24000001	25000000	8527
A05	24800001	25800000	11089
A05	25600001	26600000	13388
A05	26400001	27400000	9523
A05	27200001	28200000	10341
A05	28000001	29000000	14133
A05	28800001	29800000	12802
A05	29600001	30600000	13393
A05	30400001	31400000	16500
A05	31200001	32200000	15070
A05	32000001	33000000	15031
A05	32800001	33800000	17465
A05	33600001	34600000	15008
A05	34400001	35400000	16420
A05	35200001	36200000	15632
A05	36000001	37000000	14051
A05	36800001	37800000	17019
A05	37600001	38600000	16852
A05	38400001	39400000	15914
A05	39200001	40200000	15767
A05	40000001	41000000	12042
A05	40800001	41800000	14051
A05	41600001	42600000	14829
A05	42400001	43400000	17706
A05	43200001	44200000	13215
A05	44000001	45000000	16551
A05	44800001	45800000	13679
A05	45600001	46600000	13982
A05	46400001	47400000	16198
A05	47200001	48200000	19083
A05	48000001	49000000	13538
A05	48800001	49800000	12336
A05	49600001	50600000	17693
A05	50400001	51400000	19401
A05	51200001	52200000	17072
A05	52000001	53000000	15963
A05	52800001	53800000	11385
A05	53600001	54600000	16289
A05	54400001	55400000	15774
A05	55200001	56200000	18201
A05	56000001	57000000	13588
A05	56800001	57800000	16103
A05	57600001	58600000	14948
A05	58400001	59400000	13147
A05	59200001	60200000	11539
A05	60000001	61000000	13622
A05	60800001	61800000	16799
A05	61600001	62600000	41161
A05	62400001	63400000	14613
A05	63200001	64200000	11689
A05	64000001	65000000	16629
A05	64800001	65800000	16867
A05	65600001	66600000	15055
A05	66400001	67400000	15990
A05	67200001	68200000	11526
A05	68000001	69000000	12856
A05	68800001	69800000	18374
A05	69600001	70600000	18063
A05	70400001	71400000	15571
A05	71200001	72200000	14559
A05	72000001	73000000	14972
A05	72800001	73800000	15513
A05	73600001	74600000	14776
A05	74400001	75400000	16123
A05	75200001	76200000	15322
A05	76000001	77000000	16692
A05	76800001	77800000	16315
A05	77600001	78600000	12441
A05	78400001	79400000	14849
A05	79200001	80200000	16548
A05	80000001	81000000	15326
A05	80800001	81800000	13574
A05	81600001	82600000	15675
A05	82400001	83400000	15315
A05	83200001	84200000	10530
A05	84000001	85000000	13053
A05	84800001	85800000	12259
A05	85600001	86600000	10317
A05	86400001	87400000	10377
A05	87200001	88200000	8852
A05	88000001	89000000	8492
A05	88800001	89800000	8044
A05	89600001	90600000	9530
A05	90400001	91400000	5348
A05	91200001	92200000	4144
A05	92000001	92047023	178
A06	1	1000000	4900
A06	800001	1800000	7881
A06	1600001	2600000	7809
A06	2400001	3400000	8361
A06	3200001	4200000	10385
A06	4000001	5000000	15789
A06	4800001	5800000	12471
A06	5600001	6600000	13801
A06	6400001	7400000	11957
A06	7200001	8200000	15954
A06	8000001	9000000	14078
A06	8800001	9800000	10880
A06	9600001	10600000	13577
A06	10400001	11400000	15289
A06	11200001	12200000	19099
A06	12000001	13000000	20116
A06	12800001	13800000	13754
A06	13600001	14600000	14183
A06	14400001	15400000	11478
A06	15200001	16200000	13255
A06	16000001	17000000	17178
A06	16800001	17800000	15140
A06	17600001	18600000	17089
A06	18400001	19400000	17785
A06	19200001	20200000	17860
A06	20000001	21000000	20239
A06	20800001	21800000	18264
A06	21600001	22600000	15494
A06	22400001	23400000	16932
A06	23200001	24200000	15235
A06	24000001	25000000	16183
A06	24800001	25800000	15144
A06	25600001	26600000	11833
A06	26400001	27400000	14579
A06	27200001	28200000	17180
A06	28000001	29000000	19569
A06	28800001	29800000	15516
A06	29600001	30600000	12482
A06	30400001	31400000	17483
A06	31200001	32200000	16408
A06	32000001	33000000	14963
A06	32800001	33800000	13564
A06	33600001	34600000	17388
A06	34400001	35400000	15198
A06	35200001	36200000	15989
A06	36000001	37000000	17086
A06	36800001	37800000	17584
A06	37600001	38600000	18305
A06	38400001	39400000	15109
A06	39200001	40200000	19626
A06	40000001	41000000	15228
A06	40800001	41800000	14544
A06	41600001	42600000	14643
A06	42400001	43400000	17580
A06	43200001	44200000	13405
A06	44000001	45000000	13020
A06	44800001	45800000	17610
A06	45600001	46600000	12252
A06	46400001	47400000	12048
A06	47200001	48200000	12751
A06	48000001	49000000	14275
A06	48800001	49800000	16190
A06	49600001	50600000	14497
A06	50400001	51400000	13823
A06	51200001	52200000	14755
A06	52000001	53000000	13027
A06	52800001	53800000	11338
A06	53600001	54600000	12375
A06	54400001	55400000	13210
A06	55200001	56200000	12654
A06	56000001	57000000	10288
A06	56800001	57800000	12738
A06	57600001	58600000	13039
A06	58400001	59400000	15248
A06	59200001	60200000	13858
A06	60000001	61000000	13748
A06	60800001	61800000	15004
A06	61600001	62600000	10909
A06	62400001	63400000	13501
A06	63200001	64200000	15622
A06	64000001	65000000	14353
A06	64800001	65800000	14848
A06	65600001	66600000	16753
A06	66400001	67400000	16992
A06	67200001	68200000	15281
A06	68000001	69000000	15485
A06	68800001	69800000	11945
A06	69600001	70600000	16188
A06	70400001	71400000	11496
A06	71200001	72200000	14130
A06	72000001	73000000	13132
A06	72800001	73800000	15824
A06	73600001	74600000	11807
A06	74400001	75400000	14952
A06	75200001	76200000	16260
A06	76000001	77000000	17925
A06	76800001	77800000	17555
A06	77600001	78600000	17246
A06	78400001	79400000	16939
A06	79200001	80200000	16631
A06	80000001	81000000	14259
A06	80800001	81800000	15344
A06	81600001	82600000	14407
A06	82400001	83400000	14868
A06	83200001	84200000	16078
A06	84000001	85000000	13056
A06	84800001	85800000	14849
A06	85600001	86600000	14004
A06	86400001	87400000	15394
A06	87200001	88200000	15287
A06	88000001	89000000	15186
A06	88800001	89800000	16547
A06	89600001	90600000	16317
A06	90400001	91400000	17971
A06	91200001	92200000	16655
A06	92000001	93000000	15951
A06	92800001	93800000	13958
A06	93600001	94600000	15877
A06	94400001	95400000	14085
A06	95200001	96200000	13336
A06	96000001	97000000	14131
A06	96800001	97800000	12573
A06	97600001	98600000	14079
A06	98400001	99400000	15431
A06	99200001	100200000	11267
A06	100000001	101000000	11994
A06	100800001	101800000	9176
A06	101600001	102600000	4908
A06	102400001	103170444	4340
A07	1	1000000	5407
A07	800001	1800000	3888
A07	1600001	2600000	4426
A07	2400001	3400000	6489
A07	3200001	4200000	6865
A07	4000001	5000000	4193
A07	4800001	5800000	7542
A07	5600001	6600000	7827
A07	6400001	7400000	12530
A07	7200001	8200000	10301
A07	8000001	9000000	8774
A07	8800001	9800000	11263
A07	9600001	10600000	16237
A07	10400001	11400000	18236
A07	11200001	12200000	15583
A07	12000001	13000000	15346
A07	12800001	13800000	15318
A07	13600001	14600000	11975
A07	14400001	15400000	17498
A07	15200001	16200000	15947
A07	16000001	17000000	11097
A07	16800001	17800000	14381
A07	17600001	18600000	11362
A07	18400001	19400000	15652
A07	19200001	20200000	15483
A07	20000001	21000000	14849
A07	20800001	21800000	16009
A07	21600001	22600000	17449
A07	22400001	23400000	12984
A07	23200001	24200000	15670
A07	24000001	25000000	17924
A07	24800001	25800000	14602
A07	25600001	26600000	12726
A07	26400001	27400000	14807
A07	27200001	28200000	20408
A07	28000001	29000000	13831
A07	28800001	29800000	13483
A07	29600001	30600000	17963
A07	30400001	31400000	15676
A07	31200001	32200000	14854
A07	32000001	33000000	14067
A07	32800001	33800000	16066
A07	33600001	34600000	12410
A07	34400001	35400000	12712
A07	35200001	36200000	16013
A07	36000001	37000000	13170
A07	36800001	37800000	15246
A07	37600001	38600000	18290
A07	38400001	39400000	18745
A07	39200001	40200000	14751
A07	40000001	41000000	18787
A07	40800001	41800000	15941
A07	41600001	42600000	14248
A07	42400001	43400000	10894
A07	43200001	44200000	12812
A07	44000001	45000000	16829
A07	44800001	45800000	17898
A07	45600001	46600000	16295
A07	46400001	47400000	12423
A07	47200001	48200000	15575
A07	48000001	49000000	14763
A07	48800001	49800000	11331
A07	49600001	50600000	13490
A07	50400001	51400000	14772
A07	51200001	52200000	17413
A07	52000001	53000000	17117
A07	52800001	53800000	14729
A07	53600001	54600000	14087
A07	54400001	55400000	16901
A07	55200001	56200000	16228
A07	56000001	57000000	14884
A07	56800001	57800000	15010
A07	57600001	58600000	16515
A07	58400001	59400000	14202
A07	59200001	60200000	11430
A07	60000001	61000000	16543
A07	60800001	61800000	16633
A07	61600001	62600000	17013
A07	62400001	63400000	14697
A07	63200001	64200000	15365
A07	64000001	65000000	15538
A07	64800001	65800000	14674
A07	65600001	66600000	19664
A07	66400001	67400000	15161
A07	67200001	68200000	15719
A07	68000001	69000000	30976
A07	68800001	69800000	20503
A07	69600001	70600000	12760
A07	70400001	71400000	13433
A07	71200001	72200000	11744
A07	72000001	73000000	11963
A07	72800001	73800000	8454
A07	73600001	74600000	10657
A07	74400001	75400000	8960
A07	75200001	76200000	11107
A07	76000001	77000000	8263
A07	76800001	77800000	8206
A07	77600001	78251018	6279
A08	1	1000000	5393
A08	800001	1800000	7202
A08	1600001	2600000	9031
A08	2400001	3400000	11619
A08	3200001	4200000	8447
A08	4000001	5000000	11879
A08	4800001	5800000	10238
A08	5600001	6600000	9943
A08	6400001	7400000	12977
A08	7200001	8200000	14025
A08	8000001	9000000	12082
A08	8800001	9800000	14250
A08	9600001	10600000	14581
A08	10400001	11400000	13674
A08	11200001	12200000	17981
A08	12000001	13000000	15936
A08	12800001	13800000	20288
A08	13600001	14600000	16481
A08	14400001	15400000	11260
A08	15200001	16200000	13905
A08	16000001	17000000	15694
A08	16800001	17800000	15844
A08	17600001	18600000	15653
A08	18400001	19400000	16875
A08	19200001	20200000	15094
A08	20000001	21000000	15615
A08	20800001	21800000	14959
A08	21600001	22600000	15895
A08	22400001	23400000	14939
A08	23200001	24200000	14696
A08	24000001	25000000	15827
A08	24800001	25800000	14799
A08	25600001	26600000	14754
A08	26400001	27400000	14202
A08	27200001	28200000	12996
A08	28000001	29000000	10726
A08	28800001	29800000	13063
A08	29600001	30600000	14477
A08	30400001	31400000	11284
A08	31200001	32200000	10884
A08	32000001	33000000	11615
A08	32800001	33800000	13058
A08	33600001	34600000	14843
A08	34400001	35400000	14964
A08	35200001	36200000	15161
A08	36000001	37000000	15164
A08	36800001	37800000	12795
A08	37600001	38600000	12833
A08	38400001	39400000	15675
A08	39200001	40200000	13157
A08	40000001	41000000	15331
A08	40800001	41800000	13029
A08	41600001	42600000	13030
A08	42400001	43400000	14477
A08	43200001	44200000	13786
A08	44000001	45000000	14896
A08	44800001	45800000	8702
A08	45600001	46600000	5913
A08	46400001	47400000	12155
A08	47200001	48200000	14066
A08	48000001	49000000	14177
A08	48800001	49800000	13594
A08	49600001	50600000	12822
A08	50400001	51400000	9409
A08	51200001	52200000	15998
A08	52000001	53000000	14098
A08	52800001	53800000	16004
A08	53600001	54600000	13608
A08	54400001	55400000	6178
A08	55200001	56200000	14866
A08	56000001	57000000	12772
A08	56800001	57800000	12463
A08	57600001	58600000	16473
A08	58400001	59400000	13260
A08	59200001	60200000	15615
A08	60000001	61000000	12737
A08	60800001	61800000	14439
A08	61600001	62600000	13526
A08	62400001	63400000	13286
A08	63200001	64200000	13706
A08	64000001	65000000	16152
A08	64800001	65800000	16990
A08	65600001	66600000	18370
A08	66400001	67400000	15700
A08	67200001	68200000	14619
A08	68000001	69000000	14504
A08	68800001	69800000	14718
A08	69600001	70600000	16525
A08	70400001	71400000	17092
A08	71200001	72200000	17431
A08	72000001	73000000	13841
A08	72800001	73800000	13856
A08	73600001	74600000	17511
A08	74400001	75400000	14528
A08	75200001	76200000	16804
A08	76000001	77000000	17101
A08	76800001	77800000	17368
A08	77600001	78600000	16852
A08	78400001	79400000	18090
A08	79200001	80200000	15603
A08	80000001	81000000	16854
A08	80800001	81800000	17353
A08	81600001	82600000	14626
A08	82400001	83400000	15339
A08	83200001	84200000	14277
A08	84000001	85000000	16574
A08	84800001	85800000	12150
A08	85600001	86600000	15897
A08	86400001	87400000	16707
A08	87200001	88200000	15013
A08	88000001	89000000	16177
A08	88800001	89800000	11894
A08	89600001	90600000	7132
A08	90400001	91400000	13357
A08	91200001	92200000	14578
A08	92000001	93000000	13597
A08	92800001	93800000	18519
A08	93600001	94600000	13363
A08	94400001	95400000	15291
A08	95200001	96200000	7501
A08	96000001	97000000	9906
A08	96800001	97800000	9185
A08	97600001	98600000	7257
A08	98400001	99400000	7041
A08	99200001	100200000	9493
A08	100000001	101000000	7243
A08	100800001	101800000	3868
A08	101600001	102600000	4477
A08	102400001	103400000	4753
A08	103200001	103626341	3464
A09	1	1000000	11971
A09	800001	1800000	12719
A09	1600001	2600000	12020
A09	2400001	3400000	10180
A09	3200001	4200000	13062
A09	4000001	5000000	13288
A09	4800001	5800000	15172
A09	5600001	6600000	12007
A09	6400001	7400000	14354
A09	7200001	8200000	14530
A09	8000001	9000000	16153
A09	8800001	9800000	15406
A09	9600001	10600000	15612
A09	10400001	11400000	16100
A09	11200001	12200000	15975
A09	12000001	13000000	14605
A09	12800001	13800000	17989
A09	13600001	14600000	14153
A09	14400001	15400000	14098
A09	15200001	16200000	14925
A09	16000001	17000000	13647
A09	16800001	17800000	16528
A09	17600001	18600000	15023
A09	18400001	19400000	14517
A09	19200001	20200000	17523
A09	20000001	21000000	16591
A09	20800001	21800000	12394
A09	21600001	22600000	12990
A09	22400001	23400000	16171
A09	23200001	24200000	12863
A09	24000001	25000000	16508
A09	24800001	25800000	10616
A09	25600001	26600000	13743
A09	26400001	27400000	14311
A09	27200001	28200000	13969
A09	28000001	29000000	13526
A09	28800001	29800000	12989
A09	29600001	30600000	13600
A09	30400001	31400000	17875
A09	31200001	32200000	15522
A09	32000001	33000000	14366
A09	32800001	33800000	15933
A09	33600001	34600000	17360
A09	34400001	35400000	14938
A09	35200001	36200000	12874
A09	36000001	37000000	13780
A09	36800001	37800000	17137
A09	37600001	38600000	15577
A09	38400001	39400000	15426
A09	39200001	40200000	16247
A09	40000001	41000000	17207
A09	40800001	41800000	16335
A09	41600001	42600000	18463
A09	42400001	43400000	16162
A09	43200001	44200000	19346
A09	44000001	45000000	17826
A09	44800001	45800000	15261
A09	45600001	46600000	15033
A09	46400001	47400000	15756
A09	47200001	48200000	13464
A09	48000001	49000000	12177
A09	48800001	49800000	16020
A09	49600001	50600000	16185
A09	50400001	51400000	18055
A09	51200001	52200000	16221
A09	52000001	53000000	12086
A09	52800001	53800000	12517
A09	53600001	54600000	16104
A09	54400001	55400000	11323
A09	55200001	56200000	9112
A09	56000001	57000000	15094
A09	56800001	57800000	14186
A09	57600001	58600000	11757
A09	58400001	59400000	10725
A09	59200001	60200000	10328
A09	60000001	61000000	9321
A09	60800001	61800000	11232
A09	61600001	62600000	12631
A09	62400001	63400000	9651
A09	63200001	64200000	11339
A09	64000001	65000000	10019
A09	64800001	65800000	7411
A09	65600001	66600000	10846
A09	66400001	67400000	9310
A09	67200001	68200000	5399
A09	68000001	69000000	5720
A09	68800001	69800000	4282
A09	69600001	70600000	4080
A09	70400001	71400000	4934
A09	71200001	72200000	5685
A09	72000001	73000000	4410
A09	72800001	73800000	3737
A09	73600001	74600000	6714
A09	74400001	74999931	2443
A10	1	1000000	5471
A10	800001	1800000	6423
A10	1600001	2600000	4171
A10	2400001	3400000	3564
A10	3200001	4200000	6347
A10	4000001	5000000	7676
A10	4800001	5800000	8954
A10	5600001	6600000	11674
A10	6400001	7400000	11626
A10	7200001	8200000	16650
A10	8000001	9000000	19360
A10	8800001	9800000	18515
A10	9600001	10600000	13822
A10	10400001	11400000	12419
A10	11200001	12200000	10381
A10	12000001	13000000	8631
A10	12800001	13800000	14037
A10	13600001	14600000	16374
A10	14400001	15400000	15810
A10	15200001	16200000	16460
A10	16000001	17000000	14717
A10	16800001	17800000	14625
A10	17600001	18600000	14573
A10	18400001	19400000	13919
A10	19200001	20200000	16797
A10	20000001	21000000	11243
A10	20800001	21800000	14272
A10	21600001	22600000	15231
A10	22400001	23400000	14197
A10	23200001	24200000	11663
A10	24000001	25000000	12314
A10	24800001	25800000	16371
A10	25600001	26600000	14690
A10	26400001	27400000	14504
A10	27200001	28200000	14413
A10	28000001	29000000	17099
A10	28800001	29800000	14217
A10	29600001	30600000	13530
A10	30400001	31400000	12266
A10	31200001	32200000	15873
A10	32000001	33000000	13454
A10	32800001	33800000	11808
A10	33600001	34600000	18571
A10	34400001	35400000	17831
A10	35200001	36200000	13953
A10	36000001	37000000	11097
A10	36800001	37800000	13124
A10	37600001	38600000	13916
A10	38400001	39400000	14115
A10	39200001	40200000	13120
A10	40000001	41000000	13882
A10	40800001	41800000	11019
A10	41600001	42600000	13953
A10	42400001	43400000	16534
A10	43200001	44200000	13334
A10	44000001	45000000	14149
A10	44800001	45800000	13423
A10	45600001	46600000	15895
A10	46400001	47400000	14929
A10	47200001	48200000	17261
A10	48000001	49000000	15521
A10	48800001	49800000	15815
A10	49600001	50600000	17638
A10	50400001	51400000	15735
A10	51200001	52200000	14570
A10	52000001	53000000	16064
A10	52800001	53800000	12983
A10	53600001	54600000	13920
A10	54400001	55400000	15720
A10	55200001	56200000	11961
A10	56000001	57000000	13475
A10	56800001	57800000	13869
A10	57600001	58600000	16098
A10	58400001	59400000	15381
A10	59200001	60200000	15766
A10	60000001	61000000	17761
A10	60800001	61800000	18618
A10	61600001	62600000	16719
A10	62400001	63400000	12789
A10	63200001	64200000	14708
A10	64000001	65000000	13886
A10	64800001	65800000	14345
A10	65600001	66600000	16147
A10	66400001	67400000	16053
A10	67200001	68200000	12932
A10	68000001	69000000	16988
A10	68800001	69800000	16114
A10	69600001	70600000	15530
A10	70400001	71400000	16621
A10	71200001	72200000	15501
A10	72000001	73000000	14230
A10	72800001	73800000	14672
A10	73600001	74600000	16354
A10	74400001	75400000	14753
A10	75200001	76200000	14174
A10	76000001	77000000	15195
A10	76800001	77800000	16307
A10	77600001	78600000	18088
A10	78400001	79400000	16441
A10	79200001	80200000	17493
A10	80000001	81000000	19185
A10	80800001	81800000	15305
A10	81600001	82600000	17814
A10	82400001	83400000	18150
A10	83200001	84200000	15233
A10	84000001	85000000	16329
A10	84800001	85800000	11506
A10	85600001	86600000	13380
A10	86400001	87400000	13768
A10	87200001	88200000	13546
A10	88000001	89000000	15417
A10	88800001	89800000	17832
A10	89600001	90600000	14530
A10	90400001	91400000	12019
A10	91200001	92200000	10690
A10	92000001	93000000	14698
A10	92800001	93800000	12248
A10	93600001	94600000	12652
A10	94400001	95400000	9036
A10	95200001	96200000	7468
A10	96000001	97000000	7836
A10	96800001	97800000	9379
A10	97600001	98600000	8695
A10	98400001	99400000	7456
A10	99200001	100200000	7027
A10	100000001	101000000	5697
A10	100800001	100866604	201
A11	1	1000000	6451
A11	800001	1800000	4838
A11	1600001	2600000	4415
A11	2400001	3400000	4088
A11	3200001	4200000	5341
A11	4000001	5000000	5246
A11	4800001	5800000	5816
A11	5600001	6600000	5007
A11	6400001	7400000	7567
A11	7200001	8200000	5216
A11	8000001	9000000	6395
A11	8800001	9800000	9284
A11	9600001	10600000	9680
A11	10400001	11400000	8321
A11	11200001	12200000	8180
A11	12000001	13000000	9780
A11	12800001	13800000	11400
A11	13600001	14600000	13369
A11	14400001	15400000	9490
A11	15200001	16200000	11050
A11	16000001	17000000	14384
A11	16800001	17800000	9698
A11	17600001	18600000	11112
A11	18400001	19400000	15950
A11	19200001	20200000	13132
A11	20000001	21000000	11881
A11	20800001	21800000	15414
A11	21600001	22600000	11126
A11	22400001	23400000	14092
A11	23200001	24200000	14961
A11	24000001	25000000	15576
A11	24800001	25800000	15268
A11	25600001	26600000	16488
A11	26400001	27400000	18350
A11	27200001	28200000	16021
A11	28000001	29000000	14894
A11	28800001	29800000	14587
A11	29600001	30600000	16428
A11	30400001	31400000	13248
A11	31200001	32200000	14873
A11	32000001	33000000	17066
A11	32800001	33800000	16666
A11	33600001	34600000	15284
A11	34400001	35400000	13432
A11	35200001	36200000	15740
A11	36000001	37000000	17879
A11	36800001	37800000	17691
A11	37600001	38600000	13356
A11	38400001	39400000	13272
A11	39200001	40200000	12276
A11	40000001	41000000	17411
A11	40800001	41800000	12221
A11	41600001	42600000	11163
A11	42400001	43400000	17515
A11	43200001	44200000	16653
A11	44000001	45000000	13390
A11	44800001	45800000	12296
A11	45600001	46600000	17023
A11	46400001	47400000	15400
A11	47200001	48200000	14333
A11	48000001	49000000	10296
A11	48800001	49800000	15320
A11	49600001	50600000	14855
A11	50400001	51400000	14578
A11	51200001	52200000	15638
A11	52000001	53000000	17370
A11	52800001	53800000	16331
A11	53600001	54600000	15326
A11	54400001	55400000	11753
A11	55200001	56200000	12737
A11	56000001	57000000	15043
A11	56800001	57800000	14000
A11	57600001	58600000	14950
A11	58400001	59400000	13036
A11	59200001	60200000	14458
A11	60000001	61000000	17824
A11	60800001	61800000	14041
A11	61600001	62600000	15164
A11	62400001	63400000	16838
A11	63200001	64200000	17176
A11	64000001	65000000	15402
A11	64800001	65800000	16243
A11	65600001	66600000	13920
A11	66400001	67400000	12797
A11	67200001	68200000	15777
A11	68000001	69000000	17858
A11	68800001	69800000	16746
A11	69600001	70600000	13076
A11	70400001	71400000	17340
A11	71200001	72200000	12526
A11	72000001	73000000	14779
A11	72800001	73800000	14792
A11	73600001	74600000	12727
A11	74400001	75400000	14519
A11	75200001	76200000	14617
A11	76000001	77000000	12221
A11	76800001	77800000	13908
A11	77600001	78600000	15405
A11	78400001	79400000	14725
A11	79200001	80200000	16865
A11	80000001	81000000	13602
A11	80800001	81800000	10805
A11	81600001	82600000	13058
A11	82400001	83400000	10276
A11	83200001	84200000	8291
A11	84000001	85000000	11838
A11	84800001	85800000	10660
A11	85600001	86600000	11729
A11	86400001	87400000	11434
A11	87200001	88200000	9181
A11	88000001	89000000	5570
A11	88800001	89800000	9317
A11	89600001	90600000	9430
A11	90400001	91400000	7064
A11	91200001	92200000	7880
A11	92000001	93000000	8244
A11	92800001	93316192	2478
A12	1	1000000	7850
A12	800001	1800000	8861
A12	1600001	2600000	8270
A12	2400001	3400000	9520
A12	3200001	4200000	10739
A12	4000001	5000000	13464
A12	4800001	5800000	13384
A12	5600001	6600000	13826
A12	6400001	7400000	11033
A12	7200001	8200000	14796
A12	8000001	9000000	12021
A12	8800001	9800000	14405
A12	9600001	10600000	9590
A12	10400001	11400000	14150
A12	11200001	12200000	18173
A12	12000001	13000000	15953
A12	12800001	13800000	13271
A12	13600001	14600000	14245
A12	14400001	15400000	15099
A12	15200001	16200000	16906
A12	16000001	17000000	17002
A12	16800001	17800000	15960
A12	17600001	18600000	18289
A12	18400001	19400000	20524
A12	19200001	20200000	15486
A12	20000001	21000000	17886
A12	20800001	21800000	18652
A12	21600001	22600000	15857
A12	22400001	23400000	16744
A12	23200001	24200000	17033
A12	24000001	25000000	13090
A12	24800001	25800000	12388
A12	25600001	26600000	11979
A12	26400001	27400000	16934
A12	27200001	28200000	15911
A12	28000001	29000000	17306
A12	28800001	29800000	17644
A12	29600001	30600000	17227
A12	30400001	31400000	12546
A12	31200001	32200000	11694
A12	32000001	33000000	14476
A12	32800001	33800000	13297
A12	33600001	34600000	12519
A12	34400001	35400000	12819
A12	35200001	36200000	11306
A12	36000001	37000000	12553
A12	36800001	37800000	12778
A12	37600001	38600000	17736
A12	38400001	39400000	15798
A12	39200001	40200000	17365
A12	40000001	41000000	16536
A12	40800001	41800000	17845
A12	41600001	42600000	17004
A12	42400001	43400000	14612
A12	43200001	44200000	14882
A12	44000001	45000000	15166
A12	44800001	45800000	16859
A12	45600001	46600000	16332
A12	46400001	47400000	13100
A12	47200001	48200000	15872
A12	48000001	49000000	13256
A12	48800001	49800000	17553
A12	49600001	50600000	11969
A12	50400001	51400000	19590
A12	51200001	52200000	15947
A12	52000001	53000000	14790
A12	52800001	53800000	16107
A12	53600001	54600000	15520
A12	54400001	55400000	16778
A12	55200001	56200000	17153
A12	56000001	57000000	17739
A12	56800001	57800000	16557
A12	57600001	58600000	14985
A12	58400001	59400000	16981
A12	59200001	60200000	13490
A12	60000001	61000000	11859
A12	60800001	61800000	13473
A12	61600001	62600000	16815
A12	62400001	63400000	17172
A12	63200001	64200000	14287
A12	64000001	65000000	11671
A12	64800001	65800000	12763
A12	65600001	66600000	11166
A12	66400001	67400000	13346
A12	67200001	68200000	15186
A12	68000001	69000000	14355
A12	68800001	69800000	12581
A12	69600001	70600000	16036
A12	70400001	71400000	15427
A12	71200001	72200000	15879
A12	72000001	73000000	12793
A12	72800001	73800000	12669
A12	73600001	74600000	10222
A12	74400001	75400000	13343
A12	75200001	76200000	14879
A12	76000001	77000000	11708
A12	76800001	77800000	11999
A12	77600001	78600000	9061
A12	78400001	79400000	9550
A12	79200001	80200000	10724
A12	80000001	81000000	7705
A12	80800001	81800000	6107
A12	81600001	82600000	7607
A12	82400001	83400000	6739
A12	83200001	84200000	4975
A12	84000001	85000000	3923
A12	84800001	85800000	3944
A12	85600001	86600000	3872
A12	86400001	87400000	3720
A12	87200001	87484866	1026
A13	1	1000000	6995
A13	800001	1800000	8356
A13	1600001	2600000	8008
A13	2400001	3400000	6516
A13	3200001	4200000	7464
A13	4000001	5000000	10282
A13	4800001	5800000	10835
A13	5600001	6600000	14715
A13	6400001	7400000	15340
A13	7200001	8200000	14427
A13	8000001	9000000	16876
A13	8800001	9800000	16289
A13	9600001	10600000	16519
A13	10400001	11400000	10597
A13	11200001	12200000	13645
A13	12000001	13000000	15638
A13	12800001	13800000	14185
A13	13600001	14600000	12956
A13	14400001	15400000	17713
A13	15200001	16200000	15031
A13	16000001	17000000	13276
A13	16800001	17800000	16093
A13	17600001	18600000	15698
A13	18400001	19400000	17341
A13	19200001	20200000	13531
A13	20000001	21000000	15621
A13	20800001	21800000	15197
A13	21600001	22600000	15677
A13	22400001	23400000	16175
A13	23200001	24200000	15279
A13	24000001	25000000	13812
A13	24800001	25800000	15342
A13	25600001	26600000	15952
A13	26400001	27400000	16776
A13	27200001	28200000	15148
A13	28000001	29000000	13939
A13	28800001	29800000	15186
A13	29600001	30600000	14997
A13	30400001	31400000	15142
A13	31200001	32200000	17013
A13	32000001	33000000	12946
A13	32800001	33800000	15018
A13	33600001	34600000	11098
A13	34400001	35400000	11698
A13	35200001	36200000	15026
A13	36000001	37000000	14379
A13	36800001	37800000	15411
A13	37600001	38600000	16348
A13	38400001	39400000	15748
A13	39200001	40200000	15367
A13	40000001	41000000	16718
A13	40800001	41800000	17963
A13	41600001	42600000	13969
A13	42400001	43400000	15260
A13	43200001	44200000	17653
A13	44000001	45000000	15040
A13	44800001	45800000	16429
A13	45600001	46600000	16484
A13	46400001	47400000	17695
A13	47200001	48200000	17490
A13	48000001	49000000	15992
A13	48800001	49800000	17151
A13	49600001	50600000	12887
A13	50400001	51400000	14688
A13	51200001	52200000	12677
A13	52000001	53000000	15970
A13	52800001	53800000	15411
A13	53600001	54600000	18854
A13	54400001	55400000	16375
A13	55200001	56200000	19695
A13	56000001	57000000	16587
A13	56800001	57800000	18819
A13	57600001	58600000	18197
A13	58400001	59400000	16883
A13	59200001	60200000	12659
A13	60000001	61000000	12328
A13	60800001	61800000	11490
A13	61600001	62600000	17636
A13	62400001	63400000	16117
A13	63200001	64200000	11871
A13	64000001	65000000	12514
A13	64800001	65800000	13442
A13	65600001	66600000	14673
A13	66400001	67400000	14422
A13	67200001	68200000	13296
A13	68000001	69000000	13448
A13	68800001	69800000	19787
A13	69600001	70600000	17067
A13	70400001	71400000	14742
A13	71200001	72200000	15550
A13	72000001	73000000	12902
A13	72800001	73800000	8657
A13	73600001	74600000	11829
A13	74400001	75400000	7987
A13	75200001	76200000	7126
A13	76000001	77000000	6559
A13	76800001	77800000	11389
A13	77600001	78600000	6438
A13	78400001	79400000	5103
A13	79200001	79961121	4385
D01	1	1000000	6603
D01	800001	1800000	6150
D01	1600001	2600000	7506
D01	2400001	3400000	7228
D01	3200001	4200000	5951
D01	4000001	5000000	8060
D01	4800001	5800000	8312
D01	5600001	6600000	12394
D01	6400001	7400000	13450
D01	7200001	8200000	12856
D01	8000001	9000000	10673
D01	8800001	9800000	10474
D01	9600001	10600000	10196
D01	10400001	11400000	13356
D01	11200001	12200000	16027
D01	12000001	13000000	13976
D01	12800001	13800000	13173
D01	13600001	14600000	11229
D01	14400001	15400000	14294
D01	15200001	16200000	13418
D01	16000001	17000000	15351
D01	16800001	17800000	14880
D01	17600001	18600000	16054
D01	18400001	19400000	15567
D01	19200001	20200000	15104
D01	20000001	21000000	14639
D01	20800001	21800000	14048
D01	21600001	22600000	15187
D01	22400001	23400000	13474
D01	23200001	24200000	15195
D01	24000001	25000000	13927
D01	24800001	25800000	13777
D01	25600001	26600000	13366
D01	26400001	27400000	12579
D01	27200001	28200000	12244
D01	28000001	29000000	14112
D01	28800001	29800000	13354
D01	29600001	30600000	13774
D01	30400001	31400000	15398
D01	31200001	32200000	13765
D01	32000001	33000000	14239
D01	32800001	33800000	10822
D01	33600001	34600000	12597
D01	34400001	35400000	11508
D01	35200001	36200000	13581
D01	36000001	37000000	11424
D01	36800001	37800000	11322
D01	37600001	38600000	14607
D01	38400001	39400000	15094
D01	39200001	40200000	14751
D01	40000001	41000000	12175
D01	40800001	41800000	13504
D01	41600001	42600000	12416
D01	42400001	43400000	15633
D01	43200001	44200000	14985
D01	44000001	45000000	15093
D01	44800001	45800000	13971
D01	45600001	46600000	12389
D01	46400001	47400000	11994
D01	47200001	48200000	14330
D01	48000001	49000000	15640
D01	48800001	49800000	15348
D01	49600001	50600000	12358
D01	50400001	51400000	14311
D01	51200001	52200000	13679
D01	52000001	53000000	14873
D01	52800001	53800000	11246
D01	53600001	54600000	12674
D01	54400001	55400000	12652
D01	55200001	56200000	12232
D01	56000001	57000000	12735
D01	56800001	57800000	9363
D01	57600001	58600000	10330
D01	58400001	59400000	9645
D01	59200001	60200000	9161
D01	60000001	61000000	6409
D01	60800001	61456009	2554
D02	1	1000000	5390
D02	800001	1800000	5166
D02	1600001	2600000	7231
D02	2400001	3400000	6114
D02	3200001	4200000	4985
D02	4000001	5000000	6189
D02	4800001	5800000	9105
D02	5600001	6600000	9553
D02	6400001	7400000	7030
D02	7200001	8200000	10266
D02	8000001	9000000	10011
D02	8800001	9800000	12586
D02	9600001	10600000	11574
D02	10400001	11400000	12843
D02	11200001	12200000	13232
D02	12000001	13000000	12762
D02	12800001	13800000	11420
D02	13600001	14600000	12998
D02	14400001	15400000	13711
D02	15200001	16200000	14385
D02	16000001	17000000	11175
D02	16800001	17800000	12972
D02	17600001	18600000	14279
D02	18400001	19400000	13741
D02	19200001	20200000	11006
D02	20000001	21000000	12127
D02	20800001	21800000	13545
D02	21600001	22600000	14835
D02	22400001	23400000	15372
D02	23200001	24200000	12020
D02	24000001	25000000	13339
D02	24800001	25800000	13127
D02	25600001	26600000	14228
D02	26400001	27400000	14256
D02	27200001	28200000	11845
D02	28000001	29000000	13216
D02	28800001	29800000	11219
D02	29600001	30600000	11535
D02	30400001	31400000	11771
D02	31200001	32200000	12535
D02	32000001	33000000	12489
D02	32800001	33800000	13111
D02	33600001	34600000	13030
D02	34400001	35400000	15697
D02	35200001	36200000	15228
D02	36000001	37000000	11094
D02	36800001	37800000	13513
D02	37600001	38600000	11846
D02	38400001	39400000	15231
D02	39200001	40200000	14780
D02	40000001	41000000	15387
D02	40800001	41800000	14710
D02	41600001	42600000	12433
D02	42400001	43400000	14203
D02	43200001	44200000	14162
D02	44000001	45000000	14698
D02	44800001	45800000	16294
D02	45600001	46600000	14406
D02	46400001	47400000	13797
D02	47200001	48200000	15211
D02	48000001	49000000	14750
D02	48800001	49800000	15367
D02	49600001	50600000	13121
D02	50400001	51400000	15219
D02	51200001	52200000	14835
D02	52000001	53000000	13039
D02	52800001	53800000	13472
D02	53600001	54600000	15147
D02	54400001	55400000	14981
D02	55200001	56200000	14070
D02	56000001	57000000	11895
D02	56800001	57800000	12162
D02	57600001	58600000	11042
D02	58400001	59400000	13184
D02	59200001	60200000	13895
D02	60000001	61000000	11287
D02	60800001	61800000	12458
D02	61600001	62600000	11708
D02	62400001	63400000	9745
D02	63200001	64200000	5358
D02	64000001	65000000	7721
D02	64800001	65800000	6949
D02	65600001	66600000	5626
D02	66400001	67400000	4124
D02	67200001	67284553	649
D03	1	1000000	6758
D03	800001	1800000	7329
D03	1600001	2600000	8334
D03	2400001	3400000	9548
D03	3200001	4200000	10531
D03	4000001	5000000	13020
D03	4800001	5800000	11736
D03	5600001	6600000	13178
D03	6400001	7400000	15223
D03	7200001	8200000	14925
D03	8000001	9000000	16348
D03	8800001	9800000	14963
D03	9600001	10600000	13096
D03	10400001	11400000	13285
D03	11200001	12200000	13762
D03	12000001	13000000	14888
D03	12800001	13800000	12545
D03	13600001	14600000	10820
D03	14400001	15400000	12273
D03	15200001	16200000	14841
D03	16000001	17000000	14488
D03	16800001	17800000	12972
D03	17600001	18600000	13203
D03	18400001	19400000	12265
D03	19200001	20200000	12539
D03	20000001	21000000	12551
D03	20800001	21800000	14625
D03	21600001	22600000	13394
D03	22400001	23400000	12780
D03	23200001	24200000	14214
D03	24000001	25000000	15118
D03	24800001	25800000	14600
D03	25600001	26600000	14714
D03	26400001	27400000	14099
D03	27200001	28200000	13552
D03	28000001	29000000	14128
D03	28800001	29800000	15781
D03	29600001	30600000	13995
D03	30400001	31400000	13749
D03	31200001	32200000	15710
D03	32000001	33000000	15587
D03	32800001	33800000	15443
D03	33600001	34600000	14620
D03	34400001	35400000	12710
D03	35200001	36200000	11898
D03	36000001	37000000	13183
D03	36800001	37800000	12391
D03	37600001	38600000	11221
D03	38400001	39400000	9826
D03	39200001	40200000	12596
D03	40000001	41000000	10883
D03	40800001	41800000	9399
D03	41600001	42600000	9780
D03	42400001	43400000	6276
D03	43200001	44200000	7249
D03	44000001	45000000	8020
D03	44800001	45800000	6494
D03	45600001	46600000	5382
D03	46400001	46690656	929
D04	1	1000000	6557
D04	800001	1800000	7396
D04	1600001	2600000	6816
D04	2400001	3400000	6420
D04	3200001	4200000	8845
D04	4000001	5000000	7373
D04	4800001	5800000	9963
D04	5600001	6600000	9785
D04	6400001	7400000	11622
D04	7200001	8200000	12993
D04	8000001	9000000	12304
D04	8800001	9800000	11725
D04	9600001	10600000	11902
D04	10400001	11400000	13135
D04	11200001	12200000	14466
D04	12000001	13000000	14913
D04	12800001	13800000	14493
D04	13600001	14600000	14959
D04	14400001	15400000	13961
D04	15200001	16200000	14178
D04	16000001	17000000	13996
D04	16800001	17800000	11745
D04	17600001	18600000	13070
D04	18400001	19400000	13628
D04	19200001	20200000	11813
D04	20000001	21000000	11954
D04	20800001	21800000	9145
D04	21600001	22600000	13347
D04	22400001	23400000	12372
D04	23200001	24200000	16110
D04	24000001	25000000	14235
D04	24800001	25800000	13624
D04	25600001	26600000	13530
D04	26400001	27400000	12322
D04	27200001	28200000	10733
D04	28000001	29000000	13341
D04	28800001	29800000	14274
D04	29600001	30600000	16828
D04	30400001	31400000	14947
D04	31200001	32200000	15103
D04	32000001	33000000	14685
D04	32800001	33800000	15154
D04	33600001	34600000	15123
D04	34400001	35400000	15380
D04	35200001	36200000	14972
D04	36000001	37000000	15310
D04	36800001	37800000	12421
D04	37600001	38600000	14466
D04	38400001	39400000	16541
D04	39200001	40200000	15858
D04	40000001	41000000	12906
D04	40800001	41800000	14539
D04	41600001	42600000	12292
D04	42400001	43400000	13519
D04	43200001	44200000	13561
D04	44000001	45000000	9455
D04	44800001	45800000	13331
D04	45600001	46600000	12679
D04	46400001	47400000	8630
D04	47200001	48200000	7879
D04	48000001	49000000	6794
D04	48800001	49800000	7089
D04	49600001	50600000	6878
D04	50400001	51400000	6771
D04	51200001	51454130	1473
D05	1	1000000	4753
D05	800001	1800000	4647
D05	1600001	2600000	4247
D05	2400001	3400000	3405
D05	3200001	4200000	4404
D05	4000001	5000000	4096
D05	4800001	5800000	4329
D05	5600001	6600000	4900
D05	6400001	7400000	3190
D05	7200001	8200000	4447
D05	8000001	9000000	3828
D05	8800001	9800000	4119
D05	9600001	10600000	4333
D05	10400001	11400000	3157
D05	11200001	12200000	3152
D05	12000001	13000000	3485
D05	12800001	13800000	4421
D05	13600001	14600000	5707
D05	14400001	15400000	5071
D05	15200001	16200000	5607
D05	16000001	17000000	4483
D05	16800001	17800000	3993
D05	17600001	18600000	5679
D05	18400001	19400000	5315
D05	19200001	20200000	6865
D05	20000001	21000000	8658
D05	20800001	21800000	5301
D05	21600001	22600000	7523
D05	22400001	23400000	8168
D05	23200001	24200000	6386
D05	24000001	25000000	8213
D05	24800001	25800000	9023
D05	25600001	26600000	8704
D05	26400001	27400000	8669
D05	27200001	28200000	9299
D05	28000001	29000000	10943
D05	28800001	29800000	11911
D05	29600001	30600000	12625
D05	30400001	31400000	13195
D05	31200001	32200000	9986
D05	32000001	33000000	11063
D05	32800001	33800000	11869
D05	33600001	34600000	14618
D05	34400001	35400000	15277
D05	35200001	36200000	13863
D05	36000001	37000000	12415
D05	36800001	37800000	12758
D05	37600001	38600000	12879
D05	38400001	39400000	13108
D05	39200001	40200000	10195
D05	40000001	41000000	11447
D05	40800001	41800000	14013
D05	41600001	42600000	14168
D05	42400001	43400000	13314
D05	43200001	44200000	14398
D05	44000001	45000000	14367
D05	44800001	45800000	14701
D05	45600001	46600000	31160
D05	46400001	47400000	29868
D05	47200001	48200000	12965
D05	48000001	49000000	11712
D05	48800001	49800000	13073
D05	49600001	50600000	13756
D05	50400001	51400000	11072
D05	51200001	52200000	15130
D05	52000001	53000000	10986
D05	52800001	53800000	7542
D05	53600001	54600000	10105
D05	54400001	55400000	10005
D05	55200001	56200000	7184
D05	56000001	57000000	14078
D05	56800001	57800000	10459
D05	57600001	58600000	12919
D05	58400001	59400000	12245
D05	59200001	60200000	5744
D05	60000001	61000000	7694
D05	60800001	61800000	7656
D05	61600001	61933047	2084
D06	1	1000000	6954
D06	800001	1800000	6858
D06	1600001	2600000	4488
D06	2400001	3400000	4614
D06	3200001	4200000	11088
D06	4000001	5000000	14183
D06	4800001	5800000	9851
D06	5600001	6600000	10329
D06	6400001	7400000	14815
D06	7200001	8200000	12672
D06	8000001	9000000	9963
D06	8800001	9800000	12340
D06	9600001	10600000	12415
D06	10400001	11400000	11541
D06	11200001	12200000	14465
D06	12000001	13000000	13192
D06	12800001	13800000	13113
D06	13600001	14600000	14891
D06	14400001	15400000	14688
D06	15200001	16200000	15470
D06	16000001	17000000	12926
D06	16800001	17800000	12517
D06	17600001	18600000	14746
D06	18400001	19400000	16076
D06	19200001	20200000	12305
D06	20000001	21000000	12894
D06	20800001	21800000	13857
D06	21600001	22600000	13617
D06	22400001	23400000	14391
D06	23200001	24200000	10081
D06	24000001	25000000	14228
D06	24800001	25800000	13296
D06	25600001	26600000	15165
D06	26400001	27400000	12368
D06	27200001	28200000	12296
D06	28000001	29000000	13191
D06	28800001	29800000	12295
D06	29600001	30600000	14887
D06	30400001	31400000	14202
D06	31200001	32200000	13621
D06	32000001	33000000	11388
D06	32800001	33800000	11261
D06	33600001	34600000	12254
D06	34400001	35400000	10097
D06	35200001	36200000	12850
D06	36000001	37000000	15631
D06	36800001	37800000	12770
D06	37600001	38600000	10346
D06	38400001	39400000	10469
D06	39200001	40200000	15318
D06	40000001	41000000	12228
D06	40800001	41800000	14852
D06	41600001	42600000	14297
D06	42400001	43400000	13705
D06	43200001	44200000	13569
D06	44000001	45000000	13696
D06	44800001	45800000	12722
D06	45600001	46600000	13457
D06	46400001	47400000	14143
D06	47200001	48200000	14845
D06	48000001	49000000	13566
D06	48800001	49800000	14027
D06	49600001	50600000	14176
D06	50400001	51400000	12867
D06	51200001	52200000	13470
D06	52000001	53000000	14407
D06	52800001	53800000	12585
D06	53600001	54600000	11556
D06	54400001	55400000	12752
D06	55200001	56200000	10820
D06	56000001	57000000	12352
D06	56800001	57800000	12447
D06	57600001	58600000	12207
D06	58400001	59400000	10499
D06	59200001	60200000	7862
D06	60000001	61000000	9411
D06	60800001	61800000	9642
D06	61600001	62600000	7533
D06	62400001	63400000	8381
D06	63200001	64200000	8036
D06	64000001	64294643	1073
D07	1	1000000	5455
D07	800001	1800000	4684
D07	1600001	2600000	5805
D07	2400001	3400000	5728
D07	3200001	4200000	7016
D07	4000001	5000000	5734
D07	4800001	5800000	8200
D07	5600001	6600000	8430
D07	6400001	7400000	8772
D07	7200001	8200000	7932
D07	8000001	9000000	8748
D07	8800001	9800000	10074
D07	9600001	10600000	10578
D07	10400001	11400000	8255
D07	11200001	12200000	12442
D07	12000001	13000000	13275
D07	12800001	13800000	12818
D07	13600001	14600000	14459
D07	14400001	15400000	10492
D07	15200001	16200000	12147
D07	16000001	17000000	13039
D07	16800001	17800000	13418
D07	17600001	18600000	13912
D07	18400001	19400000	10240
D07	19200001	20200000	10365
D07	20000001	21000000	13204
D07	20800001	21800000	13389
D07	21600001	22600000	13887
D07	22400001	23400000	13842
D07	23200001	24200000	14201
D07	24000001	25000000	14108
D07	24800001	25800000	13850
D07	25600001	26600000	14467
D07	26400001	27400000	13049
D07	27200001	28200000	13547
D07	28000001	29000000	15935
D07	28800001	29800000	14247
D07	29600001	30600000	14274
D07	30400001	31400000	13230
D07	31200001	32200000	12778
D07	32000001	33000000	12752
D07	32800001	33800000	12312
D07	33600001	34600000	12586
D07	34400001	35400000	13290
D07	35200001	36200000	11992
D07	36000001	37000000	12586
D07	36800001	37800000	13156
D07	37600001	38600000	12907
D07	38400001	39400000	10992
D07	39200001	40200000	11592
D07	40000001	41000000	14345
D07	40800001	41800000	14655
D07	41600001	42600000	12715
D07	42400001	43400000	13628
D07	43200001	44200000	16012
D07	44000001	45000000	10788
D07	44800001	45800000	11150
D07	45600001	46600000	12309
D07	46400001	47400000	14985
D07	47200001	48200000	14566
D07	48000001	49000000	13648
D07	48800001	49800000	10932
D07	49600001	50600000	7996
D07	50400001	51400000	11071
D07	51200001	52200000	6873
D07	52000001	53000000	9310
D07	52800001	53800000	9721
D07	53600001	54600000	8029
D07	54400001	55400000	8311
D07	55200001	55312611	1890
D08	1	1000000	7697
D08	800001	1800000	6562
D08	1600001	2600000	6879
D08	2400001	3400000	8163
D08	3200001	4200000	8558
D08	4000001	5000000	9365
D08	4800001	5800000	8505
D08	5600001	6600000	11265
D08	6400001	7400000	12576
D08	7200001	8200000	11511
D08	8000001	9000000	12517
D08	8800001	9800000	13029
D08	9600001	10600000	11670
D08	10400001	11400000	14723
D08	11200001	12200000	14198
D08	12000001	13000000	15478
D08	12800001	13800000	15973
D08	13600001	14600000	14923
D08	14400001	15400000	14190
D08	15200001	16200000	21792
D08	16000001	17000000	13831
D08	16800001	17800000	13777
D08	17600001	18600000	13765
D08	18400001	19400000	13458
D08	19200001	20200000	13871
D08	20000001	21000000	12740
D08	20800001	21800000	10934
D08	21600001	22600000	13421
D08	22400001	23400000	12209
D08	23200001	24200000	13590
D08	24000001	25000000	12841
D08	24800001	25800000	12038
D08	25600001	26600000	8562
D08	26400001	27400000	10715
D08	27200001	28200000	10003
D08	28000001	29000000	9909
D08	28800001	29800000	11904
D08	29600001	30600000	12500
D08	30400001	31400000	14943
D08	31200001	32200000	14918
D08	32000001	33000000	12639
D08	32800001	33800000	13499
D08	33600001	34600000	12763
D08	34400001	35400000	13545
D08	35200001	36200000	14579
D08	36000001	37000000	14164
D08	36800001	37800000	14745
D08	37600001	38600000	15097
D08	38400001	39400000	13058
D08	39200001	40200000	14901
D08	40000001	41000000	13861
D08	40800001	41800000	14249
D08	41600001	42600000	13372
D08	42400001	43400000	15653
D08	43200001	44200000	14043
D08	44000001	45000000	14120
D08	44800001	45800000	15037
D08	45600001	46600000	14955
D08	46400001	47400000	12652
D08	47200001	48200000	12415
D08	48000001	49000000	12973
D08	48800001	49800000	12299
D08	49600001	50600000	9479
D08	50400001	51400000	12079
D08	51200001	52200000	13015
D08	52000001	53000000	12961
D08	52800001	53800000	9383
D08	53600001	54600000	12114
D08	54400001	55400000	13263
D08	55200001	56200000	15916
D08	56000001	57000000	12614
D08	56800001	57800000	12040
D08	57600001	58600000	9609
D08	58400001	59400000	10463
D08	59200001	60200000	6123
D08	60000001	61000000	9488
D08	60800001	61800000	8327
D08	61600001	62600000	9137
D08	62400001	63400000	8139
D08	63200001	64200000	5885
D08	64000001	65000000	5596
D08	64800001	65800000	5766
D08	65600001	65894135	1317
D09	1	1000000	11244
D09	800001	1800000	10106
D09	1600001	2600000	10454
D09	2400001	3400000	12042
D09	3200001	4200000	14040
D09	4000001	5000000	12659
D09	4800001	5800000	11942
D09	5600001	6600000	11348
D09	6400001	7400000	11587
D09	7200001	8200000	10254
D09	8000001	9000000	10844
D09	8800001	9800000	14261
D09	9600001	10600000	14028
D09	10400001	11400000	11628
D09	11200001	12200000	13630
D09	12000001	13000000	13767
D09	12800001	13800000	14599
D09	13600001	14600000	12613
D09	14400001	15400000	14904
D09	15200001	16200000	10708
D09	16000001	17000000	11772
D09	16800001	17800000	13223
D09	17600001	18600000	11970
D09	18400001	19400000	12777
D09	19200001	20200000	12374
D09	20000001	21000000	13677
D09	20800001	21800000	13830
D09	21600001	22600000	12943
D09	22400001	23400000	14572
D09	23200001	24200000	13379
D09	24000001	25000000	14479
D09	24800001	25800000	12082
D09	25600001	26600000	13966
D09	26400001	27400000	15471
D09	27200001	28200000	14546
D09	28000001	29000000	13280
D09	28800001	29800000	12127
D09	29600001	30600000	13371
D09	30400001	31400000	12114
D09	31200001	32200000	11089
D09	32000001	33000000	9575
D09	32800001	33800000	10096
D09	33600001	34600000	10719
D09	34400001	35400000	11769
D09	35200001	36200000	9070
D09	36000001	37000000	7500
D09	36800001	37800000	7247
D09	37600001	38600000	6619
D09	38400001	39400000	6939
D09	39200001	40200000	6811
D09	40000001	41000000	7937
D09	40800001	41800000	8129
D09	41600001	42600000	4210
D09	42400001	43400000	6132
D09	43200001	44200000	6495
D09	44000001	45000000	7093
D09	44800001	45800000	7812
D09	45600001	46600000	5197
D09	46400001	47400000	4656
D09	47200001	48200000	3748
D09	48000001	49000000	4590
D09	48800001	49800000	5444
D09	49600001	50600000	6175
D09	50400001	50995436	2688
D10	1	1000000	5736
D10	800001	1800000	4308
D10	1600001	2600000	5266
D10	2400001	3400000	4932
D10	3200001	4200000	6391
D10	4000001	5000000	5611
D10	4800001	5800000	8705
D10	5600001	6600000	9574
D10	6400001	7400000	9789
D10	7200001	8200000	9081
D10	8000001	9000000	9679
D10	8800001	9800000	11644
D10	9600001	10600000	10573
D10	10400001	11400000	11723
D10	11200001	12200000	10638
D10	12000001	13000000	12212
D10	12800001	13800000	12778
D10	13600001	14600000	13543
D10	14400001	15400000	14110
D10	15200001	16200000	12712
D10	16000001	17000000	12704
D10	16800001	17800000	13043
D10	17600001	18600000	13325
D10	18400001	19400000	17269
D10	19200001	20200000	14915
D10	20000001	21000000	11635
D10	20800001	21800000	14832
D10	21600001	22600000	10470
D10	22400001	23400000	12235
D10	23200001	24200000	15364
D10	24000001	25000000	13969
D10	24800001	25800000	12271
D10	25600001	26600000	12854
D10	26400001	27400000	13326
D10	27200001	28200000	15040
D10	28000001	29000000	16057
D10	28800001	29800000	14196
D10	29600001	30600000	14189
D10	30400001	31400000	16558
D10	31200001	32200000	13598
D10	32000001	33000000	10953
D10	32800001	33800000	14082
D10	33600001	34600000	12393
D10	34400001	35400000	11049
D10	35200001	36200000	12505
D10	36000001	37000000	13445
D10	36800001	37800000	11995
D10	37600001	38600000	11007
D10	38400001	39400000	12697
D10	39200001	40200000	12185
D10	40000001	41000000	13353
D10	40800001	41800000	14628
D10	41600001	42600000	12817
D10	42400001	43400000	13165
D10	43200001	44200000	14414
D10	44000001	45000000	11569
D10	44800001	45800000	12399
D10	45600001	46600000	13887
D10	46400001	47400000	15090
D10	47200001	48200000	16079
D10	48000001	49000000	14033
D10	48800001	49800000	12651
D10	49600001	50600000	12783
D10	50400001	51400000	11895
D10	51200001	52200000	12981
D10	52000001	53000000	13329
D10	52800001	53800000	11357
D10	53600001	54600000	10032
D10	54400001	55400000	11037
D10	55200001	56200000	7985
D10	56000001	57000000	10682
D10	56800001	57800000	8588
D10	57600001	58600000	8179
D10	58400001	59400000	10258
D10	59200001	60200000	7359
D10	60000001	61000000	6667
D10	60800001	61800000	9332
D10	61600001	62600000	4739
D10	62400001	63400000	3181
D10	63200001	63374666	427
D11	1	1000000	5839
D11	800001	1800000	6143
D11	1600001	2600000	4476
D11	2400001	3400000	4577
D11	3200001	4200000	5254
D11	4000001	5000000	5455
D11	4800001	5800000	3497
D11	5600001	6600000	6821
D11	6400001	7400000	7565
D11	7200001	8200000	7428
D11	8000001	9000000	6656
D11	8800001	9800000	7429
D11	9600001	10600000	7994
D11	10400001	11400000	9823
D11	11200001	12200000	9113
D11	12000001	13000000	8863
D11	12800001	13800000	8268
D11	13600001	14600000	8676
D11	14400001	15400000	9116
D11	15200001	16200000	10204
D11	16000001	17000000	10941
D11	16800001	17800000	11446
D11	17600001	18600000	11743
D11	18400001	19400000	11209
D11	19200001	20200000	14155
D11	20000001	21000000	13920
D11	20800001	21800000	12147
D11	21600001	22600000	12581
D11	22400001	23400000	12943
D11	23200001	24200000	13486
D11	24000001	25000000	14559
D11	24800001	25800000	14590
D11	25600001	26600000	13509
D11	26400001	27400000	14258
D11	27200001	28200000	13445
D11	28000001	29000000	14811
D11	28800001	29800000	16898
D11	29600001	30600000	13629
D11	30400001	31400000	13778
D11	31200001	32200000	13679
D11	32000001	33000000	13289
D11	32800001	33800000	13085
D11	33600001	34600000	13716
D11	34400001	35400000	13644
D11	35200001	36200000	12025
D11	36000001	37000000	13192
D11	36800001	37800000	12762
D11	37600001	38600000	13915
D11	38400001	39400000	15500
D11	39200001	40200000	11578
D11	40000001	41000000	12222
D11	40800001	41800000	13526
D11	41600001	42600000	14625
D11	42400001	43400000	13300
D11	43200001	44200000	14120
D11	44000001	45000000	16471
D11	44800001	45800000	16276
D11	45600001	46600000	13724
D11	46400001	47400000	13248
D11	47200001	48200000	11729
D11	48000001	49000000	11310
D11	48800001	49800000	12238
D11	49600001	50600000	13046
D11	50400001	51400000	12696
D11	51200001	52200000	12948
D11	52000001	53000000	10253
D11	52800001	53800000	11274
D11	53600001	54600000	10546
D11	54400001	55400000	12055
D11	55200001	56200000	10352
D11	56000001	57000000	12057
D11	56800001	57800000	11923
D11	57600001	58600000	6282
D11	58400001	59400000	7940
D11	59200001	60200000	5594
D11	60000001	61000000	7000
D11	60800001	61800000	6684
D11	61600001	62600000	7778
D11	62400001	63400000	6450
D11	63200001	64200000	6082
D11	64000001	65000000	4713
D11	64800001	65800000	5696
D11	65600001	66087774	3023
D12	1	1000000	7823
D12	800001	1800000	6937
D12	1600001	2600000	8294
D12	2400001	3400000	8393
D12	3200001	4200000	9377
D12	4000001	5000000	12364
D12	4800001	5800000	10756
D12	5600001	6600000	11327
D12	6400001	7400000	11179
D12	7200001	8200000	12867
D12	8000001	9000000	13223
D12	8800001	9800000	14989
D12	9600001	10600000	14380
D12	10400001	11400000	12234
D12	11200001	12200000	11954
D12	12000001	13000000	14509
D12	12800001	13800000	15655
D12	13600001	14600000	13851
D12	14400001	15400000	13890
D12	15200001	16200000	13699
D12	16000001	17000000	13847
D12	16800001	17800000	14420
D12	17600001	18600000	14652
D12	18400001	19400000	13189
D12	19200001	20200000	13831
D12	20000001	21000000	14473
D12	20800001	21800000	14004
D12	21600001	22600000	14806
D12	22400001	23400000	19977
D12	23200001	24200000	11191
D12	24000001	25000000	13611
D12	24800001	25800000	11863
D12	25600001	26600000	14025
D12	26400001	27400000	14383
D12	27200001	28200000	13536
D12	28000001	29000000	11258
D12	28800001	29800000	12884
D12	29600001	30600000	11807
D12	30400001	31400000	13090
D12	31200001	32200000	12967
D12	32000001	33000000	12238
D12	32800001	33800000	11869
D12	33600001	34600000	14557
D12	34400001	35400000	13804
D12	35200001	36200000	13261
D12	36000001	37000000	13940
D12	36800001	37800000	15848
D12	37600001	38600000	14729
D12	38400001	39400000	13357
D12	39200001	40200000	10508
D12	40000001	41000000	13590
D12	40800001	41800000	13160
D12	41600001	42600000	12834
D12	42400001	43400000	11432
D12	43200001	44200000	9953
D12	44000001	45000000	10808
D12	44800001	45800000	12169
D12	45600001	46600000	11737
D12	46400001	47400000	9797
D12	47200001	48200000	8864
D12	48000001	49000000	10123
D12	48800001	49800000	9981
D12	49600001	50600000	7733
D12	50400001	51400000	9947
D12	51200001	52200000	9369
D12	52000001	53000000	8266
D12	52800001	53800000	7814
D12	53600001	54600000	7153
D12	54400001	55400000	8682
D12	55200001	56200000	5281
D12	56000001	57000000	5510
D12	56800001	57800000	5174
D12	57600001	58600000	5201
D12	58400001	59109837	3842
D13	1	1000000	4443
D13	800001	1800000	6033
D13	1600001	2600000	6831
D13	2400001	3400000	6749
D13	3200001	4200000	9185
D13	4000001	5000000	9904
D13	4800001	5800000	9767
D13	5600001	6600000	13959
D13	6400001	7400000	14452
D13	7200001	8200000	14061
D13	8000001	9000000	12855
D13	8800001	9800000	13965
D13	9600001	10600000	14823
D13	10400001	11400000	10003
D13	11200001	12200000	11872
D13	12000001	13000000	13245
D13	12800001	13800000	14282
D13	13600001	14600000	15808
D13	14400001	15400000	13615
D13	15200001	16200000	14357
D13	16000001	17000000	12391
D13	16800001	17800000	12718
D13	17600001	18600000	16008
D13	18400001	19400000	13679
D13	19200001	20200000	13445
D13	20000001	21000000	15024
D13	20800001	21800000	12792
D13	21600001	22600000	12769
D13	22400001	23400000	11443
D13	23200001	24200000	8108
D13	24000001	25000000	13691
D13	24800001	25800000	12515
D13	25600001	26600000	9906
D13	26400001	27400000	11482
D13	27200001	28200000	14290
D13	28000001	29000000	11595
D13	28800001	29800000	17167
D13	29600001	30600000	12169
D13	30400001	31400000	12191
D13	31200001	32200000	12627
D13	32000001	33000000	14568
D13	32800001	33800000	14048
D13	33600001	34600000	13746
D13	34400001	35400000	14997
D13	35200001	36200000	13081
D13	36000001	37000000	14577
D13	36800001	37800000	14184
D13	37600001	38600000	13627
D13	38400001	39400000	11285
D13	39200001	40200000	13427
D13	40000001	41000000	14766
D13	40800001	41800000	13414
D13	41600001	42600000	12444
D13	42400001	43400000	11623
D13	43200001	44200000	13304
D13	44000001	45000000	13964
D13	44800001	45800000	12875
D13	45600001	46600000	12723
D13	46400001	47400000	15258
D13	47200001	48200000	10342
D13	48000001	49000000	12372
D13	48800001	49800000	12916
D13	49600001	50600000	11823
D13	50400001	51400000	12391
D13	51200001	52200000	12983
D13	52000001	53000000	10559
D13	52800001	53800000	9823
D13	53600001	54600000	11358
D13	54400001	55400000	9209
D13	55200001	56200000	10200
D13	56000001	57000000	8078
D13	56800001	57800000	5902
D13	57600001	58600000	5003
D13	58400001	59400000	8378
D13	59200001	60200000	9835
D13	60000001	60534298	3266
