A01	1	1000000	1689
A01	800001	1800000	2308
A01	1600001	2600000	2552
A01	2400001	3400000	3018
A01	3200001	4200000	2381
A01	4000001	5000000	2978
A01	4800001	5800000	3030
A01	5600001	6600000	3197
A01	6400001	7400000	3750
A01	7200001	8200000	3605
A01	8000001	9000000	5111
A01	8800001	9800000	5380
A01	9600001	10600000	5457
A01	10400001	11400000	4119
A01	11200001	12200000	4678
A01	12000001	13000000	3922
A01	12800001	13800000	3795
A01	13600001	14600000	4170
A01	14400001	15400000	4722
A01	15200001	16200000	4743
A01	16000001	17000000	4766
A01	16800001	17800000	5079
A01	17600001	18600000	4622
A01	18400001	19400000	4614
A01	19200001	20200000	4003
A01	20000001	21000000	4744
A01	20800001	21800000	4939
A01	21600001	22600000	4795
A01	22400001	23400000	3578
A01	23200001	24200000	4198
A01	24000001	25000000	4480
A01	24800001	25800000	5189
A01	25600001	26600000	4946
A01	26400001	27400000	4740
A01	27200001	28200000	3842
A01	28000001	29000000	3532
A01	28800001	29800000	4630
A01	29600001	30600000	3442
A01	30400001	31400000	3618
A01	31200001	32200000	4449
A01	32000001	33000000	4682
A01	32800001	33800000	4414
A01	33600001	34600000	3516
A01	34400001	35400000	2921
A01	35200001	36200000	2685
A01	36000001	37000000	3004
A01	36800001	37800000	3078
A01	37600001	38600000	3571
A01	38400001	39400000	3586
A01	39200001	40200000	4888
A01	40000001	41000000	4557
A01	40800001	41800000	4353
A01	41600001	42600000	3962
A01	42400001	43400000	2705
A01	43200001	44200000	2996
A01	44000001	45000000	3399
A01	44800001	45800000	4266
A01	45600001	46600000	4196
A01	46400001	47400000	3048
A01	47200001	48200000	3915
A01	48000001	49000000	3780
A01	48800001	49800000	2883
A01	49600001	50600000	3450
A01	50400001	51400000	3507
A01	51200001	52200000	3244
A01	52000001	53000000	3017
A01	52800001	53800000	3901
A01	53600001	54600000	4192
A01	54400001	55400000	3857
A01	55200001	56200000	3765
A01	56000001	57000000	3674
A01	56800001	57800000	2840
A01	57600001	58600000	3372
A01	58400001	59400000	3385
A01	59200001	60200000	3576
A01	60000001	61000000	4002
A01	60800001	61800000	3667
A01	61600001	62600000	4131
A01	62400001	63400000	3223
A01	63200001	64200000	3693
A01	64000001	65000000	4257
A01	64800001	65800000	2654
A01	65600001	66600000	3099
A01	66400001	67400000	2901
A01	67200001	68200000	2692
A01	68000001	69000000	4072
A01	68800001	69800000	4341
A01	69600001	70600000	2958
A01	70400001	71400000	3987
A01	71200001	72200000	3906
A01	72000001	73000000	3251
A01	72800001	73800000	3724
A01	73600001	74600000	3087
A01	74400001	75400000	4097
A01	75200001	76200000	3668
A01	76000001	77000000	4001
A01	76800001	77800000	4593
A01	77600001	78600000	4338
A01	78400001	79400000	4267
A01	79200001	80200000	3652
A01	80000001	81000000	3133
A01	80800001	81800000	3582
A01	81600001	82600000	4364
A01	82400001	83400000	3997
A01	83200001	84200000	3721
A01	84000001	85000000	3624
A01	84800001	85800000	4315
A01	85600001	86600000	4307
A01	86400001	87400000	4952
A01	87200001	88200000	4280
A01	88000001	89000000	5094
A01	88800001	89800000	5384
A01	89600001	90600000	4438
A01	90400001	91400000	3941
A01	91200001	92200000	4560
A01	92000001	93000000	4654
A01	92800001	93800000	4736
A01	93600001	94600000	4261
A01	94400001	95400000	4520
A01	95200001	96200000	4139
A01	96000001	97000000	4663
A01	96800001	97800000	4848
A01	97600001	98600000	3320
A01	98400001	99400000	2771
A01	99200001	99884700	2337
A02	1	1000000	2026
A02	800001	1800000	2043
A02	1600001	2600000	2938
A02	2400001	3400000	2789
A02	3200001	4200000	3184
A02	4000001	5000000	4345
A02	4800001	5800000	3572
A02	5600001	6600000	3556
A02	6400001	7400000	3251
A02	7200001	8200000	4140
A02	8000001	9000000	5286
A02	8800001	9800000	5676
A02	9600001	10600000	5660
A02	10400001	11400000	4687
A02	11200001	12200000	5384
A02	12000001	13000000	5134
A02	12800001	13800000	4850
A02	13600001	14600000	4659
A02	14400001	15400000	4423
A02	15200001	16200000	4338
A02	16000001	17000000	4836
A02	16800001	17800000	4775
A02	17600001	18600000	4433
A02	18400001	19400000	4231
A02	19200001	20200000	4636
A02	20000001	21000000	4143
A02	20800001	21800000	4727
A02	21600001	22600000	3551
A02	22400001	23400000	2976
A02	23200001	24200000	4386
A02	24000001	25000000	4229
A02	24800001	25800000	4133
A02	25600001	26600000	3744
A02	26400001	27400000	3520
A02	27200001	28200000	3409
A02	28000001	29000000	3324
A02	28800001	29800000	4493
A02	29600001	30600000	3687
A02	30400001	31400000	3585
A02	31200001	32200000	3606
A02	32000001	33000000	4809
A02	32800001	33800000	3551
A02	33600001	34600000	4010
A02	34400001	35400000	4706
A02	35200001	36200000	3495
A02	36000001	37000000	3839
A02	36800001	37800000	3803
A02	37600001	38600000	3958
A02	38400001	39400000	3775
A02	39200001	40200000	3386
A02	40000001	41000000	3636
A02	40800001	41800000	3872
A02	41600001	42600000	3810
A02	42400001	43400000	4316
A02	43200001	44200000	4368
A02	44000001	45000000	3495
A02	44800001	45800000	4201
A02	45600001	46600000	4109
A02	46400001	47400000	3533
A02	47200001	48200000	3257
A02	48000001	49000000	3281
A02	48800001	49800000	2705
A02	49600001	50600000	3832
A02	50400001	51400000	3560
A02	51200001	52200000	4693
A02	52000001	53000000	3465
A02	52800001	53800000	3603
A02	53600001	54600000	3498
A02	54400001	55400000	3939
A02	55200001	56200000	4282
A02	56000001	57000000	3526
A02	56800001	57800000	2980
A02	57600001	58600000	3397
A02	58400001	59400000	3065
A02	59200001	60200000	4120
A02	60000001	61000000	3707
A02	60800001	61800000	4031
A02	61600001	62600000	4236
A02	62400001	63400000	3851
A02	63200001	64200000	3322
A02	64000001	65000000	3284
A02	64800001	65800000	3896
A02	65600001	66600000	3940
A02	66400001	67400000	4546
A02	67200001	68200000	3817
A02	68000001	69000000	3482
A02	68800001	69800000	4411
A02	69600001	70600000	3624
A02	70400001	71400000	4421
A02	71200001	72200000	4324
A02	72000001	73000000	4447
A02	72800001	73800000	4869
A02	73600001	74600000	5866
A02	74400001	75400000	5694
A02	75200001	76200000	5157
A02	76000001	77000000	4941
A02	76800001	77800000	5027
A02	77600001	78600000	4478
A02	78400001	79400000	3395
A02	79200001	80200000	3813
A02	80000001	81000000	4416
A02	80800001	81800000	3778
A02	81600001	82600000	3359
A02	82400001	83400000	2115
A02	83200001	83447906	185
A03	1	1000000	3179
A03	800001	1800000	3004
A03	1600001	2600000	2771
A03	2400001	3400000	2632
A03	3200001	4200000	3516
A03	4000001	5000000	4203
A03	4800001	5800000	4739
A03	5600001	6600000	4409
A03	6400001	7400000	3890
A03	7200001	8200000	4420
A03	8000001	9000000	4818
A03	8800001	9800000	5068
A03	9600001	10600000	3954
A03	10400001	11400000	4479
A03	11200001	12200000	4670
A03	12000001	13000000	5277
A03	12800001	13800000	5283
A03	13600001	14600000	4998
A03	14400001	15400000	5616
A03	15200001	16200000	5379
A03	16000001	17000000	4499
A03	16800001	17800000	4635
A03	17600001	18600000	5239
A03	18400001	19400000	4168
A03	19200001	20200000	3205
A03	20000001	21000000	3725
A03	20800001	21800000	3893
A03	21600001	22600000	3167
A03	22400001	23400000	3527
A03	23200001	24200000	3126
A03	24000001	25000000	3391
A03	24800001	25800000	3233
A03	25600001	26600000	3168
A03	26400001	27400000	3419
A03	27200001	28200000	4126
A03	28000001	29000000	2867
A03	28800001	29800000	3001
A03	29600001	30600000	3169
A03	30400001	31400000	3547
A03	31200001	32200000	2895
A03	32000001	33000000	3812
A03	32800001	33800000	4414
A03	33600001	34600000	3033
A03	34400001	35400000	2826
A03	35200001	36200000	1365
A03	36000001	37000000	3241
A03	36800001	37800000	3398
A03	37600001	38600000	2922
A03	38400001	39400000	3920
A03	39200001	40200000	3803
A03	40000001	41000000	3588
A03	40800001	41800000	3168
A03	41600001	42600000	3687
A03	42400001	43400000	3274
A03	43200001	44200000	4042
A03	44000001	45000000	3907
A03	44800001	45800000	3948
A03	45600001	46600000	3239
A03	46400001	47400000	3365
A03	47200001	48200000	3131
A03	48000001	49000000	4089
A03	48800001	49800000	3164
A03	49600001	50600000	2665
A03	50400001	51400000	2261
A03	51200001	52200000	2638
A03	52000001	53000000	2294
A03	52800001	53800000	2591
A03	53600001	54600000	2501
A03	54400001	55400000	2339
A03	55200001	56200000	3173
A03	56000001	57000000	3597
A03	56800001	57800000	4340
A03	57600001	58600000	4348
A03	58400001	59400000	4578
A03	59200001	60200000	4534
A03	60000001	61000000	4390
A03	60800001	61800000	3781
A03	61600001	62600000	3766
A03	62400001	63400000	4434
A03	63200001	64200000	4256
A03	64000001	65000000	4483
A03	64800001	65800000	4146
A03	65600001	66600000	4780
A03	66400001	67400000	3976
A03	67200001	68200000	3776
A03	68000001	69000000	3680
A03	68800001	69800000	3282
A03	69600001	70600000	3118
A03	70400001	71400000	3565
A03	71200001	72200000	3427
A03	72000001	73000000	5085
A03	72800001	73800000	3026
A03	73600001	74600000	3827
A03	74400001	75400000	3698
A03	75200001	76200000	4261
A03	76000001	77000000	3768
A03	76800001	77800000	3798
A03	77600001	78600000	3729
A03	78400001	79400000	4825
A03	79200001	80200000	4921
A03	80000001	81000000	3488
A03	80800001	81800000	4707
A03	81600001	82600000	5471
A03	82400001	83400000	5130
A03	83200001	84200000	3174
A03	84000001	85000000	3612
A03	84800001	85800000	3949
A03	85600001	86600000	4880
A03	86400001	87400000	4081
A03	87200001	88200000	4761
A03	88000001	89000000	4539
A03	88800001	89800000	5316
A03	89600001	90600000	4867
A03	90400001	91400000	4264
A03	91200001	92200000	4757
A03	92000001	93000000	4635
A03	92800001	93800000	4488
A03	93600001	94600000	4285
A03	94400001	95400000	3129
A03	95200001	96200000	2876
A03	96000001	97000000	3409
A03	96800001	97800000	3359
A03	97600001	98600000	3650
A03	98400001	99400000	2756
A03	99200001	100200000	1946
A03	100000001	100263045	439
A04	1	1000000	3926
A04	800001	1800000	3091
A04	1600001	2600000	3030
A04	2400001	3400000	3304
A04	3200001	4200000	2762
A04	4000001	5000000	3083
A04	4800001	5800000	3682
A04	5600001	6600000	3602
A04	6400001	7400000	3585
A04	7200001	8200000	4363
A04	8000001	9000000	4289
A04	8800001	9800000	3967
A04	9600001	10600000	3802
A04	10400001	11400000	3180
A04	11200001	12200000	3686
A04	12000001	13000000	4569
A04	12800001	13800000	4509
A04	13600001	14600000	3560
A04	14400001	15400000	3900
A04	15200001	16200000	3354
A04	16000001	17000000	3432
A04	16800001	17800000	3846
A04	17600001	18600000	3151
A04	18400001	19400000	3430
A04	19200001	20200000	3591
A04	20000001	21000000	3698
A04	20800001	21800000	2681
A04	21600001	22600000	3141
A04	22400001	23400000	2627
A04	23200001	24200000	3130
A04	24000001	25000000	3445
A04	24800001	25800000	3554
A04	25600001	26600000	3819
A04	26400001	27400000	3619
A04	27200001	28200000	4301
A04	28000001	29000000	3174
A04	28800001	29800000	3019
A04	29600001	30600000	3512
A04	30400001	31400000	3441
A04	31200001	32200000	3356
A04	32000001	33000000	3292
A04	32800001	33800000	2606
A04	33600001	34600000	2587
A04	34400001	35400000	3735
A04	35200001	36200000	3660
A04	36000001	37000000	4157
A04	36800001	37800000	3888
A04	37600001	38600000	3583
A04	38400001	39400000	4803
A04	39200001	40200000	4315
A04	40000001	41000000	4721
A04	40800001	41800000	4082
A04	41600001	42600000	3156
A04	42400001	43400000	3052
A04	43200001	44200000	4681
A04	44000001	45000000	5210
A04	44800001	45800000	5098
A04	45600001	46600000	4721
A04	46400001	47400000	3674
A04	47200001	48200000	4678
A04	48000001	49000000	4730
A04	48800001	49800000	4608
A04	49600001	50600000	4493
A04	50400001	51400000	5202
A04	51200001	52200000	5114
A04	52000001	53000000	4626
A04	52800001	53800000	4374
A04	53600001	54600000	3736
A04	54400001	55400000	4592
A04	55200001	56200000	4539
A04	56000001	57000000	4988
A04	56800001	57800000	4314
A04	57600001	58600000	4438
A04	58400001	59400000	3015
A04	59200001	60200000	4102
A04	60000001	61000000	3530
A04	60800001	61800000	3181
A04	61600001	62600000	2465
A04	62400001	62913772	919
A05	1	1000000	1813
A05	800001	1800000	1654
A05	1600001	2600000	1430
A05	2400001	3400000	1106
A05	3200001	4200000	1077
A05	4000001	5000000	1400
A05	4800001	5800000	1164
A05	5600001	6600000	1389
A05	6400001	7400000	1675
A05	7200001	8200000	1639
A05	8000001	9000000	1536
A05	8800001	9800000	1499
A05	9600001	10600000	1682
A05	10400001	11400000	1336
A05	11200001	12200000	1515
A05	12000001	13000000	1743
A05	12800001	13800000	2266
A05	13600001	14600000	2034
A05	14400001	15400000	1795
A05	15200001	16200000	1884
A05	16000001	17000000	2211
A05	16800001	17800000	1940
A05	17600001	18600000	2272
A05	18400001	19400000	1782
A05	19200001	20200000	2821
A05	20000001	21000000	3547
A05	20800001	21800000	2872
A05	21600001	22600000	3017
A05	22400001	23400000	3509
A05	23200001	24200000	2539
A05	24000001	25000000	2685
A05	24800001	25800000	3484
A05	25600001	26600000	4508
A05	26400001	27400000	3380
A05	27200001	28200000	3178
A05	28000001	29000000	4556
A05	28800001	29800000	4427
A05	29600001	30600000	3987
A05	30400001	31400000	4774
A05	31200001	32200000	4417
A05	32000001	33000000	4340
A05	32800001	33800000	4816
A05	33600001	34600000	4144
A05	34400001	35400000	4576
A05	35200001	36200000	4103
A05	36000001	37000000	4140
A05	36800001	37800000	5040
A05	37600001	38600000	4820
A05	38400001	39400000	4514
A05	39200001	40200000	4635
A05	40000001	41000000	3478
A05	40800001	41800000	3894
A05	41600001	42600000	4059
A05	42400001	43400000	4284
A05	43200001	44200000	3971
A05	44000001	45000000	4959
A05	44800001	45800000	3718
A05	45600001	46600000	2997
A05	46400001	47400000	3302
A05	47200001	48200000	4142
A05	48000001	49000000	3292
A05	48800001	49800000	2946
A05	49600001	50600000	3400
A05	50400001	51400000	4016
A05	51200001	52200000	3713
A05	52000001	53000000	3406
A05	52800001	53800000	2634
A05	53600001	54600000	4492
A05	54400001	55400000	3894
A05	55200001	56200000	4697
A05	56000001	57000000	3682
A05	56800001	57800000	4464
A05	57600001	58600000	4125
A05	58400001	59400000	3373
A05	59200001	60200000	2744
A05	60000001	61000000	2858
A05	60800001	61800000	3674
A05	61600001	62600000	4249
A05	62400001	63400000	3412
A05	63200001	64200000	2509
A05	64000001	65000000	3833
A05	64800001	65800000	3936
A05	65600001	66600000	3042
A05	66400001	67400000	3996
A05	67200001	68200000	3514
A05	68000001	69000000	3974
A05	68800001	69800000	4416
A05	69600001	70600000	4933
A05	70400001	71400000	4390
A05	71200001	72200000	3797
A05	72000001	73000000	4810
A05	72800001	73800000	4743
A05	73600001	74600000	4387
A05	74400001	75400000	4782
A05	75200001	76200000	4108
A05	76000001	77000000	4658
A05	76800001	77800000	5560
A05	77600001	78600000	4272
A05	78400001	79400000	5127
A05	79200001	80200000	5477
A05	80000001	81000000	5425
A05	80800001	81800000	3943
A05	81600001	82600000	4620
A05	82400001	83400000	4990
A05	83200001	84200000	3617
A05	84000001	85000000	4898
A05	84800001	85800000	3755
A05	85600001	86600000	3903
A05	86400001	87400000	4319
A05	87200001	88200000	3304
A05	88000001	89000000	3212
A05	88800001	89800000	3560
A05	89600001	90600000	4060
A05	90400001	91400000	2709
A05	91200001	92200000	1970
A05	92000001	92047023	155
A06	1	1000000	1857
A06	800001	1800000	3568
A06	1600001	2600000	3969
A06	2400001	3400000	4058
A06	3200001	4200000	4206
A06	4000001	5000000	4680
A06	4800001	5800000	4584
A06	5600001	6600000	4743
A06	6400001	7400000	3426
A06	7200001	8200000	4852
A06	8000001	9000000	5148
A06	8800001	9800000	4223
A06	9600001	10600000	4229
A06	10400001	11400000	4158
A06	11200001	12200000	4680
A06	12000001	13000000	3907
A06	12800001	13800000	3857
A06	13600001	14600000	4427
A06	14400001	15400000	4370
A06	15200001	16200000	4967
A06	16000001	17000000	5007
A06	16800001	17800000	4468
A06	17600001	18600000	4724
A06	18400001	19400000	5378
A06	19200001	20200000	4971
A06	20000001	21000000	4621
A06	20800001	21800000	4411
A06	21600001	22600000	4401
A06	22400001	23400000	4212
A06	23200001	24200000	3914
A06	24000001	25000000	4023
A06	24800001	25800000	3503
A06	25600001	26600000	2922
A06	26400001	27400000	3824
A06	27200001	28200000	4810
A06	28000001	29000000	4118
A06	28800001	29800000	4694
A06	29600001	30600000	4061
A06	30400001	31400000	4456
A06	31200001	32200000	4514
A06	32000001	33000000	4657
A06	32800001	33800000	4887
A06	33600001	34600000	4665
A06	34400001	35400000	3927
A06	35200001	36200000	4552
A06	36000001	37000000	4430
A06	36800001	37800000	4262
A06	37600001	38600000	4180
A06	38400001	39400000	3752
A06	39200001	40200000	4274
A06	40000001	41000000	3664
A06	40800001	41800000	3847
A06	41600001	42600000	3719
A06	42400001	43400000	4004
A06	43200001	44200000	3346
A06	44000001	45000000	2817
A06	44800001	45800000	3749
A06	45600001	46600000	2976
A06	46400001	47400000	2699
A06	47200001	48200000	3187
A06	48000001	49000000	3745
A06	48800001	49800000	3808
A06	49600001	50600000	3965
A06	50400001	51400000	3379
A06	51200001	52200000	3361
A06	52000001	53000000	2873
A06	52800001	53800000	2007
A06	53600001	54600000	2402
A06	54400001	55400000	3177
A06	55200001	56200000	2758
A06	56000001	57000000	2362
A06	56800001	57800000	2884
A06	57600001	58600000	3477
A06	58400001	59400000	3879
A06	59200001	60200000	2883
A06	60000001	61000000	3020
A06	60800001	61800000	3132
A06	61600001	62600000	2168
A06	62400001	63400000	3147
A06	63200001	64200000	3486
A06	64000001	65000000	3091
A06	64800001	65800000	3203
A06	65600001	66600000	3787
A06	66400001	67400000	3601
A06	67200001	68200000	4090
A06	68000001	69000000	4326
A06	68800001	69800000	3105
A06	69600001	70600000	3624
A06	70400001	71400000	2797
A06	71200001	72200000	3087
A06	72000001	73000000	2780
A06	72800001	73800000	3582
A06	73600001	74600000	2484
A06	74400001	75400000	3622
A06	75200001	76200000	3384
A06	76000001	77000000	3729
A06	76800001	77800000	4070
A06	77600001	78600000	3755
A06	78400001	79400000	4011
A06	79200001	80200000	3812
A06	80000001	81000000	3256
A06	80800001	81800000	3845
A06	81600001	82600000	3300
A06	82400001	83400000	3454
A06	83200001	84200000	3640
A06	84000001	85000000	3654
A06	84800001	85800000	3695
A06	85600001	86600000	3625
A06	86400001	87400000	4145
A06	87200001	88200000	4514
A06	88000001	89000000	5117
A06	88800001	89800000	4837
A06	89600001	90600000	5462
A06	90400001	91400000	4997
A06	91200001	92200000	4937
A06	92000001	93000000	4971
A06	92800001	93800000	4969
A06	93600001	94600000	4754
A06	94400001	95400000	4482
A06	95200001	96200000	4601
A06	96000001	97000000	4364
A06	96800001	97800000	4289
A06	97600001	98600000	4434
A06	98400001	99400000	4631
A06	99200001	100200000	4097
A06	100000001	101000000	4027
A06	100800001	101800000	3008
A06	101600001	102600000	2106
A06	102400001	103170444	2047
A07	1	1000000	2055
A07	800001	1800000	2012
A07	1600001	2600000	2280
A07	2400001	3400000	2477
A07	3200001	4200000	2398
A07	4000001	5000000	1522
A07	4800001	5800000	3125
A07	5600001	6600000	3408
A07	6400001	7400000	4203
A07	7200001	8200000	3990
A07	8000001	9000000	3667
A07	8800001	9800000	4615
A07	9600001	10600000	5341
A07	10400001	11400000	5729
A07	11200001	12200000	4791
A07	12000001	13000000	3682
A07	12800001	13800000	3989
A07	13600001	14600000	3817
A07	14400001	15400000	5899
A07	15200001	16200000	4946
A07	16000001	17000000	4043
A07	16800001	17800000	4103
A07	17600001	18600000	4525
A07	18400001	19400000	5493
A07	19200001	20200000	5498
A07	20000001	21000000	4782
A07	20800001	21800000	4990
A07	21600001	22600000	5623
A07	22400001	23400000	4236
A07	23200001	24200000	4907
A07	24000001	25000000	5043
A07	24800001	25800000	4756
A07	25600001	26600000	4310
A07	26400001	27400000	4754
A07	27200001	28200000	6590
A07	28000001	29000000	5110
A07	28800001	29800000	4757
A07	29600001	30600000	5862
A07	30400001	31400000	4512
A07	31200001	32200000	3978
A07	32000001	33000000	4846
A07	32800001	33800000	4954
A07	33600001	34600000	3925
A07	34400001	35400000	3223
A07	35200001	36200000	4423
A07	36000001	37000000	3612
A07	36800001	37800000	3905
A07	37600001	38600000	4358
A07	38400001	39400000	4908
A07	39200001	40200000	4467
A07	40000001	41000000	4550
A07	40800001	41800000	4304
A07	41600001	42600000	3457
A07	42400001	43400000	3085
A07	43200001	44200000	2939
A07	44000001	45000000	3996
A07	44800001	45800000	4361
A07	45600001	46600000	3853
A07	46400001	47400000	2854
A07	47200001	48200000	3460
A07	48000001	49000000	3149
A07	48800001	49800000	2437
A07	49600001	50600000	3174
A07	50400001	51400000	3660
A07	51200001	52200000	3570
A07	52000001	53000000	3554
A07	52800001	53800000	3270
A07	53600001	54600000	2923
A07	54400001	55400000	4122
A07	55200001	56200000	4268
A07	56000001	57000000	3137
A07	56800001	57800000	3293
A07	57600001	58600000	3709
A07	58400001	59400000	2968
A07	59200001	60200000	2411
A07	60000001	61000000	3627
A07	60800001	61800000	3645
A07	61600001	62600000	4919
A07	62400001	63400000	4802
A07	63200001	64200000	4426
A07	64000001	65000000	4366
A07	64800001	65800000	4177
A07	65600001	66600000	4558
A07	66400001	67400000	3819
A07	67200001	68200000	4576
A07	68000001	69000000	4306
A07	68800001	69800000	4111
A07	69600001	70600000	4326
A07	70400001	71400000	4713
A07	71200001	72200000	3789
A07	72000001	73000000	4376
A07	72800001	73800000	4039
A07	73600001	74600000	4950
A07	74400001	75400000	4106
A07	75200001	76200000	4562
A07	76000001	77000000	3502
A07	76800001	77800000	3876
A07	77600001	78251018	2815
A08	1	1000000	2233
A08	800001	1800000	2827
A08	1600001	2600000	3230
A08	2400001	3400000	4150
A08	3200001	4200000	3241
A08	4000001	5000000	3905
A08	4800001	5800000	3165
A08	5600001	6600000	3704
A08	6400001	7400000	4239
A08	7200001	8200000	4468
A08	8000001	9000000	4470
A08	8800001	9800000	4372
A08	9600001	10600000	4932
A08	10400001	11400000	4817
A08	11200001	12200000	4723
A08	12000001	13000000	4217
A08	12800001	13800000	4524
A08	13600001	14600000	4160
A08	14400001	15400000	3440
A08	15200001	16200000	3877
A08	16000001	17000000	4202
A08	16800001	17800000	4323
A08	17600001	18600000	4005
A08	18400001	19400000	3945
A08	19200001	20200000	3705
A08	20000001	21000000	3725
A08	20800001	21800000	4348
A08	21600001	22600000	4298
A08	22400001	23400000	3613
A08	23200001	24200000	3559
A08	24000001	25000000	3719
A08	24800001	25800000	3903
A08	25600001	26600000	3905
A08	26400001	27400000	3789
A08	27200001	28200000	3419
A08	28000001	29000000	2739
A08	28800001	29800000	2972
A08	29600001	30600000	3144
A08	30400001	31400000	2557
A08	31200001	32200000	2721
A08	32000001	33000000	3272
A08	32800001	33800000	3242
A08	33600001	34600000	3566
A08	34400001	35400000	3437
A08	35200001	36200000	3786
A08	36000001	37000000	3846
A08	36800001	37800000	3208
A08	37600001	38600000	2767
A08	38400001	39400000	3321
A08	39200001	40200000	3116
A08	40000001	41000000	3665
A08	40800001	41800000	2846
A08	41600001	42600000	3543
A08	42400001	43400000	3877
A08	43200001	44200000	3072
A08	44000001	45000000	3427
A08	44800001	45800000	2490
A08	45600001	46600000	1572
A08	46400001	47400000	2735
A08	47200001	48200000	3004
A08	48000001	49000000	3454
A08	48800001	49800000	3447
A08	49600001	50600000	3651
A08	50400001	51400000	2783
A08	51200001	52200000	4247
A08	52000001	53000000	3699
A08	52800001	53800000	3769
A08	53600001	54600000	3328
A08	54400001	55400000	1357
A08	55200001	56200000	3320
A08	56000001	57000000	3308
A08	56800001	57800000	2886
A08	57600001	58600000	4464
A08	58400001	59400000	3634
A08	59200001	60200000	4575
A08	60000001	61000000	3677
A08	60800001	61800000	3759
A08	61600001	62600000	3047
A08	62400001	63400000	3253
A08	63200001	64200000	2872
A08	64000001	65000000	3316
A08	64800001	65800000	3967
A08	65600001	66600000	4421
A08	66400001	67400000	3657
A08	67200001	68200000	3776
A08	68000001	69000000	3745
A08	68800001	69800000	3923
A08	69600001	70600000	4518
A08	70400001	71400000	4822
A08	71200001	72200000	4955
A08	72000001	73000000	4574
A08	72800001	73800000	4358
A08	73600001	74600000	4136
A08	74400001	75400000	2971
A08	75200001	76200000	3742
A08	76000001	77000000	3961
A08	76800001	77800000	4361
A08	77600001	78600000	4471
A08	78400001	79400000	4683
A08	79200001	80200000	5202
A08	80000001	81000000	5378
A08	80800001	81800000	5386
A08	81600001	82600000	4987
A08	82400001	83400000	4746
A08	83200001	84200000	4991
A08	84000001	85000000	5038
A08	84800001	85800000	4890
A08	85600001	86600000	5435
A08	86400001	87400000	5068
A08	87200001	88200000	4642
A08	88000001	89000000	4961
A08	88800001	89800000	3896
A08	89600001	90600000	2539
A08	90400001	91400000	4593
A08	91200001	92200000	5543
A08	92000001	93000000	4745
A08	92800001	93800000	5999
A08	93600001	94600000	5258
A08	94400001	95400000	4901
A08	95200001	96200000	2699
A08	96000001	97000000	3371
A08	96800001	97800000	3652
A08	97600001	98600000	2868
A08	98400001	99400000	2968
A08	99200001	100200000	3289
A08	100000001	101000000	2604
A08	100800001	101800000	1604
A08	101600001	102600000	1953
A08	102400001	103400000	2224
A08	103200001	103626341	1282
A09	1	1000000	4136
A09	800001	1800000	4590
A09	1600001	2600000	4980
A09	2400001	3400000	4073
A09	3200001	4200000	4737
A09	4000001	5000000	4121
A09	4800001	5800000	3651
A09	5600001	6600000	4153
A09	6400001	7400000	4867
A09	7200001	8200000	4965
A09	8000001	9000000	5517
A09	8800001	9800000	5015
A09	9600001	10600000	4813
A09	10400001	11400000	3963
A09	11200001	12200000	4075
A09	12000001	13000000	3611
A09	12800001	13800000	4618
A09	13600001	14600000	3604
A09	14400001	15400000	3924
A09	15200001	16200000	3507
A09	16000001	17000000	2590
A09	16800001	17800000	3133
A09	17600001	18600000	3315
A09	18400001	19400000	3227
A09	19200001	20200000	3785
A09	20000001	21000000	3676
A09	20800001	21800000	2775
A09	21600001	22600000	2749
A09	22400001	23400000	3560
A09	23200001	24200000	2717
A09	24000001	25000000	3354
A09	24800001	25800000	2515
A09	25600001	26600000	3017
A09	26400001	27400000	3430
A09	27200001	28200000	3243
A09	28000001	29000000	3624
A09	28800001	29800000	2709
A09	29600001	30600000	2412
A09	30400001	31400000	3430
A09	31200001	32200000	3421
A09	32000001	33000000	3907
A09	32800001	33800000	3695
A09	33600001	34600000	3675
A09	34400001	35400000	3700
A09	35200001	36200000	2645
A09	36000001	37000000	3143
A09	36800001	37800000	4220
A09	37600001	38600000	4408
A09	38400001	39400000	4784
A09	39200001	40200000	4262
A09	40000001	41000000	4232
A09	40800001	41800000	4875
A09	41600001	42600000	4964
A09	42400001	43400000	5054
A09	43200001	44200000	5081
A09	44000001	45000000	3554
A09	44800001	45800000	3734
A09	45600001	46600000	3926
A09	46400001	47400000	4455
A09	47200001	48200000	4725
A09	48000001	49000000	4297
A09	48800001	49800000	4891
A09	49600001	50600000	4202
A09	50400001	51400000	5075
A09	51200001	52200000	4352
A09	52000001	53000000	4179
A09	52800001	53800000	4714
A09	53600001	54600000	5372
A09	54400001	55400000	3865
A09	55200001	56200000	3209
A09	56000001	57000000	4982
A09	56800001	57800000	3918
A09	57600001	58600000	3335
A09	58400001	59400000	3458
A09	59200001	60200000	3620
A09	60000001	61000000	3365
A09	60800001	61800000	4360
A09	61600001	62600000	4631
A09	62400001	63400000	3481
A09	63200001	64200000	3686
A09	64000001	65000000	3523
A09	64800001	65800000	2517
A09	65600001	66600000	3769
A09	66400001	67400000	3131
A09	67200001	68200000	2414
A09	68000001	69000000	2524
A09	68800001	69800000	1774
A09	69600001	70600000	1924
A09	70400001	71400000	2381
A09	71200001	72200000	2366
A09	72000001	73000000	1951
A09	72800001	73800000	1587
A09	73600001	74600000	2122
A09	74400001	74999931	1009
A10	1	1000000	2109
A10	800001	1800000	2619
A10	1600001	2600000	2257
A10	2400001	3400000	2034
A10	3200001	4200000	2673
A10	4000001	5000000	3471
A10	4800001	5800000	3633
A10	5600001	6600000	4276
A10	6400001	7400000	4360
A10	7200001	8200000	5235
A10	8000001	9000000	5289
A10	8800001	9800000	4756
A10	9600001	10600000	4766
A10	10400001	11400000	4475
A10	11200001	12200000	4176
A10	12000001	13000000	2804
A10	12800001	13800000	3680
A10	13600001	14600000	4879
A10	14400001	15400000	4441
A10	15200001	16200000	5340
A10	16000001	17000000	5167
A10	16800001	17800000	4926
A10	17600001	18600000	4926
A10	18400001	19400000	4729
A10	19200001	20200000	5632
A10	20000001	21000000	3900
A10	20800001	21800000	4941
A10	21600001	22600000	4649
A10	22400001	23400000	3768
A10	23200001	24200000	3280
A10	24000001	25000000	2762
A10	24800001	25800000	3358
A10	25600001	26600000	3485
A10	26400001	27400000	3510
A10	27200001	28200000	3305
A10	28000001	29000000	3861
A10	28800001	29800000	3180
A10	29600001	30600000	3342
A10	30400001	31400000	2879
A10	31200001	32200000	3483
A10	32000001	33000000	2564
A10	32800001	33800000	2537
A10	33600001	34600000	3427
A10	34400001	35400000	3643
A10	35200001	36200000	2969
A10	36000001	37000000	2193
A10	36800001	37800000	2821
A10	37600001	38600000	2953
A10	38400001	39400000	3373
A10	39200001	40200000	2653
A10	40000001	41000000	3014
A10	40800001	41800000	2675
A10	41600001	42600000	3413
A10	42400001	43400000	3692
A10	43200001	44200000	2815
A10	44000001	45000000	3174
A10	44800001	45800000	3438
A10	45600001	46600000	3204
A10	46400001	47400000	3344
A10	47200001	48200000	3980
A10	48000001	49000000	3624
A10	48800001	49800000	3831
A10	49600001	50600000	4432
A10	50400001	51400000	3736
A10	51200001	52200000	3670
A10	52000001	53000000	3637
A10	52800001	53800000	2634
A10	53600001	54600000	3241
A10	54400001	55400000	3816
A10	55200001	56200000	2867
A10	56000001	57000000	3782
A10	56800001	57800000	5039
A10	57600001	58600000	5281
A10	58400001	59400000	4706
A10	59200001	60200000	4643
A10	60000001	61000000	5064
A10	60800001	61800000	4620
A10	61600001	62600000	4959
A10	62400001	63400000	4150
A10	63200001	64200000	4372
A10	64000001	65000000	3888
A10	64800001	65800000	4443
A10	65600001	66600000	4371
A10	66400001	67400000	4638
A10	67200001	68200000	3520
A10	68000001	69000000	4013
A10	68800001	69800000	3937
A10	69600001	70600000	4635
A10	70400001	71400000	4163
A10	71200001	72200000	5400
A10	72000001	73000000	4478
A10	72800001	73800000	3948
A10	73600001	74600000	3395
A10	74400001	75400000	3262
A10	75200001	76200000	3617
A10	76000001	77000000	5196
A10	76800001	77800000	5115
A10	77600001	78600000	5059
A10	78400001	79400000	5118
A10	79200001	80200000	5815
A10	80000001	81000000	5025
A10	80800001	81800000	4303
A10	81600001	82600000	5426
A10	82400001	83400000	4758
A10	83200001	84200000	4750
A10	84000001	85000000	4792
A10	84800001	85800000	4289
A10	85600001	86600000	4757
A10	86400001	87400000	5289
A10	87200001	88200000	4079
A10	88000001	89000000	4659
A10	88800001	89800000	5276
A10	89600001	90600000	4239
A10	90400001	91400000	3864
A10	91200001	92200000	3481
A10	92000001	93000000	4219
A10	92800001	93800000	4134
A10	93600001	94600000	4585
A10	94400001	95400000	3839
A10	95200001	96200000	2783
A10	96000001	97000000	2018
A10	96800001	97800000	3106
A10	97600001	98600000	3440
A10	98400001	99400000	3147
A10	99200001	100200000	3027
A10	100000001	101000000	2755
A10	100800001	100866604	48
A11	1	1000000	2423
A11	800001	1800000	2416
A11	1600001	2600000	2061
A11	2400001	3400000	1838
A11	3200001	4200000	1998
A11	4000001	5000000	2234
A11	4800001	5800000	2495
A11	5600001	6600000	1747
A11	6400001	7400000	2552
A11	7200001	8200000	1829
A11	8000001	9000000	2464
A11	8800001	9800000	3509
A11	9600001	10600000	3041
A11	10400001	11400000	2643
A11	11200001	12200000	3107
A11	12000001	13000000	3450
A11	12800001	13800000	4446
A11	13600001	14600000	4426
A11	14400001	15400000	3471
A11	15200001	16200000	3491
A11	16000001	17000000	4863
A11	16800001	17800000	3918
A11	17600001	18600000	3949
A11	18400001	19400000	4728
A11	19200001	20200000	4657
A11	20000001	21000000	4573
A11	20800001	21800000	5224
A11	21600001	22600000	3831
A11	22400001	23400000	4896
A11	23200001	24200000	5091
A11	24000001	25000000	5537
A11	24800001	25800000	4866
A11	25600001	26600000	5046
A11	26400001	27400000	5372
A11	27200001	28200000	4914
A11	28000001	29000000	3640
A11	28800001	29800000	4502
A11	29600001	30600000	4228
A11	30400001	31400000	3769
A11	31200001	32200000	3917
A11	32000001	33000000	3973
A11	32800001	33800000	3437
A11	33600001	34600000	3457
A11	34400001	35400000	3473
A11	35200001	36200000	3668
A11	36000001	37000000	4483
A11	36800001	37800000	4282
A11	37600001	38600000	3382
A11	38400001	39400000	2984
A11	39200001	40200000	2567
A11	40000001	41000000	3770
A11	40800001	41800000	3050
A11	41600001	42600000	3189
A11	42400001	43400000	4140
A11	43200001	44200000	3640
A11	44000001	45000000	3037
A11	44800001	45800000	2949
A11	45600001	46600000	3954
A11	46400001	47400000	4526
A11	47200001	48200000	3566
A11	48000001	49000000	3304
A11	48800001	49800000	4048
A11	49600001	50600000	3672
A11	50400001	51400000	3448
A11	51200001	52200000	4215
A11	52000001	53000000	4409
A11	52800001	53800000	4509
A11	53600001	54600000	3683
A11	54400001	55400000	3032
A11	55200001	56200000	4206
A11	56000001	57000000	4860
A11	56800001	57800000	3221
A11	57600001	58600000	3025
A11	58400001	59400000	3376
A11	59200001	60200000	3186
A11	60000001	61000000	4281
A11	60800001	61800000	3364
A11	61600001	62600000	3562
A11	62400001	63400000	3894
A11	63200001	64200000	5108
A11	64000001	65000000	4764
A11	64800001	65800000	4243
A11	65600001	66600000	3630
A11	66400001	67400000	3498
A11	67200001	68200000	4413
A11	68000001	69000000	4290
A11	68800001	69800000	5088
A11	69600001	70600000	4127
A11	70400001	71400000	3987
A11	71200001	72200000	4038
A11	72000001	73000000	4246
A11	72800001	73800000	3903
A11	73600001	74600000	3050
A11	74400001	75400000	3057
A11	75200001	76200000	3224
A11	76000001	77000000	3990
A11	76800001	77800000	5068
A11	77600001	78600000	4831
A11	78400001	79400000	5096
A11	79200001	80200000	5074
A11	80000001	81000000	4451
A11	80800001	81800000	4354
A11	81600001	82600000	4405
A11	82400001	83400000	3543
A11	83200001	84200000	2871
A11	84000001	85000000	3980
A11	84800001	85800000	3674
A11	85600001	86600000	3914
A11	86400001	87400000	3355
A11	87200001	88200000	2950
A11	88000001	89000000	2225
A11	88800001	89800000	3046
A11	89600001	90600000	3278
A11	90400001	91400000	2720
A11	91200001	92200000	2890
A11	92000001	93000000	2805
A11	92800001	93316192	1071
A12	1	1000000	3300
A12	800001	1800000	3289
A12	1600001	2600000	3112
A12	2400001	3400000	3464
A12	3200001	4200000	3651
A12	4000001	5000000	4960
A12	4800001	5800000	4538
A12	5600001	6600000	4409
A12	6400001	7400000	4640
A12	7200001	8200000	4932
A12	8000001	9000000	4532
A12	8800001	9800000	5159
A12	9600001	10600000	3861
A12	10400001	11400000	5062
A12	11200001	12200000	5284
A12	12000001	13000000	5414
A12	12800001	13800000	4862
A12	13600001	14600000	4342
A12	14400001	15400000	4656
A12	15200001	16200000	5007
A12	16000001	17000000	4712
A12	16800001	17800000	4265
A12	17600001	18600000	4904
A12	18400001	19400000	4972
A12	19200001	20200000	4086
A12	20000001	21000000	4709
A12	20800001	21800000	4678
A12	21600001	22600000	4237
A12	22400001	23400000	4197
A12	23200001	24200000	3673
A12	24000001	25000000	2912
A12	24800001	25800000	2499
A12	25600001	26600000	2653
A12	26400001	27400000	3911
A12	27200001	28200000	3385
A12	28000001	29000000	4324
A12	28800001	29800000	4382
A12	29600001	30600000	4034
A12	30400001	31400000	2672
A12	31200001	32200000	2722
A12	32000001	33000000	3601
A12	32800001	33800000	3375
A12	33600001	34600000	2760
A12	34400001	35400000	2763
A12	35200001	36200000	2515
A12	36000001	37000000	2509
A12	36800001	37800000	3083
A12	37600001	38600000	4001
A12	38400001	39400000	3454
A12	39200001	40200000	3684
A12	40000001	41000000	3434
A12	40800001	41800000	3418
A12	41600001	42600000	3707
A12	42400001	43400000	3667
A12	43200001	44200000	3527
A12	44000001	45000000	3150
A12	44800001	45800000	3615
A12	45600001	46600000	3725
A12	46400001	47400000	3537
A12	47200001	48200000	3893
A12	48000001	49000000	2873
A12	48800001	49800000	3667
A12	49600001	50600000	2581
A12	50400001	51400000	4118
A12	51200001	52200000	3183
A12	52000001	53000000	3523
A12	52800001	53800000	3555
A12	53600001	54600000	3491
A12	54400001	55400000	3836
A12	55200001	56200000	3678
A12	56000001	57000000	4064
A12	56800001	57800000	4874
A12	57600001	58600000	4464
A12	58400001	59400000	4159
A12	59200001	60200000	4448
A12	60000001	61000000	3857
A12	60800001	61800000	4162
A12	61600001	62600000	5076
A12	62400001	63400000	4681
A12	63200001	64200000	4599
A12	64000001	65000000	4202
A12	64800001	65800000	4314
A12	65600001	66600000	3718
A12	66400001	67400000	4374
A12	67200001	68200000	4846
A12	68000001	69000000	4004
A12	68800001	69800000	3987
A12	69600001	70600000	4827
A12	70400001	71400000	4882
A12	71200001	72200000	4770
A12	72000001	73000000	4482
A12	72800001	73800000	3677
A12	73600001	74600000	3196
A12	74400001	75400000	4331
A12	75200001	76200000	4077
A12	76000001	77000000	3838
A12	76800001	77800000	3814
A12	77600001	78600000	2855
A12	78400001	79400000	3012
A12	79200001	80200000	3449
A12	80000001	81000000	2489
A12	80800001	81800000	2215
A12	81600001	82600000	2740
A12	82400001	83400000	2552
A12	83200001	84200000	2066
A12	84000001	85000000	1952
A12	84800001	85800000	2381
A12	85600001	86600000	2211
A12	86400001	87400000	1789
A12	87200001	87484866	463
A13	1	1000000	2794
A13	800001	1800000	3302
A13	1600001	2600000	3731
A13	2400001	3400000	3391
A13	3200001	4200000	3502
A13	4000001	5000000	4050
A13	4800001	5800000	4327
A13	5600001	6600000	4298
A13	6400001	7400000	4003
A13	7200001	8200000	3033
A13	8000001	9000000	3835
A13	8800001	9800000	4220
A13	9600001	10600000	4724
A13	10400001	11400000	3471
A13	11200001	12200000	4031
A13	12000001	13000000	5000
A13	12800001	13800000	4381
A13	13600001	14600000	4597
A13	14400001	15400000	4871
A13	15200001	16200000	3683
A13	16000001	17000000	3777
A13	16800001	17800000	4054
A13	17600001	18600000	4617
A13	18400001	19400000	4059
A13	19200001	20200000	3577
A13	20000001	21000000	4565
A13	20800001	21800000	3947
A13	21600001	22600000	3599
A13	22400001	23400000	4305
A13	23200001	24200000	3652
A13	24000001	25000000	3159
A13	24800001	25800000	4114
A13	25600001	26600000	3946
A13	26400001	27400000	3596
A13	27200001	28200000	3315
A13	28000001	29000000	2965
A13	28800001	29800000	3296
A13	29600001	30600000	3139
A13	30400001	31400000	3421
A13	31200001	32200000	4160
A13	32000001	33000000	3367
A13	32800001	33800000	3253
A13	33600001	34600000	2587
A13	34400001	35400000	2968
A13	35200001	36200000	3661
A13	36000001	37000000	3490
A13	36800001	37800000	3716
A13	37600001	38600000	4158
A13	38400001	39400000	4178
A13	39200001	40200000	4300
A13	40000001	41000000	4654
A13	40800001	41800000	4053
A13	41600001	42600000	3185
A13	42400001	43400000	3558
A13	43200001	44200000	3672
A13	44000001	45000000	3875
A13	44800001	45800000	4292
A13	45600001	46600000	4503
A13	46400001	47400000	5119
A13	47200001	48200000	4482
A13	48000001	49000000	3649
A13	48800001	49800000	4248
A13	49600001	50600000	3613
A13	50400001	51400000	4140
A13	51200001	52200000	3658
A13	52000001	53000000	3918
A13	52800001	53800000	3592
A13	53600001	54600000	4545
A13	54400001	55400000	4560
A13	55200001	56200000	5191
A13	56000001	57000000	4538
A13	56800001	57800000	4924
A13	57600001	58600000	5288
A13	58400001	59400000	4779
A13	59200001	60200000	4464
A13	60000001	61000000	4914
A13	60800001	61800000	4823
A13	61600001	62600000	5709
A13	62400001	63400000	4816
A13	63200001	64200000	4414
A13	64000001	65000000	4684
A13	64800001	65800000	4429
A13	65600001	66600000	5091
A13	66400001	67400000	5027
A13	67200001	68200000	4674
A13	68000001	69000000	4720
A13	68800001	69800000	5698
A13	69600001	70600000	5016
A13	70400001	71400000	4530
A13	71200001	72200000	4740
A13	72000001	73000000	4156
A13	72800001	73800000	2823
A13	73600001	74600000	4559
A13	74400001	75400000	3209
A13	75200001	76200000	3212
A13	76000001	77000000	2440
A13	76800001	77800000	2924
A13	77600001	78600000	2614
A13	78400001	79400000	2135
A13	79200001	79961121	1375
D01	1	1000000	2113
D01	800001	1800000	2573
D01	1600001	2600000	2436
D01	2400001	3400000	2388
D01	3200001	4200000	2035
D01	4000001	5000000	2693
D01	4800001	5800000	2981
D01	5600001	6600000	3762
D01	6400001	7400000	4272
D01	7200001	8200000	4574
D01	8000001	9000000	3645
D01	8800001	9800000	4666
D01	9600001	10600000	4447
D01	10400001	11400000	4648
D01	11200001	12200000	5275
D01	12000001	13000000	4933
D01	12800001	13800000	4905
D01	13600001	14600000	4502
D01	14400001	15400000	4829
D01	15200001	16200000	5359
D01	16000001	17000000	5428
D01	16800001	17800000	5475
D01	17600001	18600000	5554
D01	18400001	19400000	5922
D01	19200001	20200000	5611
D01	20000001	21000000	5769
D01	20800001	21800000	5707
D01	21600001	22600000	5839
D01	22400001	23400000	5255
D01	23200001	24200000	5888
D01	24000001	25000000	4955
D01	24800001	25800000	5293
D01	25600001	26600000	4699
D01	26400001	27400000	4916
D01	27200001	28200000	5066
D01	28000001	29000000	5075
D01	28800001	29800000	4509
D01	29600001	30600000	4553
D01	30400001	31400000	5352
D01	31200001	32200000	5077
D01	32000001	33000000	4898
D01	32800001	33800000	3433
D01	33600001	34600000	4252
D01	34400001	35400000	4215
D01	35200001	36200000	4828
D01	36000001	37000000	4458
D01	36800001	37800000	3929
D01	37600001	38600000	4585
D01	38400001	39400000	5358
D01	39200001	40200000	5240
D01	40000001	41000000	5301
D01	40800001	41800000	5534
D01	41600001	42600000	4565
D01	42400001	43400000	5898
D01	43200001	44200000	5736
D01	44000001	45000000	5729
D01	44800001	45800000	5293
D01	45600001	46600000	5668
D01	46400001	47400000	5523
D01	47200001	48200000	5962
D01	48000001	49000000	6007
D01	48800001	49800000	6021
D01	49600001	50600000	5128
D01	50400001	51400000	5169
D01	51200001	52200000	5184
D01	52000001	53000000	5100
D01	52800001	53800000	4368
D01	53600001	54600000	4869
D01	54400001	55400000	4352
D01	55200001	56200000	4061
D01	56000001	57000000	4351
D01	56800001	57800000	3621
D01	57600001	58600000	4278
D01	58400001	59400000	4336
D01	59200001	60200000	3902
D01	60000001	61000000	3226
D01	60800001	61456009	1739
D02	1	1000000	2091
D02	800001	1800000	2042
D02	1600001	2600000	2552
D02	2400001	3400000	2082
D02	3200001	4200000	2192
D02	4000001	5000000	2641
D02	4800001	5800000	3541
D02	5600001	6600000	3581
D02	6400001	7400000	2435
D02	7200001	8200000	4343
D02	8000001	9000000	4575
D02	8800001	9800000	5338
D02	9600001	10600000	4196
D02	10400001	11400000	5074
D02	11200001	12200000	3877
D02	12000001	13000000	4852
D02	12800001	13800000	4787
D02	13600001	14600000	5458
D02	14400001	15400000	5968
D02	15200001	16200000	5675
D02	16000001	17000000	4947
D02	16800001	17800000	5244
D02	17600001	18600000	5467
D02	18400001	19400000	5325
D02	19200001	20200000	4471
D02	20000001	21000000	4392
D02	20800001	21800000	5415
D02	21600001	22600000	5558
D02	22400001	23400000	5844
D02	23200001	24200000	5227
D02	24000001	25000000	5156
D02	24800001	25800000	5137
D02	25600001	26600000	5513
D02	26400001	27400000	5633
D02	27200001	28200000	4396
D02	28000001	29000000	4908
D02	28800001	29800000	4097
D02	29600001	30600000	4207
D02	30400001	31400000	3905
D02	31200001	32200000	4292
D02	32000001	33000000	4290
D02	32800001	33800000	4470
D02	33600001	34600000	4714
D02	34400001	35400000	5889
D02	35200001	36200000	5364
D02	36000001	37000000	4520
D02	36800001	37800000	5066
D02	37600001	38600000	5229
D02	38400001	39400000	5649
D02	39200001	40200000	5924
D02	40000001	41000000	6110
D02	40800001	41800000	5448
D02	41600001	42600000	5446
D02	42400001	43400000	5679
D02	43200001	44200000	5486
D02	44000001	45000000	4799
D02	44800001	45800000	5787
D02	45600001	46600000	5317
D02	46400001	47400000	5740
D02	47200001	48200000	5308
D02	48000001	49000000	5212
D02	48800001	49800000	5656
D02	49600001	50600000	4413
D02	50400001	51400000	4993
D02	51200001	52200000	5699
D02	52000001	53000000	5810
D02	52800001	53800000	5424
D02	53600001	54600000	5515
D02	54400001	55400000	5760
D02	55200001	56200000	5746
D02	56000001	57000000	5413
D02	56800001	57800000	5542
D02	57600001	58600000	4592
D02	58400001	59400000	4490
D02	59200001	60200000	5089
D02	60000001	61000000	3974
D02	60800001	61800000	4119
D02	61600001	62600000	4585
D02	62400001	63400000	4040
D02	63200001	64200000	2381
D02	64000001	65000000	3175
D02	64800001	65800000	3171
D02	65600001	66600000	3044
D02	66400001	67400000	1934
D02	67200001	67284553	241
D03	1	1000000	2450
D03	800001	1800000	2844
D03	1600001	2600000	3368
D03	2400001	3400000	4306
D03	3200001	4200000	4348
D03	4000001	5000000	4761
D03	4800001	5800000	4751
D03	5600001	6600000	4608
D03	6400001	7400000	4618
D03	7200001	8200000	5334
D03	8000001	9000000	5552
D03	8800001	9800000	6059
D03	9600001	10600000	5775
D03	10400001	11400000	5670
D03	11200001	12200000	5385
D03	12000001	13000000	5900
D03	12800001	13800000	4907
D03	13600001	14600000	4763
D03	14400001	15400000	4946
D03	15200001	16200000	5539
D03	16000001	17000000	4787
D03	16800001	17800000	4303
D03	17600001	18600000	4277
D03	18400001	19400000	3686
D03	19200001	20200000	3948
D03	20000001	21000000	5164
D03	20800001	21800000	4711
D03	21600001	22600000	4542
D03	22400001	23400000	4213
D03	23200001	24200000	4746
D03	24000001	25000000	5406
D03	24800001	25800000	5072
D03	25600001	26600000	5523
D03	26400001	27400000	5470
D03	27200001	28200000	4933
D03	28000001	29000000	5599
D03	28800001	29800000	5714
D03	29600001	30600000	5420
D03	30400001	31400000	5395
D03	31200001	32200000	5373
D03	32000001	33000000	6042
D03	32800001	33800000	5278
D03	33600001	34600000	5556
D03	34400001	35400000	5447
D03	35200001	36200000	5195
D03	36000001	37000000	4914
D03	36800001	37800000	4803
D03	37600001	38600000	4130
D03	38400001	39400000	3715
D03	39200001	40200000	3974
D03	40000001	41000000	4155
D03	40800001	41800000	3976
D03	41600001	42600000	3859
D03	42400001	43400000	3248
D03	43200001	44200000	3379
D03	44000001	45000000	3576
D03	44800001	45800000	2152
D03	45600001	46600000	2466
D03	46400001	46690656	478
D04	1	1000000	2952
D04	800001	1800000	3520
D04	1600001	2600000	2770
D04	2400001	3400000	2679
D04	3200001	4200000	2975
D04	4000001	5000000	3816
D04	4800001	5800000	4282
D04	5600001	6600000	4197
D04	6400001	7400000	4558
D04	7200001	8200000	4695
D04	8000001	9000000	4952
D04	8800001	9800000	4806
D04	9600001	10600000	4893
D04	10400001	11400000	4696
D04	11200001	12200000	5844
D04	12000001	13000000	6092
D04	12800001	13800000	5759
D04	13600001	14600000	5713
D04	14400001	15400000	5420
D04	15200001	16200000	5345
D04	16000001	17000000	5204
D04	16800001	17800000	4968
D04	17600001	18600000	5174
D04	18400001	19400000	4349
D04	19200001	20200000	4268
D04	20000001	21000000	4276
D04	20800001	21800000	3814
D04	21600001	22600000	4813
D04	22400001	23400000	4872
D04	23200001	24200000	5476
D04	24000001	25000000	5632
D04	24800001	25800000	5611
D04	25600001	26600000	5218
D04	26400001	27400000	4552
D04	27200001	28200000	4171
D04	28000001	29000000	5007
D04	28800001	29800000	5162
D04	29600001	30600000	5864
D04	30400001	31400000	5842
D04	31200001	32200000	5720
D04	32000001	33000000	5203
D04	32800001	33800000	5780
D04	33600001	34600000	5970
D04	34400001	35400000	5767
D04	35200001	36200000	5884
D04	36000001	37000000	5884
D04	36800001	37800000	5583
D04	37600001	38600000	5905
D04	38400001	39400000	5619
D04	39200001	40200000	6148
D04	40000001	41000000	5674
D04	40800001	41800000	5595
D04	41600001	42600000	4867
D04	42400001	43400000	4904
D04	43200001	44200000	5286
D04	44000001	45000000	3645
D04	44800001	45800000	4362
D04	45600001	46600000	4234
D04	46400001	47400000	3073
D04	47200001	48200000	3208
D04	48000001	49000000	2776
D04	48800001	49800000	2608
D04	49600001	50600000	2815
D04	50400001	51400000	2367
D04	51200001	51454130	483
D05	1	1000000	1641
D05	800001	1800000	1809
D05	1600001	2600000	1976
D05	2400001	3400000	1607
D05	3200001	4200000	1539
D05	4000001	5000000	1536
D05	4800001	5800000	2011
D05	5600001	6600000	1774
D05	6400001	7400000	1346
D05	7200001	8200000	1835
D05	8000001	9000000	1527
D05	8800001	9800000	1690
D05	9600001	10600000	1773
D05	10400001	11400000	1301
D05	11200001	12200000	1524
D05	12000001	13000000	1504
D05	12800001	13800000	1812
D05	13600001	14600000	2345
D05	14400001	15400000	2073
D05	15200001	16200000	2306
D05	16000001	17000000	2091
D05	16800001	17800000	1421
D05	17600001	18600000	2212
D05	18400001	19400000	2117
D05	19200001	20200000	2706
D05	20000001	21000000	3029
D05	20800001	21800000	2235
D05	21600001	22600000	2830
D05	22400001	23400000	2966
D05	23200001	24200000	2962
D05	24000001	25000000	3124
D05	24800001	25800000	3420
D05	25600001	26600000	2997
D05	26400001	27400000	3374
D05	27200001	28200000	3484
D05	28000001	29000000	3316
D05	28800001	29800000	4318
D05	29600001	30600000	4458
D05	30400001	31400000	4220
D05	31200001	32200000	3611
D05	32000001	33000000	3970
D05	32800001	33800000	4368
D05	33600001	34600000	5399
D05	34400001	35400000	5348
D05	35200001	36200000	5148
D05	36000001	37000000	4621
D05	36800001	37800000	4425
D05	37600001	38600000	4522
D05	38400001	39400000	4330
D05	39200001	40200000	3390
D05	40000001	41000000	3670
D05	40800001	41800000	4779
D05	41600001	42600000	5061
D05	42400001	43400000	5262
D05	43200001	44200000	5141
D05	44000001	45000000	5208
D05	44800001	45800000	5097
D05	45600001	46600000	4102
D05	46400001	47400000	4720
D05	47200001	48200000	4899
D05	48000001	49000000	3983
D05	48800001	49800000	5268
D05	49600001	50600000	5348
D05	50400001	51400000	3452
D05	51200001	52200000	4185
D05	52000001	53000000	3540
D05	52800001	53800000	2309
D05	53600001	54600000	3670
D05	54400001	55400000	3112
D05	55200001	56200000	2816
D05	56000001	57000000	4550
D05	56800001	57800000	4468
D05	57600001	58600000	4329
D05	58400001	59400000	3875
D05	59200001	60200000	2285
D05	60000001	61000000	3315
D05	60800001	61800000	4020
D05	61600001	61933047	1058
D06	1	1000000	2902
D06	800001	1800000	3075
D06	1600001	2600000	2570
D06	2400001	3400000	2340
D06	3200001	4200000	4174
D06	4000001	5000000	5049
D06	4800001	5800000	4165
D06	5600001	6600000	3875
D06	6400001	7400000	4612
D06	7200001	8200000	5276
D06	8000001	9000000	3849
D06	8800001	9800000	5257
D06	9600001	10600000	5491
D06	10400001	11400000	5067
D06	11200001	12200000	5652
D06	12000001	13000000	6014
D06	12800001	13800000	5458
D06	13600001	14600000	6088
D06	14400001	15400000	5631
D06	15200001	16200000	5321
D06	16000001	17000000	5491
D06	16800001	17800000	5116
D06	17600001	18600000	6090
D06	18400001	19400000	5218
D06	19200001	20200000	4771
D06	20000001	21000000	5352
D06	20800001	21800000	5532
D06	21600001	22600000	5396
D06	22400001	23400000	5372
D06	23200001	24200000	3995
D06	24000001	25000000	4896
D06	24800001	25800000	5031
D06	25600001	26600000	5862
D06	26400001	27400000	4884
D06	27200001	28200000	4867
D06	28000001	29000000	4667
D06	28800001	29800000	4924
D06	29600001	30600000	5229
D06	30400001	31400000	4967
D06	31200001	32200000	5843
D06	32000001	33000000	4363
D06	32800001	33800000	4120
D06	33600001	34600000	4845
D06	34400001	35400000	3462
D06	35200001	36200000	4437
D06	36000001	37000000	5875
D06	36800001	37800000	4667
D06	37600001	38600000	3994
D06	38400001	39400000	3916
D06	39200001	40200000	4857
D06	40000001	41000000	4026
D06	40800001	41800000	4600
D06	41600001	42600000	5127
D06	42400001	43400000	5010
D06	43200001	44200000	4644
D06	44000001	45000000	5225
D06	44800001	45800000	5173
D06	45600001	46600000	5053
D06	46400001	47400000	5204
D06	47200001	48200000	5687
D06	48000001	49000000	5218
D06	48800001	49800000	5340
D06	49600001	50600000	5641
D06	50400001	51400000	5439
D06	51200001	52200000	5440
D06	52000001	53000000	5647
D06	52800001	53800000	5211
D06	53600001	54600000	5148
D06	54400001	55400000	5485
D06	55200001	56200000	4964
D06	56000001	57000000	5024
D06	56800001	57800000	3983
D06	57600001	58600000	4068
D06	58400001	59400000	3768
D06	59200001	60200000	3065
D06	60000001	61000000	3966
D06	60800001	61800000	4209
D06	61600001	62600000	3013
D06	62400001	63400000	3123
D06	63200001	64200000	3316
D06	64000001	64294643	668
D07	1	1000000	2186
D07	800001	1800000	2329
D07	1600001	2600000	3012
D07	2400001	3400000	2962
D07	3200001	4200000	2739
D07	4000001	5000000	2602
D07	4800001	5800000	3222
D07	5600001	6600000	2950
D07	6400001	7400000	3368
D07	7200001	8200000	3378
D07	8000001	9000000	3326
D07	8800001	9800000	4082
D07	9600001	10600000	3966
D07	10400001	11400000	3376
D07	11200001	12200000	4320
D07	12000001	13000000	4752
D07	12800001	13800000	4471
D07	13600001	14600000	4973
D07	14400001	15400000	4116
D07	15200001	16200000	4926
D07	16000001	17000000	4768
D07	16800001	17800000	4954
D07	17600001	18600000	5139
D07	18400001	19400000	4763
D07	19200001	20200000	4614
D07	20000001	21000000	5288
D07	20800001	21800000	5288
D07	21600001	22600000	4758
D07	22400001	23400000	5293
D07	23200001	24200000	5074
D07	24000001	25000000	5795
D07	24800001	25800000	5422
D07	25600001	26600000	5425
D07	26400001	27400000	5187
D07	27200001	28200000	5532
D07	28000001	29000000	5741
D07	28800001	29800000	4908
D07	29600001	30600000	4807
D07	30400001	31400000	4048
D07	31200001	32200000	4985
D07	32000001	33000000	4415
D07	32800001	33800000	4877
D07	33600001	34600000	4468
D07	34400001	35400000	4886
D07	35200001	36200000	4538
D07	36000001	37000000	4571
D07	36800001	37800000	5300
D07	37600001	38600000	4486
D07	38400001	39400000	3589
D07	39200001	40200000	3543
D07	40000001	41000000	4703
D07	40800001	41800000	5357
D07	41600001	42600000	4984
D07	42400001	43400000	4904
D07	43200001	44200000	5786
D07	44000001	45000000	3786
D07	44800001	45800000	4061
D07	45600001	46600000	4682
D07	46400001	47400000	5235
D07	47200001	48200000	5708
D07	48000001	49000000	4481
D07	48800001	49800000	4490
D07	49600001	50600000	3747
D07	50400001	51400000	4572
D07	51200001	52200000	3437
D07	52000001	53000000	4095
D07	52800001	53800000	4009
D07	53600001	54600000	3524
D07	54400001	55400000	3227
D07	55200001	55312611	660
D08	1	1000000	2657
D08	800001	1800000	2518
D08	1600001	2600000	2696
D08	2400001	3400000	3267
D08	3200001	4200000	3445
D08	4000001	5000000	3677
D08	4800001	5800000	2703
D08	5600001	6600000	4128
D08	6400001	7400000	4786
D08	7200001	8200000	4283
D08	8000001	9000000	5213
D08	8800001	9800000	5773
D08	9600001	10600000	4917
D08	10400001	11400000	6167
D08	11200001	12200000	5201
D08	12000001	13000000	6011
D08	12800001	13800000	6068
D08	13600001	14600000	5286
D08	14400001	15400000	5413
D08	15200001	16200000	5314
D08	16000001	17000000	5306
D08	16800001	17800000	4999
D08	17600001	18600000	5136
D08	18400001	19400000	5028
D08	19200001	20200000	4958
D08	20000001	21000000	4568
D08	20800001	21800000	3866
D08	21600001	22600000	4564
D08	22400001	23400000	4600
D08	23200001	24200000	5045
D08	24000001	25000000	3998
D08	24800001	25800000	4202
D08	25600001	26600000	2783
D08	26400001	27400000	3598
D08	27200001	28200000	3597
D08	28000001	29000000	3251
D08	28800001	29800000	4568
D08	29600001	30600000	4947
D08	30400001	31400000	5206
D08	31200001	32200000	4931
D08	32000001	33000000	4621
D08	32800001	33800000	5045
D08	33600001	34600000	5152
D08	34400001	35400000	5529
D08	35200001	36200000	5338
D08	36000001	37000000	4797
D08	36800001	37800000	5287
D08	37600001	38600000	5399
D08	38400001	39400000	5003
D08	39200001	40200000	6225
D08	40000001	41000000	5415
D08	40800001	41800000	5501
D08	41600001	42600000	5551
D08	42400001	43400000	6161
D08	43200001	44200000	5518
D08	44000001	45000000	5196
D08	44800001	45800000	6152
D08	45600001	46600000	6167
D08	46400001	47400000	4812
D08	47200001	48200000	4988
D08	48000001	49000000	4747
D08	48800001	49800000	5045
D08	49600001	50600000	3884
D08	50400001	51400000	4825
D08	51200001	52200000	5291
D08	52000001	53000000	4861
D08	52800001	53800000	3576
D08	53600001	54600000	4421
D08	54400001	55400000	4657
D08	55200001	56200000	5231
D08	56000001	57000000	4562
D08	56800001	57800000	4468
D08	57600001	58600000	3418
D08	58400001	59400000	3533
D08	59200001	60200000	2438
D08	60000001	61000000	3209
D08	60800001	61800000	3565
D08	61600001	62600000	3368
D08	62400001	63400000	2419
D08	63200001	64200000	1968
D08	64000001	65000000	2309
D08	64800001	65800000	2234
D08	65600001	65894135	551
D09	1	1000000	3919
D09	800001	1800000	4526
D09	1600001	2600000	4746
D09	2400001	3400000	5418
D09	3200001	4200000	5044
D09	4000001	5000000	3986
D09	4800001	5800000	4004
D09	5600001	6600000	4434
D09	6400001	7400000	5278
D09	7200001	8200000	3718
D09	8000001	9000000	4060
D09	8800001	9800000	5609
D09	9600001	10600000	4844
D09	10400001	11400000	4704
D09	11200001	12200000	5219
D09	12000001	13000000	5417
D09	12800001	13800000	5186
D09	13600001	14600000	4562
D09	14400001	15400000	5339
D09	15200001	16200000	3458
D09	16000001	17000000	3447
D09	16800001	17800000	4778
D09	17600001	18600000	4709
D09	18400001	19400000	4363
D09	19200001	20200000	3980
D09	20000001	21000000	4731
D09	20800001	21800000	5559
D09	21600001	22600000	5362
D09	22400001	23400000	6130
D09	23200001	24200000	5088
D09	24000001	25000000	6023
D09	24800001	25800000	5803
D09	25600001	26600000	4946
D09	26400001	27400000	6089
D09	27200001	28200000	5178
D09	28000001	29000000	4906
D09	28800001	29800000	5028
D09	29600001	30600000	5033
D09	30400001	31400000	4610
D09	31200001	32200000	4117
D09	32000001	33000000	3530
D09	32800001	33800000	3648
D09	33600001	34600000	3772
D09	34400001	35400000	3848
D09	35200001	36200000	3563
D09	36000001	37000000	3321
D09	36800001	37800000	3143
D09	37600001	38600000	2623
D09	38400001	39400000	2581
D09	39200001	40200000	2834
D09	40000001	41000000	2889
D09	40800001	41800000	2756
D09	41600001	42600000	1939
D09	42400001	43400000	2489
D09	43200001	44200000	2567
D09	44000001	45000000	2762
D09	44800001	45800000	3144
D09	45600001	46600000	2772
D09	46400001	47400000	2443
D09	47200001	48200000	1608
D09	48000001	49000000	2075
D09	48800001	49800000	1975
D09	49600001	50600000	2083
D09	50400001	50995436	958
D10	1	1000000	1921
D10	800001	1800000	2532
D10	1600001	2600000	2815
D10	2400001	3400000	2288
D10	3200001	4200000	2758
D10	4000001	5000000	3019
D10	4800001	5800000	3399
D10	5600001	6600000	4221
D10	6400001	7400000	3997
D10	7200001	8200000	3517
D10	8000001	9000000	3898
D10	8800001	9800000	4815
D10	9600001	10600000	4383
D10	10400001	11400000	4672
D10	11200001	12200000	4700
D10	12000001	13000000	4652
D10	12800001	13800000	5041
D10	13600001	14600000	5082
D10	14400001	15400000	5440
D10	15200001	16200000	5603
D10	16000001	17000000	5293
D10	16800001	17800000	5615
D10	17600001	18600000	5468
D10	18400001	19400000	6115
D10	19200001	20200000	5351
D10	20000001	21000000	4061
D10	20800001	21800000	4625
D10	21600001	22600000	3846
D10	22400001	23400000	4725
D10	23200001	24200000	5858
D10	24000001	25000000	5221
D10	24800001	25800000	4644
D10	25600001	26600000	5168
D10	26400001	27400000	5084
D10	27200001	28200000	5263
D10	28000001	29000000	5973
D10	28800001	29800000	5458
D10	29600001	30600000	4670
D10	30400001	31400000	5069
D10	31200001	32200000	5028
D10	32000001	33000000	4296
D10	32800001	33800000	5048
D10	33600001	34600000	5406
D10	34400001	35400000	4447
D10	35200001	36200000	4590
D10	36000001	37000000	4746
D10	36800001	37800000	4138
D10	37600001	38600000	3615
D10	38400001	39400000	4595
D10	39200001	40200000	4436
D10	40000001	41000000	4759
D10	40800001	41800000	5037
D10	41600001	42600000	4496
D10	42400001	43400000	4765
D10	43200001	44200000	4965
D10	44000001	45000000	4282
D10	44800001	45800000	4846
D10	45600001	46600000	5729
D10	46400001	47400000	6062
D10	47200001	48200000	6152
D10	48000001	49000000	4791
D10	48800001	49800000	5001
D10	49600001	50600000	4812
D10	50400001	51400000	4832
D10	51200001	52200000	5188
D10	52000001	53000000	5463
D10	52800001	53800000	3602
D10	53600001	54600000	3542
D10	54400001	55400000	3310
D10	55200001	56200000	3086
D10	56000001	57000000	3915
D10	56800001	57800000	3132
D10	57600001	58600000	3364
D10	58400001	59400000	3540
D10	59200001	60200000	2443
D10	60000001	61000000	2240
D10	60800001	61800000	2848
D10	61600001	62600000	2086
D10	62400001	63400000	1730
D10	63200001	63374666	407
D11	1	1000000	2083
D11	800001	1800000	2815
D11	1600001	2600000	1989
D11	2400001	3400000	2070
D11	3200001	4200000	1904
D11	4000001	5000000	1950
D11	4800001	5800000	1777
D11	5600001	6600000	2429
D11	6400001	7400000	2962
D11	7200001	8200000	2526
D11	8000001	9000000	2664
D11	8800001	9800000	3207
D11	9600001	10600000	3027
D11	10400001	11400000	3762
D11	11200001	12200000	3483
D11	12000001	13000000	3498
D11	12800001	13800000	3638
D11	13600001	14600000	3424
D11	14400001	15400000	3827
D11	15200001	16200000	3647
D11	16000001	17000000	4212
D11	16800001	17800000	4640
D11	17600001	18600000	4341
D11	18400001	19400000	3749
D11	19200001	20200000	4806
D11	20000001	21000000	5551
D11	20800001	21800000	5050
D11	21600001	22600000	4928
D11	22400001	23400000	4880
D11	23200001	24200000	5283
D11	24000001	25000000	4908
D11	24800001	25800000	5057
D11	25600001	26600000	5498
D11	26400001	27400000	6053
D11	27200001	28200000	4843
D11	28000001	29000000	5301
D11	28800001	29800000	6107
D11	29600001	30600000	5076
D11	30400001	31400000	5268
D11	31200001	32200000	5316
D11	32000001	33000000	5621
D11	32800001	33800000	5241
D11	33600001	34600000	5303
D11	34400001	35400000	4556
D11	35200001	36200000	4039
D11	36000001	37000000	4336
D11	36800001	37800000	5234
D11	37600001	38600000	5098
D11	38400001	39400000	5430
D11	39200001	40200000	3655
D11	40000001	41000000	3691
D11	40800001	41800000	4700
D11	41600001	42600000	5450
D11	42400001	43400000	5310
D11	43200001	44200000	5450
D11	44000001	45000000	5810
D11	44800001	45800000	5317
D11	45600001	46600000	4970
D11	46400001	47400000	4897
D11	47200001	48200000	3987
D11	48000001	49000000	4179
D11	48800001	49800000	4322
D11	49600001	50600000	5154
D11	50400001	51400000	4843
D11	51200001	52200000	4872
D11	52000001	53000000	4264
D11	52800001	53800000	4074
D11	53600001	54600000	3659
D11	54400001	55400000	4333
D11	55200001	56200000	4939
D11	56000001	57000000	5124
D11	56800001	57800000	4036
D11	57600001	58600000	2557
D11	58400001	59400000	2866
D11	59200001	60200000	2587
D11	60000001	61000000	2520
D11	60800001	61800000	2589
D11	61600001	62600000	2653
D11	62400001	63400000	2164
D11	63200001	64200000	2448
D11	64000001	65000000	2228
D11	64800001	65800000	2388
D11	65600001	66087774	1223
D12	1	1000000	3484
D12	800001	1800000	3166
D12	1600001	2600000	3055
D12	2400001	3400000	3275
D12	3200001	4200000	3820
D12	4000001	5000000	4671
D12	4800001	5800000	4114
D12	5600001	6600000	3817
D12	6400001	7400000	4501
D12	7200001	8200000	4995
D12	8000001	9000000	5221
D12	8800001	9800000	5210
D12	9600001	10600000	5029
D12	10400001	11400000	4784
D12	11200001	12200000	4562
D12	12000001	13000000	4938
D12	12800001	13800000	5418
D12	13600001	14600000	5397
D12	14400001	15400000	4883
D12	15200001	16200000	5344
D12	16000001	17000000	5670
D12	16800001	17800000	5557
D12	17600001	18600000	5143
D12	18400001	19400000	4579
D12	19200001	20200000	4948
D12	20000001	21000000	4727
D12	20800001	21800000	4802
D12	21600001	22600000	4561
D12	22400001	23400000	4623
D12	23200001	24200000	3604
D12	24000001	25000000	4569
D12	24800001	25800000	5103
D12	25600001	26600000	6534
D12	26400001	27400000	5989
D12	27200001	28200000	5706
D12	28000001	29000000	4623
D12	28800001	29800000	5162
D12	29600001	30600000	4620
D12	30400001	31400000	5080
D12	31200001	32200000	4714
D12	32000001	33000000	5050
D12	32800001	33800000	4308
D12	33600001	34600000	4855
D12	34400001	35400000	4901
D12	35200001	36200000	4550
D12	36000001	37000000	4681
D12	36800001	37800000	4351
D12	37600001	38600000	5400
D12	38400001	39400000	5634
D12	39200001	40200000	4230
D12	40000001	41000000	4681
D12	40800001	41800000	4870
D12	41600001	42600000	4598
D12	42400001	43400000	3976
D12	43200001	44200000	3841
D12	44000001	45000000	4203
D12	44800001	45800000	3919
D12	45600001	46600000	4533
D12	46400001	47400000	3628
D12	47200001	48200000	3255
D12	48000001	49000000	4259
D12	48800001	49800000	3804
D12	49600001	50600000	2967
D12	50400001	51400000	3345
D12	51200001	52200000	3469
D12	52000001	53000000	2619
D12	52800001	53800000	2663
D12	53600001	54600000	2754
D12	54400001	55400000	3298
D12	55200001	56200000	2613
D12	56000001	57000000	2710
D12	56800001	57800000	2650
D12	57600001	58600000	2436
D12	58400001	59109837	1825
D13	1	1000000	1850
D13	800001	1800000	3053
D13	1600001	2600000	3281
D13	2400001	3400000	3251
D13	3200001	4200000	3897
D13	4000001	5000000	3911
D13	4800001	5800000	3386
D13	5600001	6600000	4721
D13	6400001	7400000	5054
D13	7200001	8200000	4559
D13	8000001	9000000	4784
D13	8800001	9800000	5390
D13	9600001	10600000	6004
D13	10400001	11400000	4473
D13	11200001	12200000	5327
D13	12000001	13000000	5677
D13	12800001	13800000	5892
D13	13600001	14600000	6187
D13	14400001	15400000	5660
D13	15200001	16200000	5758
D13	16000001	17000000	5191
D13	16800001	17800000	4398
D13	17600001	18600000	5580
D13	18400001	19400000	5053
D13	19200001	20200000	4853
D13	20000001	21000000	4895
D13	20800001	21800000	4928
D13	21600001	22600000	5136
D13	22400001	23400000	3828
D13	23200001	24200000	3095
D13	24000001	25000000	4759
D13	24800001	25800000	4646
D13	25600001	26600000	3253
D13	26400001	27400000	4133
D13	27200001	28200000	5147
D13	28000001	29000000	3490
D13	28800001	29800000	5328
D13	29600001	30600000	4917
D13	30400001	31400000	4437
D13	31200001	32200000	4518
D13	32000001	33000000	5223
D13	32800001	33800000	5633
D13	33600001	34600000	5090
D13	34400001	35400000	5299
D13	35200001	36200000	5860
D13	36000001	37000000	5899
D13	36800001	37800000	4743
D13	37600001	38600000	4871
D13	38400001	39400000	5001
D13	39200001	40200000	5264
D13	40000001	41000000	5278
D13	40800001	41800000	4412
D13	41600001	42600000	5041
D13	42400001	43400000	4513
D13	43200001	44200000	4831
D13	44000001	45000000	5722
D13	44800001	45800000	5173
D13	45600001	46600000	4450
D13	46400001	47400000	5121
D13	47200001	48200000	4926
D13	48000001	49000000	4899
D13	48800001	49800000	4890
D13	49600001	50600000	4153
D13	50400001	51400000	4039
D13	51200001	52200000	4310
D13	52000001	53000000	3689
D13	52800001	53800000	3327
D13	53600001	54600000	4039
D13	54400001	55400000	3619
D13	55200001	56200000	4077
D13	56000001	57000000	3128
D13	56800001	57800000	1770
D13	57600001	58600000	2582
D13	58400001	59400000	2842
D13	59200001	60200000	3032
D13	60000001	60534298	1095
