A01	1	1000000	4903
A01	800001	1800000	5420
A01	1600001	2600000	6638
A01	2400001	3400000	6235
A01	3200001	4200000	5119
A01	4000001	5000000	6508
A01	4800001	5800000	7488
A01	5600001	6600000	7413
A01	6400001	7400000	7759
A01	7200001	8200000	7992
A01	8000001	9000000	10972
A01	8800001	9800000	10988
A01	9600001	10600000	11127
A01	10400001	11400000	9176
A01	11200001	12200000	8649
A01	12000001	13000000	8996
A01	12800001	13800000	7811
A01	13600001	14600000	8389
A01	14400001	15400000	12770
A01	15200001	16200000	12452
A01	16000001	17000000	11591
A01	16800001	17800000	11135
A01	17600001	18600000	10372
A01	18400001	19400000	9684
A01	19200001	20200000	9532
A01	20000001	21000000	11071
A01	20800001	21800000	10892
A01	21600001	22600000	11768
A01	22400001	23400000	10227
A01	23200001	24200000	10608
A01	24000001	25000000	11806
A01	24800001	25800000	12875
A01	25600001	26600000	12017
A01	26400001	27400000	11322
A01	27200001	28200000	10018
A01	28000001	29000000	10208
A01	28800001	29800000	13979
A01	29600001	30600000	10556
A01	30400001	31400000	10446
A01	31200001	32200000	12603
A01	32000001	33000000	12049
A01	32800001	33800000	11400
A01	33600001	34600000	10533
A01	34400001	35400000	8193
A01	35200001	36200000	8293
A01	36000001	37000000	8572
A01	36800001	37800000	9407
A01	37600001	38600000	9875
A01	38400001	39400000	9734
A01	39200001	40200000	11570
A01	40000001	41000000	12631
A01	40800001	41800000	12205
A01	41600001	42600000	10023
A01	42400001	43400000	8179
A01	43200001	44200000	10290
A01	44000001	45000000	11126
A01	44800001	45800000	11816
A01	45600001	46600000	11479
A01	46400001	47400000	9473
A01	47200001	48200000	11811
A01	48000001	49000000	10714
A01	48800001	49800000	9628
A01	49600001	50600000	10393
A01	50400001	51400000	10685
A01	51200001	52200000	10044
A01	52000001	53000000	9812
A01	52800001	53800000	13237
A01	53600001	54600000	12913
A01	54400001	55400000	11959
A01	55200001	56200000	11910
A01	56000001	57000000	10888
A01	56800001	57800000	8904
A01	57600001	58600000	10860
A01	58400001	59400000	10900
A01	59200001	60200000	10804
A01	60000001	61000000	11418
A01	60800001	61800000	10850
A01	61600001	62600000	10832
A01	62400001	63400000	9316
A01	63200001	64200000	10619
A01	64000001	65000000	11677
A01	64800001	65800000	8561
A01	65600001	66600000	10066
A01	66400001	67400000	8667
A01	67200001	68200000	8116
A01	68000001	69000000	11358
A01	68800001	69800000	12338
A01	69600001	70600000	8947
A01	70400001	71400000	12097
A01	71200001	72200000	11450
A01	72000001	73000000	10779
A01	72800001	73800000	11534
A01	73600001	74600000	9103
A01	74400001	75400000	11980
A01	75200001	76200000	9629
A01	76000001	77000000	10947
A01	76800001	77800000	11465
A01	77600001	78600000	10404
A01	78400001	79400000	11386
A01	79200001	80200000	9968
A01	80000001	81000000	9051
A01	80800001	81800000	10373
A01	81600001	82600000	10917
A01	82400001	83400000	9812
A01	83200001	84200000	8299
A01	84000001	85000000	9847
A01	84800001	85800000	11589
A01	85600001	86600000	11858
A01	86400001	87400000	11392
A01	87200001	88200000	11078
A01	88000001	89000000	11790
A01	88800001	89800000	12112
A01	89600001	90600000	10397
A01	90400001	91400000	9082
A01	91200001	92200000	10370
A01	92000001	93000000	10441
A01	92800001	93800000	10294
A01	93600001	94600000	8774
A01	94400001	95400000	9704
A01	95200001	96200000	8443
A01	96000001	97000000	9816
A01	96800001	97800000	9166
A01	97600001	98600000	7111
A01	98400001	99400000	5814
A01	99200001	99884700	3719
A02	1	1000000	5401
A02	800001	1800000	5182
A02	1600001	2600000	5856
A02	2400001	3400000	6424
A02	3200001	4200000	7211
A02	4000001	5000000	9217
A02	4800001	5800000	10024
A02	5600001	6600000	9382
A02	6400001	7400000	8183
A02	7200001	8200000	9377
A02	8000001	9000000	10816
A02	8800001	9800000	12185
A02	9600001	10600000	11734
A02	10400001	11400000	10378
A02	11200001	12200000	10333
A02	12000001	13000000	11975
A02	12800001	13800000	11592
A02	13600001	14600000	11341
A02	14400001	15400000	11208
A02	15200001	16200000	10882
A02	16000001	17000000	12266
A02	16800001	17800000	12269
A02	17600001	18600000	11610
A02	18400001	19400000	10572
A02	19200001	20200000	13367
A02	20000001	21000000	11096
A02	20800001	21800000	12872
A02	21600001	22600000	11082
A02	22400001	23400000	8735
A02	23200001	24200000	12642
A02	24000001	25000000	11695
A02	24800001	25800000	12024
A02	25600001	26600000	11124
A02	26400001	27400000	10202
A02	27200001	28200000	10059
A02	28000001	29000000	9957
A02	28800001	29800000	12780
A02	29600001	30600000	10459
A02	30400001	31400000	11086
A02	31200001	32200000	10946
A02	32000001	33000000	12655
A02	32800001	33800000	9498
A02	33600001	34600000	11749
A02	34400001	35400000	12239
A02	35200001	36200000	9836
A02	36000001	37000000	11531
A02	36800001	37800000	11295
A02	37600001	38600000	12426
A02	38400001	39400000	11744
A02	39200001	40200000	10607
A02	40000001	41000000	9595
A02	40800001	41800000	9661
A02	41600001	42600000	10950
A02	42400001	43400000	12161
A02	43200001	44200000	11049
A02	44000001	45000000	9793
A02	44800001	45800000	11895
A02	45600001	46600000	12154
A02	46400001	47400000	10668
A02	47200001	48200000	10370
A02	48000001	49000000	10140
A02	48800001	49800000	9577
A02	49600001	50600000	12533
A02	50400001	51400000	11052
A02	51200001	52200000	12447
A02	52000001	53000000	9954
A02	52800001	53800000	11813
A02	53600001	54600000	11629
A02	54400001	55400000	11532
A02	55200001	56200000	10548
A02	56000001	57000000	10100
A02	56800001	57800000	9499
A02	57600001	58600000	11076
A02	58400001	59400000	10302
A02	59200001	60200000	12426
A02	60000001	61000000	10349
A02	60800001	61800000	9858
A02	61600001	62600000	10682
A02	62400001	63400000	11382
A02	63200001	64200000	9464
A02	64000001	65000000	9189
A02	64800001	65800000	10271
A02	65600001	66600000	10881
A02	66400001	67400000	11076
A02	67200001	68200000	9824
A02	68000001	69000000	9907
A02	68800001	69800000	13049
A02	69600001	70600000	9657
A02	70400001	71400000	10802
A02	71200001	72200000	12654
A02	72000001	73000000	13004
A02	72800001	73800000	12284
A02	73600001	74600000	11497
A02	74400001	75400000	11233
A02	75200001	76200000	10724
A02	76000001	77000000	11896
A02	76800001	77800000	12507
A02	77600001	78600000	10726
A02	78400001	79400000	8205
A02	79200001	80200000	8083
A02	80000001	81000000	9594
A02	80800001	81800000	8162
A02	81600001	82600000	7562
A02	82400001	83400000	5635
A02	83200001	83447906	471
A03	1	1000000	7106
A03	800001	1800000	6792
A03	1600001	2600000	5317
A03	2400001	3400000	6110
A03	3200001	4200000	7323
A03	4000001	5000000	8052
A03	4800001	5800000	9919
A03	5600001	6600000	9598
A03	6400001	7400000	8556
A03	7200001	8200000	10080
A03	8000001	9000000	10662
A03	8800001	9800000	10970
A03	9600001	10600000	9872
A03	10400001	11400000	10894
A03	11200001	12200000	10473
A03	12000001	13000000	10695
A03	12800001	13800000	12615
A03	13600001	14600000	12131
A03	14400001	15400000	12011
A03	15200001	16200000	12090
A03	16000001	17000000	10914
A03	16800001	17800000	10295
A03	17600001	18600000	12055
A03	18400001	19400000	11074
A03	19200001	20200000	9017
A03	20000001	21000000	11053
A03	20800001	21800000	11502
A03	21600001	22600000	8790
A03	22400001	23400000	11163
A03	23200001	24200000	10453
A03	24000001	25000000	11146
A03	24800001	25800000	10123
A03	25600001	26600000	8945
A03	26400001	27400000	9689
A03	27200001	28200000	11823
A03	28000001	29000000	9344
A03	28800001	29800000	9709
A03	29600001	30600000	9154
A03	30400001	31400000	10588
A03	31200001	32200000	8976
A03	32000001	33000000	10579
A03	32800001	33800000	12294
A03	33600001	34600000	9190
A03	34400001	35400000	9834
A03	35200001	36200000	4856
A03	36000001	37000000	9377
A03	36800001	37800000	8888
A03	37600001	38600000	8426
A03	38400001	39400000	11779
A03	39200001	40200000	11572
A03	40000001	41000000	9951
A03	40800001	41800000	8641
A03	41600001	42600000	10610
A03	42400001	43400000	9594
A03	43200001	44200000	11393
A03	44000001	45000000	11428
A03	44800001	45800000	12242
A03	45600001	46600000	9908
A03	46400001	47400000	8636
A03	47200001	48200000	9361
A03	48000001	49000000	12419
A03	48800001	49800000	10711
A03	49600001	50600000	8503
A03	50400001	51400000	7367
A03	51200001	52200000	8570
A03	52000001	53000000	8626
A03	52800001	53800000	8600
A03	53600001	54600000	8669
A03	54400001	55400000	7748
A03	55200001	56200000	9762
A03	56000001	57000000	9718
A03	56800001	57800000	10282
A03	57600001	58600000	10769
A03	58400001	59400000	12921
A03	59200001	60200000	11868
A03	60000001	61000000	10586
A03	60800001	61800000	10827
A03	61600001	62600000	9906
A03	62400001	63400000	11835
A03	63200001	64200000	11000
A03	64000001	65000000	12624
A03	64800001	65800000	12063
A03	65600001	66600000	12976
A03	66400001	67400000	10886
A03	67200001	68200000	11912
A03	68000001	69000000	11155
A03	68800001	69800000	9921
A03	69600001	70600000	9534
A03	70400001	71400000	10983
A03	71200001	72200000	10126
A03	72000001	73000000	12448
A03	72800001	73800000	8882
A03	73600001	74600000	10743
A03	74400001	75400000	9947
A03	75200001	76200000	10147
A03	76000001	77000000	10544
A03	76800001	77800000	11536
A03	77600001	78600000	11435
A03	78400001	79400000	12240
A03	79200001	80200000	12622
A03	80000001	81000000	9585
A03	80800001	81800000	10609
A03	81600001	82600000	11927
A03	82400001	83400000	12263
A03	83200001	84200000	8667
A03	84000001	85000000	9660
A03	84800001	85800000	10018
A03	85600001	86600000	10710
A03	86400001	87400000	10041
A03	87200001	88200000	12604
A03	88000001	89000000	11158
A03	88800001	89800000	11487
A03	89600001	90600000	11624
A03	90400001	91400000	9492
A03	91200001	92200000	10763
A03	92000001	93000000	10709
A03	92800001	93800000	9839
A03	93600001	94600000	8368
A03	94400001	95400000	7543
A03	95200001	96200000	7250
A03	96000001	97000000	9127
A03	96800001	97800000	6479
A03	97600001	98600000	8257
A03	98400001	99400000	5597
A03	99200001	100200000	4386
A03	100000001	100263045	1003
A04	1	1000000	7662
A04	800001	1800000	7546
A04	1600001	2600000	7803
A04	2400001	3400000	8268
A04	3200001	4200000	6754
A04	4000001	5000000	6739
A04	4800001	5800000	8880
A04	5600001	6600000	8702
A04	6400001	7400000	9441
A04	7200001	8200000	9659
A04	8000001	9000000	10130
A04	8800001	9800000	10514
A04	9600001	10600000	10311
A04	10400001	11400000	9183
A04	11200001	12200000	9837
A04	12000001	13000000	10615
A04	12800001	13800000	10907
A04	13600001	14600000	10714
A04	14400001	15400000	12185
A04	15200001	16200000	10324
A04	16000001	17000000	11558
A04	16800001	17800000	10373
A04	17600001	18600000	9951
A04	18400001	19400000	10731
A04	19200001	20200000	9942
A04	20000001	21000000	11740
A04	20800001	21800000	9207
A04	21600001	22600000	10316
A04	22400001	23400000	8509
A04	23200001	24200000	10278
A04	24000001	25000000	10167
A04	24800001	25800000	10467
A04	25600001	26600000	11509
A04	26400001	27400000	11166
A04	27200001	28200000	12454
A04	28000001	29000000	9458
A04	28800001	29800000	8488
A04	29600001	30600000	10773
A04	30400001	31400000	11231
A04	31200001	32200000	10225
A04	32000001	33000000	9693
A04	32800001	33800000	7635
A04	33600001	34600000	7867
A04	34400001	35400000	10995
A04	35200001	36200000	11128
A04	36000001	37000000	11237
A04	36800001	37800000	11456
A04	37600001	38600000	10829
A04	38400001	39400000	12581
A04	39200001	40200000	10974
A04	40000001	41000000	11577
A04	40800001	41800000	10747
A04	41600001	42600000	8662
A04	42400001	43400000	8975
A04	43200001	44200000	11717
A04	44000001	45000000	12558
A04	44800001	45800000	11626
A04	45600001	46600000	11586
A04	46400001	47400000	10445
A04	47200001	48200000	12626
A04	48000001	49000000	11722
A04	48800001	49800000	11547
A04	49600001	50600000	10908
A04	50400001	51400000	12170
A04	51200001	52200000	11753
A04	52000001	53000000	10426
A04	52800001	53800000	10552
A04	53600001	54600000	9031
A04	54400001	55400000	11050
A04	55200001	56200000	10384
A04	56000001	57000000	11192
A04	56800001	57800000	10151
A04	57600001	58600000	10267
A04	58400001	59400000	7616
A04	59200001	60200000	9344
A04	60000001	61000000	8054
A04	60800001	61800000	7870
A04	61600001	62600000	7340
A04	62400001	62913772	3008
A05	1	1000000	4519
A05	800001	1800000	3485
A05	1600001	2600000	3019
A05	2400001	3400000	3192
A05	3200001	4200000	3111
A05	4000001	5000000	3786
A05	4800001	5800000	3082
A05	5600001	6600000	3527
A05	6400001	7400000	4495
A05	7200001	8200000	3902
A05	8000001	9000000	3498
A05	8800001	9800000	4011
A05	9600001	10600000	4347
A05	10400001	11400000	3880
A05	11200001	12200000	3671
A05	12000001	13000000	4046
A05	12800001	13800000	5006
A05	13600001	14600000	4688
A05	14400001	15400000	4473
A05	15200001	16200000	4574
A05	16000001	17000000	5316
A05	16800001	17800000	5241
A05	17600001	18600000	5685
A05	18400001	19400000	4235
A05	19200001	20200000	5753
A05	20000001	21000000	7103
A05	20800001	21800000	6904
A05	21600001	22600000	7108
A05	22400001	23400000	9179
A05	23200001	24200000	6770
A05	24000001	25000000	7187
A05	24800001	25800000	8648
A05	25600001	26600000	10166
A05	26400001	27400000	8183
A05	27200001	28200000	7998
A05	28000001	29000000	10489
A05	28800001	29800000	9839
A05	29600001	30600000	9738
A05	30400001	31400000	11193
A05	31200001	32200000	10917
A05	32000001	33000000	11268
A05	32800001	33800000	12191
A05	33600001	34600000	10382
A05	34400001	35400000	11423
A05	35200001	36200000	10873
A05	36000001	37000000	10591
A05	36800001	37800000	12492
A05	37600001	38600000	12146
A05	38400001	39400000	10740
A05	39200001	40200000	11316
A05	40000001	41000000	8474
A05	40800001	41800000	9955
A05	41600001	42600000	10485
A05	42400001	43400000	11924
A05	43200001	44200000	9838
A05	44000001	45000000	11475
A05	44800001	45800000	9901
A05	45600001	46600000	9137
A05	46400001	47400000	10388
A05	47200001	48200000	12643
A05	48000001	49000000	9578
A05	48800001	49800000	8719
A05	49600001	50600000	11014
A05	50400001	51400000	12520
A05	51200001	52200000	10979
A05	52000001	53000000	10375
A05	52800001	53800000	8058
A05	53600001	54600000	11790
A05	54400001	55400000	10963
A05	55200001	56200000	12532
A05	56000001	57000000	9863
A05	56800001	57800000	11489
A05	57600001	58600000	11189
A05	58400001	59400000	9862
A05	59200001	60200000	8843
A05	60000001	61000000	9112
A05	60800001	61800000	11157
A05	61600001	62600000	13292
A05	62400001	63400000	9965
A05	63200001	64200000	7852
A05	64000001	65000000	11138
A05	64800001	65800000	11291
A05	65600001	66600000	9735
A05	66400001	67400000	10635
A05	67200001	68200000	8515
A05	68000001	69000000	9997
A05	68800001	69800000	12494
A05	69600001	70600000	12789
A05	70400001	71400000	10597
A05	71200001	72200000	9889
A05	72000001	73000000	10951
A05	72800001	73800000	11056
A05	73600001	74600000	10961
A05	74400001	75400000	12285
A05	75200001	76200000	11016
A05	76000001	77000000	11698
A05	76800001	77800000	10949
A05	77600001	78600000	9303
A05	78400001	79400000	11836
A05	79200001	80200000	11910
A05	80000001	81000000	11207
A05	80800001	81800000	9423
A05	81600001	82600000	10871
A05	82400001	83400000	11068
A05	83200001	84200000	8722
A05	84000001	85000000	9883
A05	84800001	85800000	8397
A05	85600001	86600000	8332
A05	86400001	87400000	8116
A05	87200001	88200000	7402
A05	88000001	89000000	7716
A05	88800001	89800000	7729
A05	89600001	90600000	8405
A05	90400001	91400000	5831
A05	91200001	92200000	4666
A05	92000001	92047023	225
A06	1	1000000	4841
A06	800001	1800000	6650
A06	1600001	2600000	6653
A06	2400001	3400000	7649
A06	3200001	4200000	8721
A06	4000001	5000000	10894
A06	4800001	5800000	9447
A06	5600001	6600000	10124
A06	6400001	7400000	8260
A06	7200001	8200000	10989
A06	8000001	9000000	10914
A06	8800001	9800000	8540
A06	9600001	10600000	9979
A06	10400001	11400000	11222
A06	11200001	12200000	13128
A06	12000001	13000000	11757
A06	12800001	13800000	9964
A06	13600001	14600000	10461
A06	14400001	15400000	9668
A06	15200001	16200000	10431
A06	16000001	17000000	12122
A06	16800001	17800000	11141
A06	17600001	18600000	11661
A06	18400001	19400000	12610
A06	19200001	20200000	12876
A06	20000001	21000000	13199
A06	20800001	21800000	12422
A06	21600001	22600000	11493
A06	22400001	23400000	12016
A06	23200001	24200000	10668
A06	24000001	25000000	11065
A06	24800001	25800000	10342
A06	25600001	26600000	8506
A06	26400001	27400000	10020
A06	27200001	28200000	12855
A06	28000001	29000000	12382
A06	28800001	29800000	11061
A06	29600001	30600000	10058
A06	30400001	31400000	12347
A06	31200001	32200000	11259
A06	32000001	33000000	11268
A06	32800001	33800000	10555
A06	33600001	34600000	11622
A06	34400001	35400000	10639
A06	35200001	36200000	11582
A06	36000001	37000000	11826
A06	36800001	37800000	11435
A06	37600001	38600000	12021
A06	38400001	39400000	11181
A06	39200001	40200000	13625
A06	40000001	41000000	10639
A06	40800001	41800000	10586
A06	41600001	42600000	10371
A06	42400001	43400000	12251
A06	43200001	44200000	9658
A06	44000001	45000000	8896
A06	44800001	45800000	11825
A06	45600001	46600000	8869
A06	46400001	47400000	8252
A06	47200001	48200000	9155
A06	48000001	49000000	11051
A06	48800001	49800000	11435
A06	49600001	50600000	10979
A06	50400001	51400000	9674
A06	51200001	52200000	10209
A06	52000001	53000000	8708
A06	52800001	53800000	7120
A06	53600001	54600000	8320
A06	54400001	55400000	9944
A06	55200001	56200000	8364
A06	56000001	57000000	6865
A06	56800001	57800000	8886
A06	57600001	58600000	9525
A06	58400001	59400000	11496
A06	59200001	60200000	9328
A06	60000001	61000000	9362
A06	60800001	61800000	10638
A06	61600001	62600000	7176
A06	62400001	63400000	9455
A06	63200001	64200000	10861
A06	64000001	65000000	9794
A06	64800001	65800000	10298
A06	65600001	66600000	11425
A06	66400001	67400000	11255
A06	67200001	68200000	11071
A06	68000001	69000000	10928
A06	68800001	69800000	8797
A06	69600001	70600000	11542
A06	70400001	71400000	8471
A06	71200001	72200000	9436
A06	72000001	73000000	8920
A06	72800001	73800000	11289
A06	73600001	74600000	7855
A06	74400001	75400000	10388
A06	75200001	76200000	10897
A06	76000001	77000000	12063
A06	76800001	77800000	12021
A06	77600001	78600000	11686
A06	78400001	79400000	11898
A06	79200001	80200000	11228
A06	80000001	81000000	9744
A06	80800001	81800000	10923
A06	81600001	82600000	9950
A06	82400001	83400000	9977
A06	83200001	84200000	10832
A06	84000001	85000000	9980
A06	84800001	85800000	10480
A06	85600001	86600000	9968
A06	86400001	87400000	11194
A06	87200001	88200000	12229
A06	88000001	89000000	11156
A06	88800001	89800000	12287
A06	89600001	90600000	11794
A06	90400001	91400000	12674
A06	91200001	92200000	11951
A06	92000001	93000000	12074
A06	92800001	93800000	10819
A06	93600001	94600000	11439
A06	94400001	95400000	10720
A06	95200001	96200000	10282
A06	96000001	97000000	9915
A06	96800001	97800000	9563
A06	97600001	98600000	10727
A06	98400001	99400000	10803
A06	99200001	100200000	8744
A06	100000001	101000000	9089
A06	100800001	101800000	7204
A06	101600001	102600000	5377
A06	102400001	103170444	5253
A07	1	1000000	5322
A07	800001	1800000	4983
A07	1600001	2600000	4956
A07	2400001	3400000	5206
A07	3200001	4200000	5772
A07	4000001	5000000	4148
A07	4800001	5800000	7190
A07	5600001	6600000	7484
A07	6400001	7400000	9448
A07	7200001	8200000	8416
A07	8000001	9000000	7525
A07	8800001	9800000	8899
A07	9600001	10600000	11105
A07	10400001	11400000	11816
A07	11200001	12200000	10390
A07	12000001	13000000	9961
A07	12800001	13800000	10756
A07	13600001	14600000	9384
A07	14400001	15400000	12243
A07	15200001	16200000	11299
A07	16000001	17000000	8593
A07	16800001	17800000	10332
A07	17600001	18600000	8790
A07	18400001	19400000	11688
A07	19200001	20200000	11622
A07	20000001	21000000	10775
A07	20800001	21800000	11171
A07	21600001	22600000	12089
A07	22400001	23400000	10082
A07	23200001	24200000	10882
A07	24000001	25000000	12217
A07	24800001	25800000	10796
A07	25600001	26600000	9298
A07	26400001	27400000	10791
A07	27200001	28200000	13776
A07	28000001	29000000	10052
A07	28800001	29800000	9812
A07	29600001	30600000	12416
A07	30400001	31400000	10852
A07	31200001	32200000	10230
A07	32000001	33000000	10783
A07	32800001	33800000	11668
A07	33600001	34600000	9060
A07	34400001	35400000	8510
A07	35200001	36200000	11553
A07	36000001	37000000	9563
A07	36800001	37800000	10728
A07	37600001	38600000	12047
A07	38400001	39400000	12437
A07	39200001	40200000	11021
A07	40000001	41000000	12340
A07	40800001	41800000	11445
A07	41600001	42600000	10409
A07	42400001	43400000	8578
A07	43200001	44200000	8932
A07	44000001	45000000	11933
A07	44800001	45800000	12489
A07	45600001	46600000	11144
A07	46400001	47400000	8655
A07	47200001	48200000	10614
A07	48000001	49000000	9633
A07	48800001	49800000	8004
A07	49600001	50600000	9403
A07	50400001	51400000	10666
A07	51200001	52200000	11645
A07	52000001	53000000	11966
A07	52800001	53800000	10328
A07	53600001	54600000	9178
A07	54400001	55400000	11369
A07	55200001	56200000	11707
A07	56000001	57000000	9717
A07	56800001	57800000	10086
A07	57600001	58600000	11266
A07	58400001	59400000	9646
A07	59200001	60200000	7546
A07	60000001	61000000	11286
A07	60800001	61800000	10810
A07	61600001	62600000	12114
A07	62400001	63400000	11335
A07	63200001	64200000	10776
A07	64000001	65000000	10916
A07	64800001	65800000	10425
A07	65600001	66600000	12416
A07	66400001	67400000	10595
A07	67200001	68200000	11376
A07	68000001	69000000	11976
A07	68800001	69800000	10818
A07	69600001	70600000	9552
A07	70400001	71400000	10096
A07	71200001	72200000	9138
A07	72000001	73000000	10384
A07	72800001	73800000	8026
A07	73600001	74600000	9193
A07	74400001	75400000	8169
A07	75200001	76200000	8788
A07	76000001	77000000	8008
A07	76800001	77800000	7575
A07	77600001	78251018	5448
A08	1	1000000	6106
A08	800001	1800000	7104
A08	1600001	2600000	7935
A08	2400001	3400000	9961
A08	3200001	4200000	8138
A08	4000001	5000000	8915
A08	4800001	5800000	8139
A08	5600001	6600000	8738
A08	6400001	7400000	10155
A08	7200001	8200000	10175
A08	8000001	9000000	9780
A08	8800001	9800000	9654
A08	9600001	10600000	10784
A08	10400001	11400000	11011
A08	11200001	12200000	12023
A08	12000001	13000000	11371
A08	12800001	13800000	11514
A08	13600001	14600000	11204
A08	14400001	15400000	8539
A08	15200001	16200000	10047
A08	16000001	17000000	11542
A08	16800001	17800000	11373
A08	17600001	18600000	10557
A08	18400001	19400000	11385
A08	19200001	20200000	9945
A08	20000001	21000000	10597
A08	20800001	21800000	10419
A08	21600001	22600000	11486
A08	22400001	23400000	10156
A08	23200001	24200000	9943
A08	24000001	25000000	10700
A08	24800001	25800000	10469
A08	25600001	26600000	10749
A08	26400001	27400000	11212
A08	27200001	28200000	9530
A08	28000001	29000000	7439
A08	28800001	29800000	8621
A08	29600001	30600000	10223
A08	30400001	31400000	7652
A08	31200001	32200000	7574
A08	32000001	33000000	8551
A08	32800001	33800000	9030
A08	33600001	34600000	10089
A08	34400001	35400000	9828
A08	35200001	36200000	10243
A08	36000001	37000000	10515
A08	36800001	37800000	8599
A08	37600001	38600000	8979
A08	38400001	39400000	10105
A08	39200001	40200000	9052
A08	40000001	41000000	10862
A08	40800001	41800000	8523
A08	41600001	42600000	9171
A08	42400001	43400000	10478
A08	43200001	44200000	9659
A08	44000001	45000000	10385
A08	44800001	45800000	6938
A08	45600001	46600000	4543
A08	46400001	47400000	8296
A08	47200001	48200000	9640
A08	48000001	49000000	9809
A08	48800001	49800000	9876
A08	49600001	50600000	9651
A08	50400001	51400000	6917
A08	51200001	52200000	10877
A08	52000001	53000000	9550
A08	52800001	53800000	10929
A08	53600001	54600000	9744
A08	54400001	55400000	4087
A08	55200001	56200000	10387
A08	56000001	57000000	8823
A08	56800001	57800000	8567
A08	57600001	58600000	11668
A08	58400001	59400000	9058
A08	59200001	60200000	10681
A08	60000001	61000000	9482
A08	60800001	61800000	10713
A08	61600001	62600000	9436
A08	62400001	63400000	9981
A08	63200001	64200000	9003
A08	64000001	65000000	10307
A08	64800001	65800000	11951
A08	65600001	66600000	12711
A08	66400001	67400000	11079
A08	67200001	68200000	10325
A08	68000001	69000000	10346
A08	68800001	69800000	10135
A08	69600001	70600000	10978
A08	70400001	71400000	12025
A08	71200001	72200000	12733
A08	72000001	73000000	10610
A08	72800001	73800000	10506
A08	73600001	74600000	12012
A08	74400001	75400000	9240
A08	75200001	76200000	11227
A08	76000001	77000000	11426
A08	76800001	77800000	11797
A08	77600001	78600000	11563
A08	78400001	79400000	11750
A08	79200001	80200000	11253
A08	80000001	81000000	11773
A08	80800001	81800000	12308
A08	81600001	82600000	11018
A08	82400001	83400000	11062
A08	83200001	84200000	10625
A08	84000001	85000000	11633
A08	84800001	85800000	9875
A08	85600001	86600000	11901
A08	86400001	87400000	11328
A08	87200001	88200000	10869
A08	88000001	89000000	11677
A08	88800001	89800000	8794
A08	89600001	90600000	5589
A08	90400001	91400000	10234
A08	91200001	92200000	11372
A08	92000001	93000000	10456
A08	92800001	93800000	12809
A08	93600001	94600000	9792
A08	94400001	95400000	11030
A08	95200001	96200000	5933
A08	96000001	97000000	7906
A08	96800001	97800000	7626
A08	97600001	98600000	5934
A08	98400001	99400000	6163
A08	99200001	100200000	7582
A08	100000001	101000000	6346
A08	100800001	101800000	4880
A08	101600001	102600000	5236
A08	102400001	103400000	5421
A08	103200001	103626341	2856
A09	1	1000000	9016
A09	800001	1800000	9915
A09	1600001	2600000	10475
A09	2400001	3400000	9350
A09	3200001	4200000	10600
A09	4000001	5000000	9909
A09	4800001	5800000	10215
A09	5600001	6600000	9713
A09	6400001	7400000	10825
A09	7200001	8200000	10693
A09	8000001	9000000	11659
A09	8800001	9800000	11212
A09	9600001	10600000	11422
A09	10400001	11400000	10751
A09	11200001	12200000	11241
A09	12000001	13000000	10184
A09	12800001	13800000	12738
A09	13600001	14600000	10347
A09	14400001	15400000	10457
A09	15200001	16200000	10050
A09	16000001	17000000	9277
A09	16800001	17800000	11524
A09	17600001	18600000	10254
A09	18400001	19400000	9896
A09	19200001	20200000	11910
A09	20000001	21000000	11050
A09	20800001	21800000	8444
A09	21600001	22600000	9015
A09	22400001	23400000	11294
A09	23200001	24200000	8763
A09	24000001	25000000	10931
A09	24800001	25800000	7627
A09	25600001	26600000	9704
A09	26400001	27400000	10248
A09	27200001	28200000	9201
A09	28000001	29000000	9374
A09	28800001	29800000	9085
A09	29600001	30600000	8486
A09	30400001	31400000	11158
A09	31200001	32200000	10493
A09	32000001	33000000	10466
A09	32800001	33800000	11076
A09	33600001	34600000	11552
A09	34400001	35400000	10406
A09	35200001	36200000	8736
A09	36000001	37000000	10042
A09	36800001	37800000	11917
A09	37600001	38600000	11212
A09	38400001	39400000	11357
A09	39200001	40200000	11569
A09	40000001	41000000	11455
A09	40800001	41800000	12291
A09	41600001	42600000	12968
A09	42400001	43400000	12409
A09	43200001	44200000	13672
A09	44000001	45000000	11417
A09	44800001	45800000	11036
A09	45600001	46600000	10263
A09	46400001	47400000	10957
A09	47200001	48200000	10645
A09	48000001	49000000	9671
A09	48800001	49800000	11629
A09	49600001	50600000	10889
A09	50400001	51400000	12156
A09	51200001	52200000	10973
A09	52000001	53000000	9374
A09	52800001	53800000	9680
A09	53600001	54600000	11569
A09	54400001	55400000	8976
A09	55200001	56200000	7158
A09	56000001	57000000	10645
A09	56800001	57800000	9949
A09	57600001	58600000	8705
A09	58400001	59400000	7995
A09	59200001	60200000	8344
A09	60000001	61000000	7463
A09	60800001	61800000	9087
A09	61600001	62600000	9770
A09	62400001	63400000	7847
A09	63200001	64200000	8128
A09	64000001	65000000	7561
A09	64800001	65800000	6038
A09	65600001	66600000	8357
A09	66400001	67400000	6926
A09	67200001	68200000	4876
A09	68000001	69000000	5381
A09	68800001	69800000	4178
A09	69600001	70600000	4168
A09	70400001	71400000	4976
A09	71200001	72200000	5426
A09	72000001	73000000	4464
A09	72800001	73800000	4289
A09	73600001	74600000	5914
A09	74400001	74999931	2811
A10	1	1000000	5385
A10	800001	1800000	5859
A10	1600001	2600000	4686
A10	2400001	3400000	4142
A10	3200001	4200000	5702
A10	4000001	5000000	6377
A10	4800001	5800000	7549
A10	5600001	6600000	8691
A10	6400001	7400000	9314
A10	7200001	8200000	11991
A10	8000001	9000000	13321
A10	8800001	9800000	12169
A10	9600001	10600000	10477
A10	10400001	11400000	9996
A10	11200001	12200000	8920
A10	12000001	13000000	6715
A10	12800001	13800000	10228
A10	13600001	14600000	12272
A10	14400001	15400000	11424
A10	15200001	16200000	12549
A10	16000001	17000000	11708
A10	16800001	17800000	11573
A10	17600001	18600000	11257
A10	18400001	19400000	10767
A10	19200001	20200000	12745
A10	20000001	21000000	8683
A10	20800001	21800000	10198
A10	21600001	22600000	11116
A10	22400001	23400000	9976
A10	23200001	24200000	8883
A10	24000001	25000000	8869
A10	24800001	25800000	11430
A10	25600001	26600000	9558
A10	26400001	27400000	9618
A10	27200001	28200000	10137
A10	28000001	29000000	11687
A10	28800001	29800000	10456
A10	29600001	30600000	9692
A10	30400001	31400000	8385
A10	31200001	32200000	10360
A10	32000001	33000000	9172
A10	32800001	33800000	7736
A10	33600001	34600000	12063
A10	34400001	35400000	12052
A10	35200001	36200000	9830
A10	36000001	37000000	7439
A10	36800001	37800000	8819
A10	37600001	38600000	9302
A10	38400001	39400000	9931
A10	39200001	40200000	8535
A10	40000001	41000000	9740
A10	40800001	41800000	8201
A10	41600001	42600000	10084
A10	42400001	43400000	10847
A10	43200001	44200000	8810
A10	44000001	45000000	9523
A10	44800001	45800000	9776
A10	45600001	46600000	10342
A10	46400001	47400000	9996
A10	47200001	48200000	12144
A10	48000001	49000000	10293
A10	48800001	49800000	10973
A10	49600001	50600000	12158
A10	50400001	51400000	11263
A10	51200001	52200000	10693
A10	52000001	53000000	11204
A10	52800001	53800000	9050
A10	53600001	54600000	9748
A10	54400001	55400000	10669
A10	55200001	56200000	8089
A10	56000001	57000000	9875
A10	56800001	57800000	10810
A10	57600001	58600000	12221
A10	58400001	59400000	11479
A10	59200001	60200000	11498
A10	60000001	61000000	12238
A10	60800001	61800000	12622
A10	61600001	62600000	11844
A10	62400001	63400000	9562
A10	63200001	64200000	10827
A10	64000001	65000000	10079
A10	64800001	65800000	10683
A10	65600001	66600000	11088
A10	66400001	67400000	11058
A10	67200001	68200000	8894
A10	68000001	69000000	11212
A10	68800001	69800000	10698
A10	69600001	70600000	11203
A10	70400001	71400000	10931
A10	71200001	72200000	11440
A10	72000001	73000000	10242
A10	72800001	73800000	10718
A10	73600001	74600000	10705
A10	74400001	75400000	9697
A10	75200001	76200000	9926
A10	76000001	77000000	10623
A10	76800001	77800000	11692
A10	77600001	78600000	12502
A10	78400001	79400000	12254
A10	79200001	80200000	12912
A10	80000001	81000000	12866
A10	80800001	81800000	10444
A10	81600001	82600000	12662
A10	82400001	83400000	12516
A10	83200001	84200000	11234
A10	84000001	85000000	11768
A10	84800001	85800000	8672
A10	85600001	86600000	10080
A10	86400001	87400000	10422
A10	87200001	88200000	10093
A10	88000001	89000000	10299
A10	88800001	89800000	12007
A10	89600001	90600000	9768
A10	90400001	91400000	8866
A10	91200001	92200000	7943
A10	92000001	93000000	10546
A10	92800001	93800000	9322
A10	93600001	94600000	9371
A10	94400001	95400000	8046
A10	95200001	96200000	6162
A10	96000001	97000000	5586
A10	96800001	97800000	7894
A10	97600001	98600000	7499
A10	98400001	99400000	6105
A10	99200001	100200000	6304
A10	100000001	101000000	5366
A10	100800001	100866604	293
A11	1	1000000	5195
A11	800001	1800000	4945
A11	1600001	2600000	4483
A11	2400001	3400000	4422
A11	3200001	4200000	4637
A11	4000001	5000000	4847
A11	4800001	5800000	5179
A11	5600001	6600000	4650
A11	6400001	7400000	6032
A11	7200001	8200000	4378
A11	8000001	9000000	5786
A11	8800001	9800000	7411
A11	9600001	10600000	7333
A11	10400001	11400000	6428
A11	11200001	12200000	6610
A11	12000001	13000000	7753
A11	12800001	13800000	9307
A11	13600001	14600000	10106
A11	14400001	15400000	7963
A11	15200001	16200000	8295
A11	16000001	17000000	10589
A11	16800001	17800000	8538
A11	17600001	18600000	8623
A11	18400001	19400000	11000
A11	19200001	20200000	10134
A11	20000001	21000000	9658
A11	20800001	21800000	10860
A11	21600001	22600000	8279
A11	22400001	23400000	10522
A11	23200001	24200000	11459
A11	24000001	25000000	11202
A11	24800001	25800000	10776
A11	25600001	26600000	11792
A11	26400001	27400000	13142
A11	27200001	28200000	11351
A11	28000001	29000000	10392
A11	28800001	29800000	10476
A11	29600001	30600000	11153
A11	30400001	31400000	9407
A11	31200001	32200000	10792
A11	32000001	33000000	11382
A11	32800001	33800000	10895
A11	33600001	34600000	10885
A11	34400001	35400000	9925
A11	35200001	36200000	10563
A11	36000001	37000000	11966
A11	36800001	37800000	12822
A11	37600001	38600000	9586
A11	38400001	39400000	9171
A11	39200001	40200000	8204
A11	40000001	41000000	12105
A11	40800001	41800000	9029
A11	41600001	42600000	8735
A11	42400001	43400000	11709
A11	43200001	44200000	11342
A11	44000001	45000000	8976
A11	44800001	45800000	8515
A11	45600001	46600000	11351
A11	46400001	47400000	11590
A11	47200001	48200000	10027
A11	48000001	49000000	8164
A11	48800001	49800000	10558
A11	49600001	50600000	10460
A11	50400001	51400000	10184
A11	51200001	52200000	11363
A11	52000001	53000000	12512
A11	52800001	53800000	11471
A11	53600001	54600000	9967
A11	54400001	55400000	8060
A11	55200001	56200000	9188
A11	56000001	57000000	11233
A11	56800001	57800000	9829
A11	57600001	58600000	9957
A11	58400001	59400000	8968
A11	59200001	60200000	10258
A11	60000001	61000000	12149
A11	60800001	61800000	9811
A11	61600001	62600000	10158
A11	62400001	63400000	11052
A11	63200001	64200000	11781
A11	64000001	65000000	11240
A11	64800001	65800000	11811
A11	65600001	66600000	9671
A11	66400001	67400000	9362
A11	67200001	68200000	11305
A11	68000001	69000000	11816
A11	68800001	69800000	12410
A11	69600001	70600000	10363
A11	70400001	71400000	11056
A11	71200001	72200000	9107
A11	72000001	73000000	10864
A11	72800001	73800000	9913
A11	73600001	74600000	8811
A11	74400001	75400000	9720
A11	75200001	76200000	9957
A11	76000001	77000000	9359
A11	76800001	77800000	10951
A11	77600001	78600000	11627
A11	78400001	79400000	11820
A11	79200001	80200000	12091
A11	80000001	81000000	10263
A11	80800001	81800000	8520
A11	81600001	82600000	9298
A11	82400001	83400000	8042
A11	83200001	84200000	7055
A11	84000001	85000000	8921
A11	84800001	85800000	8297
A11	85600001	86600000	8533
A11	86400001	87400000	8386
A11	87200001	88200000	7361
A11	88000001	89000000	5226
A11	88800001	89800000	7234
A11	89600001	90600000	8589
A11	90400001	91400000	5759
A11	91200001	92200000	6462
A11	92000001	93000000	6985
A11	92800001	93316192	2561
A12	1	1000000	6775
A12	800001	1800000	7560
A12	1600001	2600000	6936
A12	2400001	3400000	8029
A12	3200001	4200000	8651
A12	4000001	5000000	10124
A12	4800001	5800000	9726
A12	5600001	6600000	10126
A12	6400001	7400000	8691
A12	7200001	8200000	10463
A12	8000001	9000000	9550
A12	8800001	9800000	11244
A12	9600001	10600000	8571
A12	10400001	11400000	10916
A12	11200001	12200000	12781
A12	12000001	13000000	11643
A12	12800001	13800000	10595
A12	13600001	14600000	10341
A12	14400001	15400000	10975
A12	15200001	16200000	12221
A12	16000001	17000000	12146
A12	16800001	17800000	11287
A12	17600001	18600000	12171
A12	18400001	19400000	13458
A12	19200001	20200000	10822
A12	20000001	21000000	12077
A12	20800001	21800000	12230
A12	21600001	22600000	11227
A12	22400001	23400000	11347
A12	23200001	24200000	11079
A12	24000001	25000000	9280
A12	24800001	25800000	7644
A12	25600001	26600000	8039
A12	26400001	27400000	11823
A12	27200001	28200000	10712
A12	28000001	29000000	12184
A12	28800001	29800000	12909
A12	29600001	30600000	11689
A12	30400001	31400000	8521
A12	31200001	32200000	8154
A12	32000001	33000000	10453
A12	32800001	33800000	9278
A12	33600001	34600000	8518
A12	34400001	35400000	8955
A12	35200001	36200000	7888
A12	36000001	37000000	8264
A12	36800001	37800000	9107
A12	37600001	38600000	11958
A12	38400001	39400000	10807
A12	39200001	40200000	11866
A12	40000001	41000000	11033
A12	40800001	41800000	11202
A12	41600001	42600000	11502
A12	42400001	43400000	11202
A12	43200001	44200000	10504
A12	44000001	45000000	9748
A12	44800001	45800000	11666
A12	45600001	46600000	11023
A12	46400001	47400000	9396
A12	47200001	48200000	10872
A12	48000001	49000000	9266
A12	48800001	49800000	11604
A12	49600001	50600000	7797
A12	50400001	51400000	12891
A12	51200001	52200000	10229
A12	52000001	53000000	10484
A12	52800001	53800000	10952
A12	53600001	54600000	10437
A12	54400001	55400000	11213
A12	55200001	56200000	11373
A12	56000001	57000000	11657
A12	56800001	57800000	11086
A12	57600001	58600000	11210
A12	58400001	59400000	11451
A12	59200001	60200000	10147
A12	60000001	61000000	9305
A12	60800001	61800000	10257
A12	61600001	62600000	11693
A12	62400001	63400000	11932
A12	63200001	64200000	10424
A12	64000001	65000000	8978
A12	64800001	65800000	9751
A12	65600001	66600000	8951
A12	66400001	67400000	9510
A12	67200001	68200000	10402
A12	68000001	69000000	9880
A12	68800001	69800000	9301
A12	69600001	70600000	11758
A12	70400001	71400000	11068
A12	71200001	72200000	11268
A12	72000001	73000000	10253
A12	72800001	73800000	9108
A12	73600001	74600000	7897
A12	74400001	75400000	9617
A12	75200001	76200000	10053
A12	76000001	77000000	8934
A12	76800001	77800000	8411
A12	77600001	78600000	6747
A12	78400001	79400000	7182
A12	79200001	80200000	8212
A12	80000001	81000000	6257
A12	80800001	81800000	5076
A12	81600001	82600000	6092
A12	82400001	83400000	6071
A12	83200001	84200000	4537
A12	84000001	85000000	4232
A12	84800001	85800000	4827
A12	85600001	86600000	4931
A12	86400001	87400000	4262
A12	87200001	87484866	958
A13	1	1000000	6354
A13	800001	1800000	7238
A13	1600001	2600000	7350
A13	2400001	3400000	6306
A13	3200001	4200000	7314
A13	4000001	5000000	8788
A13	4800001	5800000	9195
A13	5600001	6600000	10336
A13	6400001	7400000	10495
A13	7200001	8200000	9086
A13	8000001	9000000	10729
A13	8800001	9800000	10985
A13	9600001	10600000	11235
A13	10400001	11400000	8077
A13	11200001	12200000	10355
A13	12000001	13000000	11760
A13	12800001	13800000	10420
A13	13600001	14600000	10055
A13	14400001	15400000	12279
A13	15200001	16200000	10711
A13	16000001	17000000	9499
A13	16800001	17800000	11493
A13	17600001	18600000	11613
A13	18400001	19400000	11527
A13	19200001	20200000	9545
A13	20000001	21000000	10945
A13	20800001	21800000	10741
A13	21600001	22600000	10498
A13	22400001	23400000	11535
A13	23200001	24200000	10360
A13	24000001	25000000	9313
A13	24800001	25800000	11211
A13	25600001	26600000	11296
A13	26400001	27400000	11707
A13	27200001	28200000	10418
A13	28000001	29000000	9609
A13	28800001	29800000	10858
A13	29600001	30600000	9936
A13	30400001	31400000	10639
A13	31200001	32200000	11786
A13	32000001	33000000	9077
A13	32800001	33800000	9950
A13	33600001	34600000	8434
A13	34400001	35400000	8129
A13	35200001	36200000	10346
A13	36000001	37000000	10174
A13	36800001	37800000	10642
A13	37600001	38600000	11043
A13	38400001	39400000	10921
A13	39200001	40200000	11193
A13	40000001	41000000	12341
A13	40800001	41800000	11758
A13	41600001	42600000	9259
A13	42400001	43400000	10636
A13	43200001	44200000	11391
A13	44000001	45000000	10688
A13	44800001	45800000	11672
A13	45600001	46600000	12021
A13	46400001	47400000	12727
A13	47200001	48200000	12117
A13	48000001	49000000	11136
A13	48800001	49800000	11635
A13	49600001	50600000	9079
A13	50400001	51400000	10350
A13	51200001	52200000	9563
A13	52000001	53000000	11033
A13	52800001	53800000	10361
A13	53600001	54600000	12961
A13	54400001	55400000	12258
A13	55200001	56200000	12762
A13	56000001	57000000	11614
A13	56800001	57800000	13027
A13	57600001	58600000	12645
A13	58400001	59400000	11144
A13	59200001	60200000	9351
A13	60000001	61000000	9402
A13	60800001	61800000	9402
A13	61600001	62600000	12682
A13	62400001	63400000	10556
A13	63200001	64200000	9031
A13	64000001	65000000	9965
A13	64800001	65800000	10204
A13	65600001	66600000	11564
A13	66400001	67400000	11191
A13	67200001	68200000	9871
A13	68000001	69000000	10214
A13	68800001	69800000	13288
A13	69600001	70600000	11330
A13	70400001	71400000	10272
A13	71200001	72200000	10886
A13	72000001	73000000	8965
A13	72800001	73800000	6879
A13	73600001	74600000	8978
A13	74400001	75400000	6898
A13	75200001	76200000	6996
A13	76000001	77000000	5985
A13	76800001	77800000	7413
A13	77600001	78600000	6981
A13	78400001	79400000	6260
A13	79200001	79961121	4296
D01	1	1000000	6266
D01	800001	1800000	6750
D01	1600001	2600000	7420
D01	2400001	3400000	5821
D01	3200001	4200000	5488
D01	4000001	5000000	6819
D01	4800001	5800000	7459
D01	5600001	6600000	8892
D01	6400001	7400000	10892
D01	7200001	8200000	9719
D01	8000001	9000000	7777
D01	8800001	9800000	8655
D01	9600001	10600000	8898
D01	10400001	11400000	11176
D01	11200001	12200000	12288
D01	12000001	13000000	11776
D01	12800001	13800000	11191
D01	13600001	14600000	9292
D01	14400001	15400000	11237
D01	15200001	16200000	11321
D01	16000001	17000000	12109
D01	16800001	17800000	11183
D01	17600001	18600000	12117
D01	18400001	19400000	11908
D01	19200001	20200000	12087
D01	20000001	21000000	11690
D01	20800001	21800000	12028
D01	21600001	22600000	12153
D01	22400001	23400000	11113
D01	23200001	24200000	12725
D01	24000001	25000000	11339
D01	24800001	25800000	11350
D01	25600001	26600000	10208
D01	26400001	27400000	10127
D01	27200001	28200000	10698
D01	28000001	29000000	11346
D01	28800001	29800000	10705
D01	29600001	30600000	11218
D01	30400001	31400000	12160
D01	31200001	32200000	11204
D01	32000001	33000000	11488
D01	32800001	33800000	8871
D01	33600001	34600000	10865
D01	34400001	35400000	9321
D01	35200001	36200000	11168
D01	36000001	37000000	10397
D01	36800001	37800000	9659
D01	37600001	38600000	10732
D01	38400001	39400000	12145
D01	39200001	40200000	11730
D01	40000001	41000000	10673
D01	40800001	41800000	11703
D01	41600001	42600000	10510
D01	42400001	43400000	13383
D01	43200001	44200000	12964
D01	44000001	45000000	12053
D01	44800001	45800000	10842
D01	45600001	46600000	11575
D01	46400001	47400000	10631
D01	47200001	48200000	11927
D01	48000001	49000000	12208
D01	48800001	49800000	12499
D01	49600001	50600000	10220
D01	50400001	51400000	11817
D01	51200001	52200000	11597
D01	52000001	53000000	11605
D01	52800001	53800000	9291
D01	53600001	54600000	10525
D01	54400001	55400000	10112
D01	55200001	56200000	9907
D01	56000001	57000000	10038
D01	56800001	57800000	8658
D01	57600001	58600000	9718
D01	58400001	59400000	8733
D01	59200001	60200000	8476
D01	60000001	61000000	7366
D01	60800001	61456009	3209
D02	1	1000000	5910
D02	800001	1800000	6024
D02	1600001	2600000	6271
D02	2400001	3400000	5381
D02	3200001	4200000	5072
D02	4000001	5000000	6574
D02	4800001	5800000	8081
D02	5600001	6600000	8266
D02	6400001	7400000	6382
D02	7200001	8200000	9165
D02	8000001	9000000	9228
D02	8800001	9800000	10593
D02	9600001	10600000	9940
D02	10400001	11400000	10830
D02	11200001	12200000	9550
D02	12000001	13000000	11542
D02	12800001	13800000	10212
D02	13600001	14600000	11054
D02	14400001	15400000	12050
D02	15200001	16200000	11581
D02	16000001	17000000	9497
D02	16800001	17800000	10615
D02	17600001	18600000	11884
D02	18400001	19400000	11391
D02	19200001	20200000	9383
D02	20000001	21000000	9548
D02	20800001	21800000	11222
D02	21600001	22600000	11221
D02	22400001	23400000	12268
D02	23200001	24200000	11062
D02	24000001	25000000	11177
D02	24800001	25800000	11105
D02	25600001	26600000	11798
D02	26400001	27400000	12632
D02	27200001	28200000	10577
D02	28000001	29000000	10903
D02	28800001	29800000	9273
D02	29600001	30600000	9740
D02	30400001	31400000	9177
D02	31200001	32200000	10345
D02	32000001	33000000	10253
D02	32800001	33800000	10538
D02	33600001	34600000	10453
D02	34400001	35400000	12207
D02	35200001	36200000	11150
D02	36000001	37000000	9836
D02	36800001	37800000	11152
D02	37600001	38600000	10419
D02	38400001	39400000	12104
D02	39200001	40200000	12246
D02	40000001	41000000	12659
D02	40800001	41800000	12262
D02	41600001	42600000	11149
D02	42400001	43400000	11858
D02	43200001	44200000	11525
D02	44000001	45000000	11348
D02	44800001	45800000	12825
D02	45600001	46600000	11527
D02	46400001	47400000	11159
D02	47200001	48200000	11575
D02	48000001	49000000	11127
D02	48800001	49800000	12356
D02	49600001	50600000	10531
D02	50400001	51400000	11921
D02	51200001	52200000	11945
D02	52000001	53000000	10952
D02	52800001	53800000	11224
D02	53600001	54600000	11607
D02	54400001	55400000	12009
D02	55200001	56200000	11564
D02	56000001	57000000	10417
D02	56800001	57800000	10778
D02	57600001	58600000	9700
D02	58400001	59400000	10702
D02	59200001	60200000	10638
D02	60000001	61000000	9811
D02	60800001	61800000	10161
D02	61600001	62600000	9434
D02	62400001	63400000	8135
D02	63200001	64200000	5239
D02	64000001	65000000	6904
D02	64800001	65800000	7806
D02	65600001	66600000	6723
D02	66400001	67400000	4407
D02	67200001	67284553	494
D03	1	1000000	6875
D03	800001	1800000	6695
D03	1600001	2600000	8041
D03	2400001	3400000	8989
D03	3200001	4200000	8974
D03	4000001	5000000	10629
D03	4800001	5800000	9220
D03	5600001	6600000	9821
D03	6400001	7400000	11675
D03	7200001	8200000	11594
D03	8000001	9000000	12428
D03	8800001	9800000	12185
D03	9600001	10600000	11581
D03	10400001	11400000	11448
D03	11200001	12200000	11561
D03	12000001	13000000	12896
D03	12800001	13800000	11025
D03	13600001	14600000	9506
D03	14400001	15400000	10157
D03	15200001	16200000	12094
D03	16000001	17000000	11947
D03	16800001	17800000	10713
D03	17600001	18600000	10436
D03	18400001	19400000	9674
D03	19200001	20200000	10743
D03	20000001	21000000	10955
D03	20800001	21800000	12283
D03	21600001	22600000	11499
D03	22400001	23400000	10633
D03	23200001	24200000	11842
D03	24000001	25000000	11705
D03	24800001	25800000	11774
D03	25600001	26600000	11985
D03	26400001	27400000	12040
D03	27200001	28200000	10961
D03	28000001	29000000	11515
D03	28800001	29800000	12862
D03	29600001	30600000	11964
D03	30400001	31400000	10902
D03	31200001	32200000	11988
D03	32000001	33000000	12601
D03	32800001	33800000	12400
D03	33600001	34600000	11783
D03	34400001	35400000	10727
D03	35200001	36200000	10259
D03	36000001	37000000	10631
D03	36800001	37800000	10058
D03	37600001	38600000	9773
D03	38400001	39400000	8273
D03	39200001	40200000	9189
D03	40000001	41000000	9405
D03	40800001	41800000	9138
D03	41600001	42600000	9271
D03	42400001	43400000	6101
D03	43200001	44200000	6852
D03	44000001	45000000	6943
D03	44800001	45800000	5249
D03	45600001	46600000	5523
D03	46400001	46690656	1191
D04	1	1000000	6548
D04	800001	1800000	7064
D04	1600001	2600000	6640
D04	2400001	3400000	7297
D04	3200001	4200000	8022
D04	4000001	5000000	6767
D04	4800001	5800000	8800
D04	5600001	6600000	9054
D04	6400001	7400000	10769
D04	7200001	8200000	10966
D04	8000001	9000000	10005
D04	8800001	9800000	9679
D04	9600001	10600000	10167
D04	10400001	11400000	10313
D04	11200001	12200000	12011
D04	12000001	13000000	12024
D04	12800001	13800000	11816
D04	13600001	14600000	12405
D04	14400001	15400000	11317
D04	15200001	16200000	11778
D04	16000001	17000000	11656
D04	16800001	17800000	10327
D04	17600001	18600000	11344
D04	18400001	19400000	10900
D04	19200001	20200000	9878
D04	20000001	21000000	10000
D04	20800001	21800000	8287
D04	21600001	22600000	10620
D04	22400001	23400000	10245
D04	23200001	24200000	12573
D04	24000001	25000000	11900
D04	24800001	25800000	11992
D04	25600001	26600000	12124
D04	26400001	27400000	10400
D04	27200001	28200000	9549
D04	28000001	29000000	11364
D04	28800001	29800000	11174
D04	29600001	30600000	12781
D04	30400001	31400000	12325
D04	31200001	32200000	11829
D04	32000001	33000000	11266
D04	32800001	33800000	12768
D04	33600001	34600000	12385
D04	34400001	35400000	12695
D04	35200001	36200000	12578
D04	36000001	37000000	11789
D04	36800001	37800000	10536
D04	37600001	38600000	11743
D04	38400001	39400000	12252
D04	39200001	40200000	12996
D04	40000001	41000000	11219
D04	40800001	41800000	11330
D04	41600001	42600000	10094
D04	42400001	43400000	10739
D04	43200001	44200000	11304
D04	44000001	45000000	8192
D04	44800001	45800000	10244
D04	45600001	46600000	10423
D04	46400001	47400000	7907
D04	47200001	48200000	8236
D04	48000001	49000000	7182
D04	48800001	49800000	6322
D04	49600001	50600000	6750
D04	50400001	51400000	6674
D04	51200001	51454130	1313
D05	1	1000000	4348
D05	800001	1800000	4147
D05	1600001	2600000	3876
D05	2400001	3400000	3775
D05	3200001	4200000	4039
D05	4000001	5000000	3661
D05	4800001	5800000	4084
D05	5600001	6600000	4587
D05	6400001	7400000	3233
D05	7200001	8200000	3905
D05	8000001	9000000	3558
D05	8800001	9800000	4220
D05	9600001	10600000	4457
D05	10400001	11400000	3301
D05	11200001	12200000	3246
D05	12000001	13000000	3405
D05	12800001	13800000	4127
D05	13600001	14600000	5495
D05	14400001	15400000	4683
D05	15200001	16200000	4960
D05	16000001	17000000	4433
D05	16800001	17800000	3976
D05	17600001	18600000	5179
D05	18400001	19400000	4999
D05	19200001	20200000	5873
D05	20000001	21000000	6825
D05	20800001	21800000	5109
D05	21600001	22600000	7120
D05	22400001	23400000	6707
D05	23200001	24200000	6465
D05	24000001	25000000	6973
D05	24800001	25800000	7743
D05	25600001	26600000	7958
D05	26400001	27400000	8093
D05	27200001	28200000	8432
D05	28000001	29000000	9227
D05	28800001	29800000	10384
D05	29600001	30600000	10795
D05	30400001	31400000	11171
D05	31200001	32200000	8653
D05	32000001	33000000	9188
D05	32800001	33800000	10061
D05	33600001	34600000	12159
D05	34400001	35400000	12365
D05	35200001	36200000	11302
D05	36000001	37000000	10202
D05	36800001	37800000	10994
D05	37600001	38600000	10267
D05	38400001	39400000	10597
D05	39200001	40200000	8473
D05	40000001	41000000	9914
D05	40800001	41800000	11763
D05	41600001	42600000	11778
D05	42400001	43400000	11286
D05	43200001	44200000	11692
D05	44000001	45000000	12045
D05	44800001	45800000	11302
D05	45600001	46600000	11784
D05	46400001	47400000	12957
D05	47200001	48200000	10940
D05	48000001	49000000	10510
D05	48800001	49800000	10571
D05	49600001	50600000	11361
D05	50400001	51400000	9150
D05	51200001	52200000	11263
D05	52000001	53000000	9067
D05	52800001	53800000	6203
D05	53600001	54600000	8927
D05	54400001	55400000	8998
D05	55200001	56200000	6580
D05	56000001	57000000	10315
D05	56800001	57800000	8571
D05	57600001	58600000	10736
D05	58400001	59400000	9930
D05	59200001	60200000	5307
D05	60000001	61000000	6811
D05	60800001	61800000	7716
D05	61600001	61933047	2350
D06	1	1000000	6820
D06	800001	1800000	7146
D06	1600001	2600000	5558
D06	2400001	3400000	5369
D06	3200001	4200000	9558
D06	4000001	5000000	11089
D06	4800001	5800000	8719
D06	5600001	6600000	8843
D06	6400001	7400000	10370
D06	7200001	8200000	10440
D06	8000001	9000000	8540
D06	8800001	9800000	10143
D06	9600001	10600000	11358
D06	10400001	11400000	9791
D06	11200001	12200000	11341
D06	12000001	13000000	11142
D06	12800001	13800000	11118
D06	13600001	14600000	11934
D06	14400001	15400000	11899
D06	15200001	16200000	11924
D06	16000001	17000000	10595
D06	16800001	17800000	10319
D06	17600001	18600000	12377
D06	18400001	19400000	11148
D06	19200001	20200000	9691
D06	20000001	21000000	11071
D06	20800001	21800000	11530
D06	21600001	22600000	11084
D06	22400001	23400000	12336
D06	23200001	24200000	8646
D06	24000001	25000000	11271
D06	24800001	25800000	10681
D06	25600001	26600000	12184
D06	26400001	27400000	10616
D06	27200001	28200000	10527
D06	28000001	29000000	11034
D06	28800001	29800000	10454
D06	29600001	30600000	12292
D06	30400001	31400000	12259
D06	31200001	32200000	11884
D06	32000001	33000000	10533
D06	32800001	33800000	9540
D06	33600001	34600000	10414
D06	34400001	35400000	8171
D06	35200001	36200000	10562
D06	36000001	37000000	12942
D06	36800001	37800000	10311
D06	37600001	38600000	9707
D06	38400001	39400000	9144
D06	39200001	40200000	11840
D06	40000001	41000000	9757
D06	40800001	41800000	11373
D06	41600001	42600000	11087
D06	42400001	43400000	11579
D06	43200001	44200000	10786
D06	44000001	45000000	11623
D06	44800001	45800000	11194
D06	45600001	46600000	11242
D06	46400001	47400000	11636
D06	47200001	48200000	12615
D06	48000001	49000000	10962
D06	48800001	49800000	11501
D06	49600001	50600000	11343
D06	50400001	51400000	10541
D06	51200001	52200000	11124
D06	52000001	53000000	11116
D06	52800001	53800000	10922
D06	53600001	54600000	10659
D06	54400001	55400000	10660
D06	55200001	56200000	9716
D06	56000001	57000000	10716
D06	56800001	57800000	10094
D06	57600001	58600000	9931
D06	58400001	59400000	8917
D06	59200001	60200000	6945
D06	60000001	61000000	8820
D06	60800001	61800000	8597
D06	61600001	62600000	6297
D06	62400001	63400000	8820
D06	63200001	64200000	8085
D06	64000001	64294643	1009
D07	1	1000000	5190
D07	800001	1800000	5323
D07	1600001	2600000	6283
D07	2400001	3400000	5800
D07	3200001	4200000	6327
D07	4000001	5000000	6157
D07	4800001	5800000	7440
D07	5600001	6600000	8020
D07	6400001	7400000	7573
D07	7200001	8200000	7584
D07	8000001	9000000	7120
D07	8800001	9800000	7819
D07	9600001	10600000	8599
D07	10400001	11400000	7219
D07	11200001	12200000	9937
D07	12000001	13000000	9916
D07	12800001	13800000	9999
D07	13600001	14600000	11190
D07	14400001	15400000	9781
D07	15200001	16200000	10363
D07	16000001	17000000	10085
D07	16800001	17800000	10633
D07	17600001	18600000	11211
D07	18400001	19400000	9161
D07	19200001	20200000	8911
D07	20000001	21000000	10260
D07	20800001	21800000	10811
D07	21600001	22600000	10539
D07	22400001	23400000	11343
D07	23200001	24200000	11196
D07	24000001	25000000	11551
D07	24800001	25800000	11286
D07	25600001	26600000	11419
D07	26400001	27400000	11033
D07	27200001	28200000	11380
D07	28000001	29000000	12598
D07	28800001	29800000	11783
D07	29600001	30600000	11216
D07	30400001	31400000	9618
D07	31200001	32200000	10600
D07	32000001	33000000	10426
D07	32800001	33800000	11188
D07	33600001	34600000	10506
D07	34400001	35400000	10904
D07	35200001	36200000	10453
D07	36000001	37000000	10520
D07	36800001	37800000	11362
D07	37600001	38600000	10282
D07	38400001	39400000	8680
D07	39200001	40200000	9404
D07	40000001	41000000	11135
D07	40800001	41800000	11644
D07	41600001	42600000	11581
D07	42400001	43400000	10650
D07	43200001	44200000	12385
D07	44000001	45000000	9153
D07	44800001	45800000	9576
D07	45600001	46600000	11009
D07	46400001	47400000	11766
D07	47200001	48200000	11508
D07	48000001	49000000	10890
D07	48800001	49800000	9269
D07	49600001	50600000	7808
D07	50400001	51400000	9893
D07	51200001	52200000	7301
D07	52000001	53000000	8234
D07	52800001	53800000	8760
D07	53600001	54600000	7442
D07	54400001	55400000	6899
D07	55200001	55312611	1306
D08	1	1000000	6700
D08	800001	1800000	7609
D08	1600001	2600000	7311
D08	2400001	3400000	8176
D08	3200001	4200000	8218
D08	4000001	5000000	8739
D08	4800001	5800000	7563
D08	5600001	6600000	9491
D08	6400001	7400000	10627
D08	7200001	8200000	10355
D08	8000001	9000000	10689
D08	8800001	9800000	11037
D08	9600001	10600000	10367
D08	10400001	11400000	11774
D08	11200001	12200000	11504
D08	12000001	13000000	12449
D08	12800001	13800000	13194
D08	13600001	14600000	12403
D08	14400001	15400000	12113
D08	15200001	16200000	12463
D08	16000001	17000000	11624
D08	16800001	17800000	11285
D08	17600001	18600000	12022
D08	18400001	19400000	11311
D08	19200001	20200000	11336
D08	20000001	21000000	10464
D08	20800001	21800000	8657
D08	21600001	22600000	11175
D08	22400001	23400000	10225
D08	23200001	24200000	11250
D08	24000001	25000000	10698
D08	24800001	25800000	10367
D08	25600001	26600000	7089
D08	26400001	27400000	8767
D08	27200001	28200000	8452
D08	28000001	29000000	8716
D08	28800001	29800000	10435
D08	29600001	30600000	11051
D08	30400001	31400000	12004
D08	31200001	32200000	11851
D08	32000001	33000000	10481
D08	32800001	33800000	10987
D08	33600001	34600000	10921
D08	34400001	35400000	11647
D08	35200001	36200000	11151
D08	36000001	37000000	11658
D08	36800001	37800000	11942
D08	37600001	38600000	12016
D08	38400001	39400000	10914
D08	39200001	40200000	12173
D08	40000001	41000000	11871
D08	40800001	41800000	11596
D08	41600001	42600000	11167
D08	42400001	43400000	12580
D08	43200001	44200000	11810
D08	44000001	45000000	11543
D08	44800001	45800000	12460
D08	45600001	46600000	12429
D08	46400001	47400000	10217
D08	47200001	48200000	10200
D08	48000001	49000000	10729
D08	48800001	49800000	10194
D08	49600001	50600000	8652
D08	50400001	51400000	10424
D08	51200001	52200000	11145
D08	52000001	53000000	10035
D08	52800001	53800000	7988
D08	53600001	54600000	9706
D08	54400001	55400000	10398
D08	55200001	56200000	12033
D08	56000001	57000000	9719
D08	56800001	57800000	9445
D08	57600001	58600000	7646
D08	58400001	59400000	9026
D08	59200001	60200000	5436
D08	60000001	61000000	7663
D08	60800001	61800000	7858
D08	61600001	62600000	7648
D08	62400001	63400000	7059
D08	63200001	64200000	5681
D08	64000001	65000000	6022
D08	64800001	65800000	5943
D08	65600001	65894135	1217
D09	1	1000000	9447
D09	800001	1800000	9254
D09	1600001	2600000	10290
D09	2400001	3400000	10428
D09	3200001	4200000	11041
D09	4000001	5000000	10141
D09	4800001	5800000	9424
D09	5600001	6600000	9858
D09	6400001	7400000	10158
D09	7200001	8200000	8448
D09	8000001	9000000	9610
D09	8800001	9800000	11917
D09	9600001	10600000	11999
D09	10400001	11400000	10101
D09	11200001	12200000	11069
D09	12000001	13000000	11324
D09	12800001	13800000	11941
D09	13600001	14600000	10734
D09	14400001	15400000	11743
D09	15200001	16200000	8489
D09	16000001	17000000	8585
D09	16800001	17800000	10674
D09	17600001	18600000	10232
D09	18400001	19400000	10867
D09	19200001	20200000	10330
D09	20000001	21000000	11396
D09	20800001	21800000	11263
D09	21600001	22600000	11160
D09	22400001	23400000	12326
D09	23200001	24200000	11319
D09	24000001	25000000	12148
D09	24800001	25800000	10305
D09	25600001	26600000	11448
D09	26400001	27400000	12738
D09	27200001	28200000	11203
D09	28000001	29000000	11093
D09	28800001	29800000	10777
D09	29600001	30600000	11033
D09	30400001	31400000	9774
D09	31200001	32200000	9732
D09	32000001	33000000	9237
D09	32800001	33800000	8227
D09	33600001	34600000	8813
D09	34400001	35400000	9621
D09	35200001	36200000	7881
D09	36000001	37000000	6524
D09	36800001	37800000	7092
D09	37600001	38600000	6414
D09	38400001	39400000	6066
D09	39200001	40200000	6369
D09	40000001	41000000	7327
D09	40800001	41800000	6485
D09	41600001	42600000	4251
D09	42400001	43400000	5675
D09	43200001	44200000	5504
D09	44000001	45000000	6301
D09	44800001	45800000	6661
D09	45600001	46600000	5071
D09	46400001	47400000	4848
D09	47200001	48200000	3742
D09	48000001	49000000	4971
D09	48800001	49800000	5182
D09	49600001	50600000	6019
D09	50400001	50995436	3017
D10	1	1000000	5630
D10	800001	1800000	5075
D10	1600001	2600000	5846
D10	2400001	3400000	5142
D10	3200001	4200000	5816
D10	4000001	5000000	5928
D10	4800001	5800000	7570
D10	5600001	6600000	8341
D10	6400001	7400000	8394
D10	7200001	8200000	7950
D10	8000001	9000000	8684
D10	8800001	9800000	10382
D10	9600001	10600000	9133
D10	10400001	11400000	9940
D10	11200001	12200000	9651
D10	12000001	13000000	9764
D10	12800001	13800000	10659
D10	13600001	14600000	11309
D10	14400001	15400000	12039
D10	15200001	16200000	10849
D10	16000001	17000000	11026
D10	16800001	17800000	11139
D10	17600001	18600000	11156
D10	18400001	19400000	12946
D10	19200001	20200000	11268
D10	20000001	21000000	8950
D10	20800001	21800000	11907
D10	21600001	22600000	8894
D10	22400001	23400000	10275
D10	23200001	24200000	11969
D10	24000001	25000000	10747
D10	24800001	25800000	10146
D10	25600001	26600000	10317
D10	26400001	27400000	11152
D10	27200001	28200000	12244
D10	28000001	29000000	12543
D10	28800001	29800000	11489
D10	29600001	30600000	11040
D10	30400001	31400000	12319
D10	31200001	32200000	10783
D10	32000001	33000000	9509
D10	32800001	33800000	12051
D10	33600001	34600000	11052
D10	34400001	35400000	9734
D10	35200001	36200000	10193
D10	36000001	37000000	10972
D10	36800001	37800000	9813
D10	37600001	38600000	9049
D10	38400001	39400000	11403
D10	39200001	40200000	10486
D10	40000001	41000000	11399
D10	40800001	41800000	11815
D10	41600001	42600000	10817
D10	42400001	43400000	10816
D10	43200001	44200000	10960
D10	44000001	45000000	8957
D10	44800001	45800000	10347
D10	45600001	46600000	11562
D10	46400001	47400000	11547
D10	47200001	48200000	12494
D10	48000001	49000000	10993
D10	48800001	49800000	12006
D10	49600001	50600000	10931
D10	50400001	51400000	10461
D10	51200001	52200000	10952
D10	52000001	53000000	11008
D10	52800001	53800000	8881
D10	53600001	54600000	9140
D10	54400001	55400000	9554
D10	55200001	56200000	7767
D10	56000001	57000000	9132
D10	56800001	57800000	7783
D10	57600001	58600000	7801
D10	58400001	59400000	8104
D10	59200001	60200000	6392
D10	60000001	61000000	5470
D10	60800001	61800000	7367
D10	61600001	62600000	4410
D10	62400001	63400000	3913
D10	63200001	63374666	526
D11	1	1000000	5411
D11	800001	1800000	6138
D11	1600001	2600000	4394
D11	2400001	3400000	4772
D11	3200001	4200000	4392
D11	4000001	5000000	4757
D11	4800001	5800000	3757
D11	5600001	6600000	6213
D11	6400001	7400000	7053
D11	7200001	8200000	6115
D11	8000001	9000000	6111
D11	8800001	9800000	7027
D11	9600001	10600000	6636
D11	10400001	11400000	7831
D11	11200001	12200000	7650
D11	12000001	13000000	7506
D11	12800001	13800000	7245
D11	13600001	14600000	7582
D11	14400001	15400000	8091
D11	15200001	16200000	8519
D11	16000001	17000000	9272
D11	16800001	17800000	9585
D11	17600001	18600000	9905
D11	18400001	19400000	8926
D11	19200001	20200000	10741
D11	20000001	21000000	11233
D11	20800001	21800000	10071
D11	21600001	22600000	10592
D11	22400001	23400000	10318
D11	23200001	24200000	10640
D11	24000001	25000000	11344
D11	24800001	25800000	11629
D11	25600001	26600000	10614
D11	26400001	27400000	12114
D11	27200001	28200000	11515
D11	28000001	29000000	11444
D11	28800001	29800000	12995
D11	29600001	30600000	11052
D11	30400001	31400000	10971
D11	31200001	32200000	11155
D11	32000001	33000000	11176
D11	32800001	33800000	11088
D11	33600001	34600000	11435
D11	34400001	35400000	11121
D11	35200001	36200000	10107
D11	36000001	37000000	10195
D11	36800001	37800000	11234
D11	37600001	38600000	11353
D11	38400001	39400000	12442
D11	39200001	40200000	9002
D11	40000001	41000000	9606
D11	40800001	41800000	11047
D11	41600001	42600000	11920
D11	42400001	43400000	10419
D11	43200001	44200000	11652
D11	44000001	45000000	12572
D11	44800001	45800000	12903
D11	45600001	46600000	11959
D11	46400001	47400000	10908
D11	47200001	48200000	9539
D11	48000001	49000000	9318
D11	48800001	49800000	9982
D11	49600001	50600000	10893
D11	50400001	51400000	11091
D11	51200001	52200000	11116
D11	52000001	53000000	9089
D11	52800001	53800000	9279
D11	53600001	54600000	9087
D11	54400001	55400000	9809
D11	55200001	56200000	8868
D11	56000001	57000000	9536
D11	56800001	57800000	10157
D11	57600001	58600000	6387
D11	58400001	59400000	7662
D11	59200001	60200000	5353
D11	60000001	61000000	6142
D11	60800001	61800000	6524
D11	61600001	62600000	7389
D11	62400001	63400000	6397
D11	63200001	64200000	5626
D11	64000001	65000000	4852
D11	64800001	65800000	6069
D11	65600001	66087774	3338
D12	1	1000000	7453
D12	800001	1800000	7158
D12	1600001	2600000	7395
D12	2400001	3400000	7870
D12	3200001	4200000	8003
D12	4000001	5000000	10284
D12	4800001	5800000	8857
D12	5600001	6600000	8910
D12	6400001	7400000	9653
D12	7200001	8200000	10345
D12	8000001	9000000	10999
D12	8800001	9800000	11880
D12	9600001	10600000	11651
D12	10400001	11400000	10537
D12	11200001	12200000	9647
D12	12000001	13000000	11616
D12	12800001	13800000	12766
D12	13600001	14600000	11704
D12	14400001	15400000	11188
D12	15200001	16200000	11773
D12	16000001	17000000	12358
D12	16800001	17800000	11342
D12	17600001	18600000	11811
D12	18400001	19400000	10802
D12	19200001	20200000	10575
D12	20000001	21000000	11246
D12	20800001	21800000	11375
D12	21600001	22600000	11271
D12	22400001	23400000	11368
D12	23200001	24200000	9177
D12	24000001	25000000	11175
D12	24800001	25800000	10566
D12	25600001	26600000	12330
D12	26400001	27400000	11753
D12	27200001	28200000	11691
D12	28000001	29000000	9889
D12	28800001	29800000	10993
D12	29600001	30600000	10384
D12	30400001	31400000	11490
D12	31200001	32200000	11054
D12	32000001	33000000	10863
D12	32800001	33800000	10135
D12	33600001	34600000	11246
D12	34400001	35400000	10802
D12	35200001	36200000	10801
D12	36000001	37000000	11888
D12	36800001	37800000	10211
D12	37600001	38600000	10998
D12	38400001	39400000	10879
D12	39200001	40200000	9523
D12	40000001	41000000	10648
D12	40800001	41800000	10575
D12	41600001	42600000	10291
D12	42400001	43400000	9151
D12	43200001	44200000	7958
D12	44000001	45000000	9133
D12	44800001	45800000	9554
D12	45600001	46600000	9645
D12	46400001	47400000	7795
D12	47200001	48200000	7378
D12	48000001	49000000	9088
D12	48800001	49800000	8283
D12	49600001	50600000	7171
D12	50400001	51400000	8718
D12	51200001	52200000	7982
D12	52000001	53000000	7153
D12	52800001	53800000	6489
D12	53600001	54600000	6221
D12	54400001	55400000	6683
D12	55200001	56200000	4810
D12	56000001	57000000	5179
D12	56800001	57800000	5637
D12	57600001	58600000	5034
D12	58400001	59109837	3585
D13	1	1000000	4666
D13	800001	1800000	6416
D13	1600001	2600000	6672
D13	2400001	3400000	6697
D13	3200001	4200000	8119
D13	4000001	5000000	8132
D13	4800001	5800000	8021
D13	5600001	6600000	11681
D13	6400001	7400000	11726
D13	7200001	8200000	10899
D13	8000001	9000000	10812
D13	8800001	9800000	11419
D13	9600001	10600000	12221
D13	10400001	11400000	8639
D13	11200001	12200000	10696
D13	12000001	13000000	11372
D13	12800001	13800000	11375
D13	13600001	14600000	12331
D13	14400001	15400000	12033
D13	15200001	16200000	11571
D13	16000001	17000000	10971
D13	16800001	17800000	10443
D13	17600001	18600000	12234
D13	18400001	19400000	11263
D13	19200001	20200000	11383
D13	20000001	21000000	12209
D13	20800001	21800000	10551
D13	21600001	22600000	10751
D13	22400001	23400000	9205
D13	23200001	24200000	6861
D13	24000001	25000000	11421
D13	24800001	25800000	10843
D13	25600001	26600000	8485
D13	26400001	27400000	10136
D13	27200001	28200000	11514
D13	28000001	29000000	8725
D13	28800001	29800000	12747
D13	29600001	30600000	10708
D13	30400001	31400000	9889
D13	31200001	32200000	11117
D13	32000001	33000000	11690
D13	32800001	33800000	11524
D13	33600001	34600000	10712
D13	34400001	35400000	12010
D13	35200001	36200000	11532
D13	36000001	37000000	12091
D13	36800001	37800000	11452
D13	37600001	38600000	11188
D13	38400001	39400000	10125
D13	39200001	40200000	11244
D13	40000001	41000000	11868
D13	40800001	41800000	11059
D13	41600001	42600000	10870
D13	42400001	43400000	9726
D13	43200001	44200000	10476
D13	44000001	45000000	11373
D13	44800001	45800000	10847
D13	45600001	46600000	10593
D13	46400001	47400000	11975
D13	47200001	48200000	9522
D13	48000001	49000000	10329
D13	48800001	49800000	11073
D13	49600001	50600000	9406
D13	50400001	51400000	10084
D13	51200001	52200000	10485
D13	52000001	53000000	9073
D13	52800001	53800000	7930
D13	53600001	54600000	9160
D13	54400001	55400000	7596
D13	55200001	56200000	8479
D13	56000001	57000000	7725
D13	56800001	57800000	4867
D13	57600001	58600000	5944
D13	58400001	59400000	8345
D13	59200001	60200000	9004
D13	60000001	60534298	3023
