A01	1	1000000	1932
A01	800001	1800000	2783
A01	1600001	2600000	3052
A01	2400001	3400000	5434
A01	3200001	4200000	4600
A01	4000001	5000000	5711
A01	4800001	5800000	6270
A01	5600001	6600000	6345
A01	6400001	7400000	6643
A01	7200001	8200000	6353
A01	8000001	9000000	9997
A01	8800001	9800000	10211
A01	9600001	10600000	9965
A01	10400001	11400000	8269
A01	11200001	12200000	7533
A01	12000001	13000000	7785
A01	12800001	13800000	7334
A01	13600001	14600000	7303
A01	14400001	15400000	12262
A01	15200001	16200000	10423
A01	16000001	17000000	10101
A01	16800001	17800000	10003
A01	17600001	18600000	9023
A01	18400001	19400000	8319
A01	19200001	20200000	8094
A01	20000001	21000000	10401
A01	20800001	21800000	10365
A01	21600001	22600000	10755
A01	22400001	23400000	9470
A01	23200001	24200000	9963
A01	24000001	25000000	10645
A01	24800001	25800000	11547
A01	25600001	26600000	10744
A01	26400001	27400000	10524
A01	27200001	28200000	9330
A01	28000001	29000000	10126
A01	28800001	29800000	12892
A01	29600001	30600000	9933
A01	30400001	31400000	9852
A01	31200001	32200000	11597
A01	32000001	33000000	11058
A01	32800001	33800000	10381
A01	33600001	34600000	9775
A01	34400001	35400000	7969
A01	35200001	36200000	7921
A01	36000001	37000000	8543
A01	36800001	37800000	9036
A01	37600001	38600000	9512
A01	38400001	39400000	8638
A01	39200001	40200000	10647
A01	40000001	41000000	11770
A01	40800001	41800000	11087
A01	41600001	42600000	8662
A01	42400001	43400000	7259
A01	43200001	44200000	9208
A01	44000001	45000000	10719
A01	44800001	45800000	10409
A01	45600001	46600000	9886
A01	46400001	47400000	8010
A01	47200001	48200000	10798
A01	48000001	49000000	9871
A01	48800001	49800000	9163
A01	49600001	50600000	9541
A01	50400001	51400000	9767
A01	51200001	52200000	9362
A01	52000001	53000000	9162
A01	52800001	53800000	11930
A01	53600001	54600000	11236
A01	54400001	55400000	11142
A01	55200001	56200000	10846
A01	56000001	57000000	9464
A01	56800001	57800000	7714
A01	57600001	58600000	9697
A01	58400001	59400000	10264
A01	59200001	60200000	10501
A01	60000001	61000000	10688
A01	60800001	61800000	9857
A01	61600001	62600000	10032
A01	62400001	63400000	8794
A01	63200001	64200000	10034
A01	64000001	65000000	10627
A01	64800001	65800000	8503
A01	65600001	66600000	9035
A01	66400001	67400000	7757
A01	67200001	68200000	7265
A01	68000001	69000000	10414
A01	68800001	69800000	11422
A01	69600001	70600000	8224
A01	70400001	71400000	11533
A01	71200001	72200000	10474
A01	72000001	73000000	9528
A01	72800001	73800000	10495
A01	73600001	74600000	8449
A01	74400001	75400000	10785
A01	75200001	76200000	8427
A01	76000001	77000000	9654
A01	76800001	77800000	10176
A01	77600001	78600000	9871
A01	78400001	79400000	10645
A01	79200001	80200000	9156
A01	80000001	81000000	8216
A01	80800001	81800000	9247
A01	81600001	82600000	9467
A01	82400001	83400000	9744
A01	83200001	84200000	7790
A01	84000001	85000000	9120
A01	84800001	85800000	10862
A01	85600001	86600000	11025
A01	86400001	87400000	10644
A01	87200001	88200000	9792
A01	88000001	89000000	10001
A01	88800001	89800000	11452
A01	89600001	90600000	9112
A01	90400001	91400000	8104
A01	91200001	92200000	9054
A01	92000001	93000000	9001
A01	92800001	93800000	8501
A01	93600001	94600000	7680
A01	94400001	95400000	8039
A01	95200001	96200000	7116
A01	96000001	97000000	8117
A01	96800001	97800000	7439
A01	97600001	98600000	4134
A01	98400001	99400000	3481
A01	99200001	99884700	3076
A02	1	1000000	2371
A02	800001	1800000	2685
A02	1600001	2600000	5250
A02	2400001	3400000	4574
A02	3200001	4200000	4312
A02	4000001	5000000	7479
A02	4800001	5800000	7623
A02	5600001	6600000	7623
A02	6400001	7400000	6245
A02	7200001	8200000	7850
A02	8000001	9000000	9121
A02	8800001	9800000	10631
A02	9600001	10600000	10066
A02	10400001	11400000	8648
A02	11200001	12200000	8776
A02	12000001	13000000	11485
A02	12800001	13800000	11105
A02	13600001	14600000	10294
A02	14400001	15400000	9406
A02	15200001	16200000	9967
A02	16000001	17000000	10797
A02	16800001	17800000	11174
A02	17600001	18600000	10262
A02	18400001	19400000	9253
A02	19200001	20200000	11924
A02	20000001	21000000	9590
A02	20800001	21800000	11122
A02	21600001	22600000	10200
A02	22400001	23400000	8033
A02	23200001	24200000	11836
A02	24000001	25000000	10801
A02	24800001	25800000	11942
A02	25600001	26600000	9846
A02	26400001	27400000	8753
A02	27200001	28200000	8975
A02	28000001	29000000	9021
A02	28800001	29800000	11564
A02	29600001	30600000	10126
A02	30400001	31400000	10274
A02	31200001	32200000	10038
A02	32000001	33000000	11362
A02	32800001	33800000	9214
A02	33600001	34600000	10748
A02	34400001	35400000	11051
A02	35200001	36200000	8865
A02	36000001	37000000	10737
A02	36800001	37800000	10596
A02	37600001	38600000	11357
A02	38400001	39400000	10208
A02	39200001	40200000	9465
A02	40000001	41000000	8501
A02	40800001	41800000	8496
A02	41600001	42600000	10231
A02	42400001	43400000	11212
A02	43200001	44200000	10546
A02	44000001	45000000	9745
A02	44800001	45800000	11002
A02	45600001	46600000	10303
A02	46400001	47400000	9569
A02	47200001	48200000	9877
A02	48000001	49000000	9456
A02	48800001	49800000	8790
A02	49600001	50600000	11419
A02	50400001	51400000	10148
A02	51200001	52200000	11693
A02	52000001	53000000	8443
A02	52800001	53800000	10826
A02	53600001	54600000	10369
A02	54400001	55400000	10301
A02	55200001	56200000	9252
A02	56000001	57000000	9330
A02	56800001	57800000	8944
A02	57600001	58600000	10109
A02	58400001	59400000	9109
A02	59200001	60200000	11439
A02	60000001	61000000	9312
A02	60800001	61800000	9016
A02	61600001	62600000	9218
A02	62400001	63400000	10328
A02	63200001	64200000	8938
A02	64000001	65000000	9107
A02	64800001	65800000	9488
A02	65600001	66600000	10043
A02	66400001	67400000	10449
A02	67200001	68200000	9122
A02	68000001	69000000	9413
A02	68800001	69800000	12620
A02	69600001	70600000	9006
A02	70400001	71400000	10368
A02	71200001	72200000	11879
A02	72000001	73000000	12034
A02	72800001	73800000	10714
A02	73600001	74600000	10351
A02	74400001	75400000	10237
A02	75200001	76200000	8991
A02	76000001	77000000	10640
A02	76800001	77800000	11114
A02	77600001	78600000	9002
A02	78400001	79400000	6545
A02	79200001	80200000	6325
A02	80000001	81000000	6588
A02	80800001	81800000	6113
A02	81600001	82600000	4657
A02	82400001	83400000	1812
A02	83200001	83447906	209
A03	1	1000000	5257
A03	800001	1800000	4481
A03	1600001	2600000	3448
A03	2400001	3400000	3914
A03	3200001	4200000	5596
A03	4000001	5000000	5967
A03	4800001	5800000	8820
A03	5600001	6600000	7722
A03	6400001	7400000	6921
A03	7200001	8200000	8284
A03	8000001	9000000	9573
A03	8800001	9800000	10352
A03	9600001	10600000	8524
A03	10400001	11400000	10047
A03	11200001	12200000	9626
A03	12000001	13000000	9905
A03	12800001	13800000	11772
A03	13600001	14600000	10406
A03	14400001	15400000	10821
A03	15200001	16200000	11276
A03	16000001	17000000	9645
A03	16800001	17800000	9160
A03	17600001	18600000	11225
A03	18400001	19400000	10608
A03	19200001	20200000	9055
A03	20000001	21000000	10591
A03	20800001	21800000	9929
A03	21600001	22600000	7861
A03	22400001	23400000	9932
A03	23200001	24200000	9042
A03	24000001	25000000	9644
A03	24800001	25800000	9145
A03	25600001	26600000	8251
A03	26400001	27400000	8558
A03	27200001	28200000	10319
A03	28000001	29000000	8454
A03	28800001	29800000	8865
A03	29600001	30600000	8273
A03	30400001	31400000	9014
A03	31200001	32200000	8174
A03	32000001	33000000	9618
A03	32800001	33800000	11097
A03	33600001	34600000	7893
A03	34400001	35400000	8915
A03	35200001	36200000	4294
A03	36000001	37000000	8280
A03	36800001	37800000	7933
A03	37600001	38600000	8070
A03	38400001	39400000	10409
A03	39200001	40200000	10549
A03	40000001	41000000	9294
A03	40800001	41800000	7370
A03	41600001	42600000	9790
A03	42400001	43400000	7975
A03	43200001	44200000	10020
A03	44000001	45000000	10651
A03	44800001	45800000	10977
A03	45600001	46600000	8811
A03	46400001	47400000	7736
A03	47200001	48200000	8577
A03	48000001	49000000	11285
A03	48800001	49800000	9306
A03	49600001	50600000	7164
A03	50400001	51400000	6395
A03	51200001	52200000	7873
A03	52000001	53000000	7878
A03	52800001	53800000	7717
A03	53600001	54600000	7773
A03	54400001	55400000	6950
A03	55200001	56200000	8826
A03	56000001	57000000	8905
A03	56800001	57800000	9461
A03	57600001	58600000	9788
A03	58400001	59400000	11618
A03	59200001	60200000	10624
A03	60000001	61000000	9538
A03	60800001	61800000	9636
A03	61600001	62600000	8788
A03	62400001	63400000	10271
A03	63200001	64200000	10168
A03	64000001	65000000	11981
A03	64800001	65800000	11185
A03	65600001	66600000	12699
A03	66400001	67400000	9725
A03	67200001	68200000	10750
A03	68000001	69000000	9899
A03	68800001	69800000	8986
A03	69600001	70600000	8263
A03	70400001	71400000	9765
A03	71200001	72200000	9344
A03	72000001	73000000	11430
A03	72800001	73800000	7913
A03	73600001	74600000	9906
A03	74400001	75400000	8695
A03	75200001	76200000	9619
A03	76000001	77000000	10127
A03	76800001	77800000	11048
A03	77600001	78600000	10640
A03	78400001	79400000	11032
A03	79200001	80200000	11927
A03	80000001	81000000	8073
A03	80800001	81800000	8648
A03	81600001	82600000	10765
A03	82400001	83400000	11080
A03	83200001	84200000	7538
A03	84000001	85000000	8920
A03	84800001	85800000	9350
A03	85600001	86600000	9465
A03	86400001	87400000	8822
A03	87200001	88200000	11724
A03	88000001	89000000	9375
A03	88800001	89800000	9749
A03	89600001	90600000	10709
A03	90400001	91400000	8584
A03	91200001	92200000	9780
A03	92000001	93000000	9482
A03	92800001	93800000	8201
A03	93600001	94600000	7094
A03	94400001	95400000	6115
A03	95200001	96200000	5405
A03	96000001	97000000	7371
A03	96800001	97800000	3548
A03	97600001	98600000	4376
A03	98400001	99400000	2956
A03	99200001	100200000	2068
A03	100000001	100263045	518
A04	1	1000000	6083
A04	800001	1800000	5087
A04	1600001	2600000	5904
A04	2400001	3400000	7152
A04	3200001	4200000	5582
A04	4000001	5000000	5406
A04	4800001	5800000	8646
A04	5600001	6600000	8390
A04	6400001	7400000	7614
A04	7200001	8200000	9298
A04	8000001	9000000	10002
A04	8800001	9800000	9446
A04	9600001	10600000	9605
A04	10400001	11400000	8422
A04	11200001	12200000	9152
A04	12000001	13000000	9653
A04	12800001	13800000	9964
A04	13600001	14600000	9957
A04	14400001	15400000	11059
A04	15200001	16200000	9825
A04	16000001	17000000	10829
A04	16800001	17800000	9790
A04	17600001	18600000	9089
A04	18400001	19400000	9881
A04	19200001	20200000	9280
A04	20000001	21000000	10405
A04	20800001	21800000	8305
A04	21600001	22600000	9142
A04	22400001	23400000	7499
A04	23200001	24200000	9055
A04	24000001	25000000	9030
A04	24800001	25800000	9213
A04	25600001	26600000	10228
A04	26400001	27400000	10140
A04	27200001	28200000	10848
A04	28000001	29000000	8694
A04	28800001	29800000	8006
A04	29600001	30600000	10075
A04	30400001	31400000	9958
A04	31200001	32200000	9825
A04	32000001	33000000	8908
A04	32800001	33800000	6866
A04	33600001	34600000	7490
A04	34400001	35400000	10166
A04	35200001	36200000	9974
A04	36000001	37000000	10001
A04	36800001	37800000	10090
A04	37600001	38600000	9553
A04	38400001	39400000	11398
A04	39200001	40200000	10163
A04	40000001	41000000	10282
A04	40800001	41800000	9361
A04	41600001	42600000	8176
A04	42400001	43400000	7548
A04	43200001	44200000	9700
A04	44000001	45000000	11074
A04	44800001	45800000	10462
A04	45600001	46600000	10595
A04	46400001	47400000	9030
A04	47200001	48200000	11445
A04	48000001	49000000	10041
A04	48800001	49800000	10132
A04	49600001	50600000	9895
A04	50400001	51400000	10944
A04	51200001	52200000	10657
A04	52000001	53000000	9636
A04	52800001	53800000	9602
A04	53600001	54600000	7357
A04	54400001	55400000	9631
A04	55200001	56200000	8591
A04	56000001	57000000	9767
A04	56800001	57800000	8384
A04	57600001	58600000	8758
A04	58400001	59400000	6302
A04	59200001	60200000	6901
A04	60000001	61000000	4847
A04	60800001	61800000	5247
A04	61600001	62600000	3227
A04	62400001	62913772	874
A05	1	1000000	3205
A05	800001	1800000	2236
A05	1600001	2600000	2141
A05	2400001	3400000	1829
A05	3200001	4200000	1611
A05	4000001	5000000	2495
A05	4800001	5800000	1728
A05	5600001	6600000	1879
A05	6400001	7400000	2568
A05	7200001	8200000	2423
A05	8000001	9000000	1759
A05	8800001	9800000	2132
A05	9600001	10600000	2398
A05	10400001	11400000	2150
A05	11200001	12200000	2225
A05	12000001	13000000	2846
A05	12800001	13800000	4045
A05	13600001	14600000	3450
A05	14400001	15400000	3110
A05	15200001	16200000	3187
A05	16000001	17000000	3970
A05	16800001	17800000	3853
A05	17600001	18600000	4740
A05	18400001	19400000	2779
A05	19200001	20200000	3737
A05	20000001	21000000	5393
A05	20800001	21800000	4989
A05	21600001	22600000	5502
A05	22400001	23400000	8049
A05	23200001	24200000	5350
A05	24000001	25000000	5456
A05	24800001	25800000	6796
A05	25600001	26600000	8788
A05	26400001	27400000	6283
A05	27200001	28200000	6603
A05	28000001	29000000	8529
A05	28800001	29800000	8541
A05	29600001	30600000	8252
A05	30400001	31400000	10283
A05	31200001	32200000	10308
A05	32000001	33000000	9443
A05	32800001	33800000	11272
A05	33600001	34600000	9601
A05	34400001	35400000	9734
A05	35200001	36200000	9527
A05	36000001	37000000	9474
A05	36800001	37800000	11846
A05	37600001	38600000	11579
A05	38400001	39400000	11101
A05	39200001	40200000	10345
A05	40000001	41000000	8230
A05	40800001	41800000	9576
A05	41600001	42600000	9784
A05	42400001	43400000	10749
A05	43200001	44200000	9526
A05	44000001	45000000	10955
A05	44800001	45800000	8789
A05	45600001	46600000	7831
A05	46400001	47400000	9457
A05	47200001	48200000	11271
A05	48000001	49000000	8876
A05	48800001	49800000	7985
A05	49600001	50600000	10338
A05	50400001	51400000	11957
A05	51200001	52200000	10458
A05	52000001	53000000	10207
A05	52800001	53800000	7548
A05	53600001	54600000	10784
A05	54400001	55400000	10227
A05	55200001	56200000	10940
A05	56000001	57000000	8975
A05	56800001	57800000	10975
A05	57600001	58600000	10260
A05	58400001	59400000	9063
A05	59200001	60200000	7889
A05	60000001	61000000	8780
A05	60800001	61800000	10132
A05	61600001	62600000	10862
A05	62400001	63400000	9228
A05	63200001	64200000	6897
A05	64000001	65000000	10511
A05	64800001	65800000	10657
A05	65600001	66600000	8979
A05	66400001	67400000	9700
A05	67200001	68200000	7705
A05	68000001	69000000	8974
A05	68800001	69800000	11630
A05	69600001	70600000	11399
A05	70400001	71400000	9571
A05	71200001	72200000	8789
A05	72000001	73000000	10077
A05	72800001	73800000	10079
A05	73600001	74600000	9827
A05	74400001	75400000	10566
A05	75200001	76200000	10132
A05	76000001	77000000	10776
A05	76800001	77800000	9997
A05	77600001	78600000	7973
A05	78400001	79400000	9713
A05	79200001	80200000	10215
A05	80000001	81000000	9195
A05	80800001	81800000	8409
A05	81600001	82600000	10018
A05	82400001	83400000	10021
A05	83200001	84200000	7222
A05	84000001	85000000	8115
A05	84800001	85800000	7067
A05	85600001	86600000	6512
A05	86400001	87400000	5904
A05	87200001	88200000	5482
A05	88000001	89000000	5829
A05	88800001	89800000	5764
A05	89600001	90600000	6476
A05	90400001	91400000	3902
A05	91200001	92200000	2495
A05	92000001	92047023	105
A06	1	1000000	2178
A06	800001	1800000	4045
A06	1600001	2600000	4732
A06	2400001	3400000	5427
A06	3200001	4200000	6593
A06	4000001	5000000	10255
A06	4800001	5800000	7976
A06	5600001	6600000	9008
A06	6400001	7400000	6605
A06	7200001	8200000	9610
A06	8000001	9000000	9823
A06	8800001	9800000	8295
A06	9600001	10600000	8944
A06	10400001	11400000	9617
A06	11200001	12200000	11644
A06	12000001	13000000	10410
A06	12800001	13800000	9173
A06	13600001	14600000	9309
A06	14400001	15400000	8525
A06	15200001	16200000	9306
A06	16000001	17000000	11264
A06	16800001	17800000	9937
A06	17600001	18600000	10546
A06	18400001	19400000	10908
A06	19200001	20200000	11706
A06	20000001	21000000	12233
A06	20800001	21800000	11098
A06	21600001	22600000	10455
A06	22400001	23400000	10479
A06	23200001	24200000	9464
A06	24000001	25000000	9824
A06	24800001	25800000	9114
A06	25600001	26600000	7185
A06	26400001	27400000	9428
A06	27200001	28200000	11462
A06	28000001	29000000	11392
A06	28800001	29800000	10310
A06	29600001	30600000	8537
A06	30400001	31400000	10491
A06	31200001	32200000	9961
A06	32000001	33000000	9862
A06	32800001	33800000	9138
A06	33600001	34600000	10903
A06	34400001	35400000	9478
A06	35200001	36200000	10337
A06	36000001	37000000	10607
A06	36800001	37800000	10715
A06	37600001	38600000	11261
A06	38400001	39400000	10618
A06	39200001	40200000	12675
A06	40000001	41000000	9932
A06	40800001	41800000	9297
A06	41600001	42600000	9513
A06	42400001	43400000	11081
A06	43200001	44200000	8440
A06	44000001	45000000	8056
A06	44800001	45800000	10987
A06	45600001	46600000	8234
A06	46400001	47400000	7605
A06	47200001	48200000	8053
A06	48000001	49000000	10241
A06	48800001	49800000	10304
A06	49600001	50600000	9116
A06	50400001	51400000	8467
A06	51200001	52200000	9540
A06	52000001	53000000	8806
A06	52800001	53800000	6596
A06	53600001	54600000	7914
A06	54400001	55400000	8884
A06	55200001	56200000	7999
A06	56000001	57000000	6947
A06	56800001	57800000	7877
A06	57600001	58600000	8594
A06	58400001	59400000	10085
A06	59200001	60200000	8114
A06	60000001	61000000	8839
A06	60800001	61800000	9812
A06	61600001	62600000	6689
A06	62400001	63400000	8623
A06	63200001	64200000	9905
A06	64000001	65000000	8537
A06	64800001	65800000	8952
A06	65600001	66600000	10459
A06	66400001	67400000	10459
A06	67200001	68200000	9993
A06	68000001	69000000	9654
A06	68800001	69800000	7757
A06	69600001	70600000	9958
A06	70400001	71400000	7589
A06	71200001	72200000	8957
A06	72000001	73000000	7944
A06	72800001	73800000	10298
A06	73600001	74600000	7026
A06	74400001	75400000	9262
A06	75200001	76200000	9637
A06	76000001	77000000	10496
A06	76800001	77800000	10725
A06	77600001	78600000	10323
A06	78400001	79400000	10697
A06	79200001	80200000	9621
A06	80000001	81000000	8784
A06	80800001	81800000	10060
A06	81600001	82600000	9233
A06	82400001	83400000	9414
A06	83200001	84200000	9970
A06	84000001	85000000	8956
A06	84800001	85800000	9271
A06	85600001	86600000	8874
A06	86400001	87400000	10267
A06	87200001	88200000	10846
A06	88000001	89000000	10466
A06	88800001	89800000	10831
A06	89600001	90600000	10381
A06	90400001	91400000	11836
A06	91200001	92200000	11535
A06	92000001	93000000	11228
A06	92800001	93800000	10036
A06	93600001	94600000	10764
A06	94400001	95400000	9586
A06	95200001	96200000	8683
A06	96000001	97000000	8396
A06	96800001	97800000	7636
A06	97600001	98600000	8968
A06	98400001	99400000	8831
A06	99200001	100200000	6628
A06	100000001	101000000	6968
A06	100800001	101800000	5161
A06	101600001	102600000	2732
A06	102400001	103170444	2079
A07	1	1000000	2894
A07	800001	1800000	2388
A07	1600001	2600000	2776
A07	2400001	3400000	3382
A07	3200001	4200000	3786
A07	4000001	5000000	2413
A07	4800001	5800000	4766
A07	5600001	6600000	5053
A07	6400001	7400000	7783
A07	7200001	8200000	6567
A07	8000001	9000000	5375
A07	8800001	9800000	7453
A07	9600001	10600000	9519
A07	10400001	11400000	10897
A07	11200001	12200000	9784
A07	12000001	13000000	9048
A07	12800001	13800000	9415
A07	13600001	14600000	7402
A07	14400001	15400000	10621
A07	15200001	16200000	9421
A07	16000001	17000000	7832
A07	16800001	17800000	9070
A07	17600001	18600000	7273
A07	18400001	19400000	10053
A07	19200001	20200000	10057
A07	20000001	21000000	9178
A07	20800001	21800000	10245
A07	21600001	22600000	10838
A07	22400001	23400000	8133
A07	23200001	24200000	9641
A07	24000001	25000000	10508
A07	24800001	25800000	9331
A07	25600001	26600000	8461
A07	26400001	27400000	9410
A07	27200001	28200000	12949
A07	28000001	29000000	9022
A07	28800001	29800000	8812
A07	29600001	30600000	10850
A07	30400001	31400000	9560
A07	31200001	32200000	8968
A07	32000001	33000000	10033
A07	32800001	33800000	10620
A07	33600001	34600000	8253
A07	34400001	35400000	7604
A07	35200001	36200000	10000
A07	36000001	37000000	8697
A07	36800001	37800000	10050
A07	37600001	38600000	11220
A07	38400001	39400000	11269
A07	39200001	40200000	9457
A07	40000001	41000000	11445
A07	40800001	41800000	11109
A07	41600001	42600000	9198
A07	42400001	43400000	7451
A07	43200001	44200000	7914
A07	44000001	45000000	10592
A07	44800001	45800000	10893
A07	45600001	46600000	10382
A07	46400001	47400000	8267
A07	47200001	48200000	9714
A07	48000001	49000000	9085
A07	48800001	49800000	7196
A07	49600001	50600000	8831
A07	50400001	51400000	9096
A07	51200001	52200000	10695
A07	52000001	53000000	10713
A07	52800001	53800000	9390
A07	53600001	54600000	8352
A07	54400001	55400000	10403
A07	55200001	56200000	10591
A07	56000001	57000000	8733
A07	56800001	57800000	8821
A07	57600001	58600000	10688
A07	58400001	59400000	8871
A07	59200001	60200000	6682
A07	60000001	61000000	9835
A07	60800001	61800000	10029
A07	61600001	62600000	10988
A07	62400001	63400000	10146
A07	63200001	64200000	9606
A07	64000001	65000000	10097
A07	64800001	65800000	9946
A07	65600001	66600000	11184
A07	66400001	67400000	9742
A07	67200001	68200000	10743
A07	68000001	69000000	9983
A07	68800001	69800000	9941
A07	69600001	70600000	9036
A07	70400001	71400000	9722
A07	71200001	72200000	8690
A07	72000001	73000000	8207
A07	72800001	73800000	6105
A07	73600001	74600000	7184
A07	74400001	75400000	6047
A07	75200001	76200000	7499
A07	76000001	77000000	5884
A07	76800001	77800000	6173
A07	77600001	78251018	4170
A08	1	1000000	2628
A08	800001	1800000	3980
A08	1600001	2600000	4842
A08	2400001	3400000	7278
A08	3200001	4200000	4978
A08	4000001	5000000	6884
A08	4800001	5800000	5764
A08	5600001	6600000	6326
A08	6400001	7400000	8141
A08	7200001	8200000	8853
A08	8000001	9000000	8781
A08	8800001	9800000	9763
A08	9600001	10600000	9739
A08	10400001	11400000	9546
A08	11200001	12200000	10878
A08	12000001	13000000	10045
A08	12800001	13800000	9825
A08	13600001	14600000	9953
A08	14400001	15400000	7635
A08	15200001	16200000	8930
A08	16000001	17000000	10160
A08	16800001	17800000	10520
A08	17600001	18600000	10209
A08	18400001	19400000	10597
A08	19200001	20200000	8854
A08	20000001	21000000	9452
A08	20800001	21800000	9537
A08	21600001	22600000	10646
A08	22400001	23400000	9674
A08	23200001	24200000	8972
A08	24000001	25000000	9734
A08	24800001	25800000	10144
A08	25600001	26600000	10038
A08	26400001	27400000	10296
A08	27200001	28200000	8675
A08	28000001	29000000	7072
A08	28800001	29800000	8514
A08	29600001	30600000	8825
A08	30400001	31400000	6494
A08	31200001	32200000	6764
A08	32000001	33000000	7255
A08	32800001	33800000	8228
A08	33600001	34600000	9056
A08	34400001	35400000	9515
A08	35200001	36200000	9416
A08	36000001	37000000	9492
A08	36800001	37800000	8040
A08	37600001	38600000	8144
A08	38400001	39400000	8879
A08	39200001	40200000	8091
A08	40000001	41000000	9717
A08	40800001	41800000	7308
A08	41600001	42600000	7836
A08	42400001	43400000	9826
A08	43200001	44200000	9242
A08	44000001	45000000	9517
A08	44800001	45800000	6147
A08	45600001	46600000	4066
A08	46400001	47400000	7144
A08	47200001	48200000	8791
A08	48000001	49000000	8847
A08	48800001	49800000	9226
A08	49600001	50600000	8811
A08	50400001	51400000	6267
A08	51200001	52200000	9770
A08	52000001	53000000	8826
A08	52800001	53800000	10191
A08	53600001	54600000	8498
A08	54400001	55400000	3825
A08	55200001	56200000	9645
A08	56000001	57000000	7666
A08	56800001	57800000	8137
A08	57600001	58600000	10528
A08	58400001	59400000	8000
A08	59200001	60200000	9303
A08	60000001	61000000	8007
A08	60800001	61800000	9350
A08	61600001	62600000	8605
A08	62400001	63400000	8775
A08	63200001	64200000	8614
A08	64000001	65000000	9813
A08	64800001	65800000	11442
A08	65600001	66600000	11909
A08	66400001	67400000	9977
A08	67200001	68200000	9037
A08	68000001	69000000	9693
A08	68800001	69800000	9486
A08	69600001	70600000	10268
A08	70400001	71400000	10691
A08	71200001	72200000	11735
A08	72000001	73000000	9085
A08	72800001	73800000	9022
A08	73600001	74600000	10757
A08	74400001	75400000	8476
A08	75200001	76200000	10084
A08	76000001	77000000	10185
A08	76800001	77800000	10232
A08	77600001	78600000	10399
A08	78400001	79400000	10802
A08	79200001	80200000	10136
A08	80000001	81000000	10884
A08	80800001	81800000	10773
A08	81600001	82600000	9051
A08	82400001	83400000	9374
A08	83200001	84200000	9559
A08	84000001	85000000	10241
A08	84800001	85800000	8623
A08	85600001	86600000	10426
A08	86400001	87400000	10401
A08	87200001	88200000	9948
A08	88000001	89000000	10675
A08	88800001	89800000	7817
A08	89600001	90600000	4822
A08	90400001	91400000	8571
A08	91200001	92200000	10379
A08	92000001	93000000	9420
A08	92800001	93800000	11472
A08	93600001	94600000	9269
A08	94400001	95400000	9737
A08	95200001	96200000	4544
A08	96000001	97000000	5254
A08	96800001	97800000	5571
A08	97600001	98600000	4861
A08	98400001	99400000	4845
A08	99200001	100200000	5543
A08	100000001	101000000	3955
A08	100800001	101800000	1966
A08	101600001	102600000	2138
A08	102400001	103400000	2314
A08	103200001	103626341	1897
A09	1	1000000	7919
A09	800001	1800000	8094
A09	1600001	2600000	8629
A09	2400001	3400000	6895
A09	3200001	4200000	9131
A09	4000001	5000000	9578
A09	4800001	5800000	8465
A09	5600001	6600000	8409
A09	6400001	7400000	10234
A09	7200001	8200000	9613
A09	8000001	9000000	10655
A09	8800001	9800000	10409
A09	9600001	10600000	10775
A09	10400001	11400000	10175
A09	11200001	12200000	10471
A09	12000001	13000000	9568
A09	12800001	13800000	11950
A09	13600001	14600000	9108
A09	14400001	15400000	9100
A09	15200001	16200000	8980
A09	16000001	17000000	8213
A09	16800001	17800000	10352
A09	17600001	18600000	9988
A09	18400001	19400000	8903
A09	19200001	20200000	10807
A09	20000001	21000000	9621
A09	20800001	21800000	7544
A09	21600001	22600000	8276
A09	22400001	23400000	10493
A09	23200001	24200000	7837
A09	24000001	25000000	9291
A09	24800001	25800000	6357
A09	25600001	26600000	8860
A09	26400001	27400000	9504
A09	27200001	28200000	8433
A09	28000001	29000000	8503
A09	28800001	29800000	7445
A09	29600001	30600000	8052
A09	30400001	31400000	10158
A09	31200001	32200000	9294
A09	32000001	33000000	9441
A09	32800001	33800000	9879
A09	33600001	34600000	10713
A09	34400001	35400000	9386
A09	35200001	36200000	7693
A09	36000001	37000000	9051
A09	36800001	37800000	11170
A09	37600001	38600000	10028
A09	38400001	39400000	10042
A09	39200001	40200000	10465
A09	40000001	41000000	9953
A09	40800001	41800000	10930
A09	41600001	42600000	12501
A09	42400001	43400000	11077
A09	43200001	44200000	12141
A09	44000001	45000000	10881
A09	44800001	45800000	10145
A09	45600001	46600000	10255
A09	46400001	47400000	10411
A09	47200001	48200000	8972
A09	48000001	49000000	8100
A09	48800001	49800000	10137
A09	49600001	50600000	9653
A09	50400001	51400000	11661
A09	51200001	52200000	10542
A09	52000001	53000000	7283
A09	52800001	53800000	8087
A09	53600001	54600000	9891
A09	54400001	55400000	6800
A09	55200001	56200000	5719
A09	56000001	57000000	9273
A09	56800001	57800000	7941
A09	57600001	58600000	6547
A09	58400001	59400000	6191
A09	59200001	60200000	6094
A09	60000001	61000000	5508
A09	60800001	61800000	6950
A09	61600001	62600000	8506
A09	62400001	63400000	5863
A09	63200001	64200000	6356
A09	64000001	65000000	5305
A09	64800001	65800000	4628
A09	65600001	66600000	6496
A09	66400001	67400000	5009
A09	67200001	68200000	3388
A09	68000001	69000000	3669
A09	68800001	69800000	2357
A09	69600001	70600000	2350
A09	70400001	71400000	3315
A09	71200001	72200000	3006
A09	72000001	73000000	2113
A09	72800001	73800000	1963
A09	73600001	74600000	3245
A09	74400001	74999931	1021
A10	1	1000000	2544
A10	800001	1800000	4043
A10	1600001	2600000	2383
A10	2400001	3400000	2424
A10	3200001	4200000	3989
A10	4000001	5000000	4852
A10	4800001	5800000	5809
A10	5600001	6600000	7525
A10	6400001	7400000	8022
A10	7200001	8200000	10756
A10	8000001	9000000	11625
A10	8800001	9800000	10305
A10	9600001	10600000	8640
A10	10400001	11400000	8470
A10	11200001	12200000	7084
A10	12000001	13000000	5492
A10	12800001	13800000	8488
A10	13600001	14600000	10859
A10	14400001	15400000	10091
A10	15200001	16200000	10561
A10	16000001	17000000	9667
A10	16800001	17800000	9958
A10	17600001	18600000	10094
A10	18400001	19400000	9527
A10	19200001	20200000	12383
A10	20000001	21000000	7386
A10	20800001	21800000	9479
A10	21600001	22600000	10586
A10	22400001	23400000	8906
A10	23200001	24200000	7668
A10	24000001	25000000	7663
A10	24800001	25800000	10095
A10	25600001	26600000	8805
A10	26400001	27400000	8380
A10	27200001	28200000	9293
A10	28000001	29000000	10582
A10	28800001	29800000	9267
A10	29600001	30600000	8272
A10	30400001	31400000	7366
A10	31200001	32200000	9417
A10	32000001	33000000	8475
A10	32800001	33800000	7482
A10	33600001	34600000	11022
A10	34400001	35400000	11865
A10	35200001	36200000	9219
A10	36000001	37000000	6968
A10	36800001	37800000	8102
A10	37600001	38600000	8504
A10	38400001	39400000	9701
A10	39200001	40200000	8777
A10	40000001	41000000	9240
A10	40800001	41800000	7401
A10	41600001	42600000	8704
A10	42400001	43400000	10157
A10	43200001	44200000	8307
A10	44000001	45000000	8566
A10	44800001	45800000	9011
A10	45600001	46600000	9756
A10	46400001	47400000	8708
A10	47200001	48200000	10979
A10	48000001	49000000	9623
A10	48800001	49800000	9413
A10	49600001	50600000	11245
A10	50400001	51400000	10140
A10	51200001	52200000	9749
A10	52000001	53000000	10462
A10	52800001	53800000	8228
A10	53600001	54600000	8884
A10	54400001	55400000	9613
A10	55200001	56200000	7254
A10	56000001	57000000	9189
A10	56800001	57800000	9387
A10	57600001	58600000	10972
A10	58400001	59400000	10179
A10	59200001	60200000	10739
A10	60000001	61000000	11600
A10	60800001	61800000	11660
A10	61600001	62600000	11433
A10	62400001	63400000	8457
A10	63200001	64200000	9768
A10	64000001	65000000	8929
A10	64800001	65800000	9235
A10	65600001	66600000	9756
A10	66400001	67400000	10114
A10	67200001	68200000	7993
A10	68000001	69000000	9995
A10	68800001	69800000	9677
A10	69600001	70600000	10181
A10	70400001	71400000	9977
A10	71200001	72200000	10072
A10	72000001	73000000	9118
A10	72800001	73800000	9209
A10	73600001	74600000	9778
A10	74400001	75400000	8871
A10	75200001	76200000	8571
A10	76000001	77000000	9080
A10	76800001	77800000	10755
A10	77600001	78600000	11310
A10	78400001	79400000	10904
A10	79200001	80200000	12100
A10	80000001	81000000	11828
A10	80800001	81800000	9165
A10	81600001	82600000	11367
A10	82400001	83400000	11736
A10	83200001	84200000	9901
A10	84000001	85000000	10571
A10	84800001	85800000	7142
A10	85600001	86600000	8953
A10	86400001	87400000	9564
A10	87200001	88200000	8645
A10	88000001	89000000	9063
A10	88800001	89800000	10804
A10	89600001	90600000	8964
A10	90400001	91400000	6945
A10	91200001	92200000	6970
A10	92000001	93000000	8428
A10	92800001	93800000	8028
A10	93600001	94600000	8065
A10	94400001	95400000	5698
A10	95200001	96200000	6003
A10	96000001	97000000	4268
A10	96800001	97800000	6035
A10	97600001	98600000	6483
A10	98400001	99400000	6738
A10	99200001	100200000	4780
A10	100000001	101000000	3761
A10	100800001	100866604	31
A11	1	1000000	3350
A11	800001	1800000	2635
A11	1600001	2600000	2419
A11	2400001	3400000	2413
A11	3200001	4200000	3209
A11	4000001	5000000	3278
A11	4800001	5800000	3777
A11	5600001	6600000	2892
A11	6400001	7400000	4291
A11	7200001	8200000	2702
A11	8000001	9000000	4197
A11	8800001	9800000	6239
A11	9600001	10600000	5786
A11	10400001	11400000	5224
A11	11200001	12200000	5275
A11	12000001	13000000	6218
A11	12800001	13800000	7694
A11	13600001	14600000	8657
A11	14400001	15400000	6532
A11	15200001	16200000	7007
A11	16000001	17000000	9528
A11	16800001	17800000	6573
A11	17600001	18600000	7245
A11	18400001	19400000	9654
A11	19200001	20200000	8639
A11	20000001	21000000	8389
A11	20800001	21800000	9820
A11	21600001	22600000	7498
A11	22400001	23400000	9009
A11	23200001	24200000	9359
A11	24000001	25000000	9513
A11	24800001	25800000	9255
A11	25600001	26600000	10434
A11	26400001	27400000	11486
A11	27200001	28200000	10738
A11	28000001	29000000	9539
A11	28800001	29800000	9594
A11	29600001	30600000	10523
A11	30400001	31400000	8294
A11	31200001	32200000	10181
A11	32000001	33000000	10349
A11	32800001	33800000	9878
A11	33600001	34600000	9333
A11	34400001	35400000	8714
A11	35200001	36200000	9368
A11	36000001	37000000	11255
A11	36800001	37800000	11718
A11	37600001	38600000	8518
A11	38400001	39400000	8189
A11	39200001	40200000	7565
A11	40000001	41000000	11066
A11	40800001	41800000	7732
A11	41600001	42600000	7962
A11	42400001	43400000	10889
A11	43200001	44200000	10817
A11	44000001	45000000	8540
A11	44800001	45800000	7618
A11	45600001	46600000	10243
A11	46400001	47400000	10383
A11	47200001	48200000	9468
A11	48000001	49000000	7995
A11	48800001	49800000	9883
A11	49600001	50600000	9620
A11	50400001	51400000	9195
A11	51200001	52200000	9617
A11	52000001	53000000	11224
A11	52800001	53800000	10182
A11	53600001	54600000	9172
A11	54400001	55400000	7601
A11	55200001	56200000	8098
A11	56000001	57000000	9902
A11	56800001	57800000	8383
A11	57600001	58600000	9045
A11	58400001	59400000	8687
A11	59200001	60200000	8927
A11	60000001	61000000	11911
A11	60800001	61800000	9428
A11	61600001	62600000	9355
A11	62400001	63400000	10387
A11	63200001	64200000	10620
A11	64000001	65000000	10221
A11	64800001	65800000	10545
A11	65600001	66600000	9646
A11	66400001	67400000	8389
A11	67200001	68200000	10247
A11	68000001	69000000	11032
A11	68800001	69800000	11911
A11	69600001	70600000	8863
A11	70400001	71400000	9989
A11	71200001	72200000	8448
A11	72000001	73000000	9909
A11	72800001	73800000	9767
A11	73600001	74600000	7862
A11	74400001	75400000	8855
A11	75200001	76200000	9318
A11	76000001	77000000	7957
A11	76800001	77800000	9171
A11	77600001	78600000	10176
A11	78400001	79400000	10318
A11	79200001	80200000	10384
A11	80000001	81000000	8719
A11	80800001	81800000	7341
A11	81600001	82600000	7969
A11	82400001	83400000	6209
A11	83200001	84200000	4910
A11	84000001	85000000	7836
A11	84800001	85800000	7406
A11	85600001	86600000	8517
A11	86400001	87400000	7613
A11	87200001	88200000	6623
A11	88000001	89000000	3976
A11	88800001	89800000	5433
A11	89600001	90600000	5847
A11	90400001	91400000	5512
A11	91200001	92200000	5265
A11	92000001	93000000	4287
A11	92800001	93316192	1074
A12	1	1000000	4756
A12	800001	1800000	5732
A12	1600001	2600000	5449
A12	2400001	3400000	6438
A12	3200001	4200000	6807
A12	4000001	5000000	8505
A12	4800001	5800000	9887
A12	5600001	6600000	8986
A12	6400001	7400000	7418
A12	7200001	8200000	9313
A12	8000001	9000000	8238
A12	8800001	9800000	9510
A12	9600001	10600000	6956
A12	10400001	11400000	10116
A12	11200001	12200000	12203
A12	12000001	13000000	10249
A12	12800001	13800000	9342
A12	13600001	14600000	9348
A12	14400001	15400000	9949
A12	15200001	16200000	11130
A12	16000001	17000000	11143
A12	16800001	17800000	10343
A12	17600001	18600000	11368
A12	18400001	19400000	12728
A12	19200001	20200000	10003
A12	20000001	21000000	11015
A12	20800001	21800000	11320
A12	21600001	22600000	10292
A12	22400001	23400000	10254
A12	23200001	24200000	9966
A12	24000001	25000000	8106
A12	24800001	25800000	7254
A12	25600001	26600000	7718
A12	26400001	27400000	10637
A12	27200001	28200000	9900
A12	28000001	29000000	11115
A12	28800001	29800000	11910
A12	29600001	30600000	11062
A12	30400001	31400000	7750
A12	31200001	32200000	7379
A12	32000001	33000000	9320
A12	32800001	33800000	8478
A12	33600001	34600000	7789
A12	34400001	35400000	8149
A12	35200001	36200000	7277
A12	36000001	37000000	7328
A12	36800001	37800000	8014
A12	37600001	38600000	10961
A12	38400001	39400000	9917
A12	39200001	40200000	10832
A12	40000001	41000000	10350
A12	40800001	41800000	9833
A12	41600001	42600000	10455
A12	42400001	43400000	9682
A12	43200001	44200000	8882
A12	44000001	45000000	8614
A12	44800001	45800000	10165
A12	45600001	46600000	9658
A12	46400001	47400000	8108
A12	47200001	48200000	9612
A12	48000001	49000000	8481
A12	48800001	49800000	11125
A12	49600001	50600000	7109
A12	50400001	51400000	11220
A12	51200001	52200000	9023
A12	52000001	53000000	10058
A12	52800001	53800000	10267
A12	53600001	54600000	10129
A12	54400001	55400000	10844
A12	55200001	56200000	10069
A12	56000001	57000000	10653
A12	56800001	57800000	9181
A12	57600001	58600000	9530
A12	58400001	59400000	9586
A12	59200001	60200000	8325
A12	60000001	61000000	7695
A12	60800001	61800000	7445
A12	61600001	62600000	10459
A12	62400001	63400000	10191
A12	63200001	64200000	8146
A12	64000001	65000000	7224
A12	64800001	65800000	7752
A12	65600001	66600000	6844
A12	66400001	67400000	8419
A12	67200001	68200000	9250
A12	68000001	69000000	8899
A12	68800001	69800000	8031
A12	69600001	70600000	10382
A12	70400001	71400000	9889
A12	71200001	72200000	9838
A12	72000001	73000000	8706
A12	72800001	73800000	7221
A12	73600001	74600000	6115
A12	74400001	75400000	8443
A12	75200001	76200000	8627
A12	76000001	77000000	7395
A12	76800001	77800000	6965
A12	77600001	78600000	5235
A12	78400001	79400000	5806
A12	79200001	80200000	6578
A12	80000001	81000000	4803
A12	80800001	81800000	3354
A12	81600001	82600000	4663
A12	82400001	83400000	4487
A12	83200001	84200000	2827
A12	84000001	85000000	2449
A12	84800001	85800000	2384
A12	85600001	86600000	2479
A12	86400001	87400000	2242
A12	87200001	87484866	541
A13	1	1000000	4744
A13	800001	1800000	4911
A13	1600001	2600000	5526
A13	2400001	3400000	4635
A13	3200001	4200000	4944
A13	4000001	5000000	6979
A13	4800001	5800000	6665
A13	5600001	6600000	8875
A13	6400001	7400000	10005
A13	7200001	8200000	8607
A13	8000001	9000000	10118
A13	8800001	9800000	9765
A13	9600001	10600000	10321
A13	10400001	11400000	7177
A13	11200001	12200000	9091
A13	12000001	13000000	10637
A13	12800001	13800000	9379
A13	13600001	14600000	9013
A13	14400001	15400000	11527
A13	15200001	16200000	9769
A13	16000001	17000000	9095
A13	16800001	17800000	10046
A13	17600001	18600000	10243
A13	18400001	19400000	10865
A13	19200001	20200000	9069
A13	20000001	21000000	9804
A13	20800001	21800000	9966
A13	21600001	22600000	9229
A13	22400001	23400000	10308
A13	23200001	24200000	9527
A13	24000001	25000000	8457
A13	24800001	25800000	10273
A13	25600001	26600000	10384
A13	26400001	27400000	10890
A13	27200001	28200000	9258
A13	28000001	29000000	9003
A13	28800001	29800000	10138
A13	29600001	30600000	9372
A13	30400001	31400000	9850
A13	31200001	32200000	11050
A13	32000001	33000000	8257
A13	32800001	33800000	9029
A13	33600001	34600000	7071
A13	34400001	35400000	7201
A13	35200001	36200000	9557
A13	36000001	37000000	9365
A13	36800001	37800000	9206
A13	37600001	38600000	10264
A13	38400001	39400000	10126
A13	39200001	40200000	9841
A13	40000001	41000000	10866
A13	40800001	41800000	11185
A13	41600001	42600000	8650
A13	42400001	43400000	9628
A13	43200001	44200000	10207
A13	44000001	45000000	9949
A13	44800001	45800000	11297
A13	45600001	46600000	11088
A13	46400001	47400000	11655
A13	47200001	48200000	10578
A13	48000001	49000000	9690
A13	48800001	49800000	10474
A13	49600001	50600000	8554
A13	50400001	51400000	9016
A13	51200001	52200000	8130
A13	52000001	53000000	10139
A13	52800001	53800000	10011
A13	53600001	54600000	12387
A13	54400001	55400000	10904
A13	55200001	56200000	12381
A13	56000001	57000000	10234
A13	56800001	57800000	11753
A13	57600001	58600000	11484
A13	58400001	59400000	9949
A13	59200001	60200000	8392
A13	60000001	61000000	7858
A13	60800001	61800000	7950
A13	61600001	62600000	11447
A13	62400001	63400000	10322
A13	63200001	64200000	8241
A13	64000001	65000000	8961
A13	64800001	65800000	8506
A13	65600001	66600000	10118
A13	66400001	67400000	9394
A13	67200001	68200000	8735
A13	68000001	69000000	8796
A13	68800001	69800000	11752
A13	69600001	70600000	9895
A13	70400001	71400000	8749
A13	71200001	72200000	9413
A13	72000001	73000000	8118
A13	72800001	73800000	4991
A13	73600001	74600000	7879
A13	74400001	75400000	5130
A13	75200001	76200000	4720
A13	76000001	77000000	3548
A13	76800001	77800000	5521
A13	77600001	78600000	3452
A13	78400001	79400000	2054
A13	79200001	79961121	1725
D01	1	1000000	2444
D01	800001	1800000	3209
D01	1600001	2600000	4106
D01	2400001	3400000	4866
D01	3200001	4200000	4730
D01	4000001	5000000	5369
D01	4800001	5800000	5146
D01	5600001	6600000	6917
D01	6400001	7400000	8855
D01	7200001	8200000	8155
D01	8000001	9000000	6258
D01	8800001	9800000	6861
D01	9600001	10600000	7061
D01	10400001	11400000	8890
D01	11200001	12200000	10898
D01	12000001	13000000	10018
D01	12800001	13800000	9175
D01	13600001	14600000	6699
D01	14400001	15400000	8479
D01	15200001	16200000	9253
D01	16000001	17000000	10622
D01	16800001	17800000	9761
D01	17600001	18600000	9836
D01	18400001	19400000	10474
D01	19200001	20200000	11072
D01	20000001	21000000	11585
D01	20800001	21800000	10459
D01	21600001	22600000	11078
D01	22400001	23400000	10740
D01	23200001	24200000	12064
D01	24000001	25000000	10006
D01	24800001	25800000	9283
D01	25600001	26600000	8972
D01	26400001	27400000	9521
D01	27200001	28200000	9232
D01	28000001	29000000	9343
D01	28800001	29800000	10296
D01	29600001	30600000	10695
D01	30400001	31400000	10780
D01	31200001	32200000	10122
D01	32000001	33000000	10053
D01	32800001	33800000	7925
D01	33600001	34600000	9625
D01	34400001	35400000	8729
D01	35200001	36200000	10375
D01	36000001	37000000	8817
D01	36800001	37800000	8665
D01	37600001	38600000	10284
D01	38400001	39400000	10582
D01	39200001	40200000	10430
D01	40000001	41000000	9251
D01	40800001	41800000	10242
D01	41600001	42600000	8689
D01	42400001	43400000	11431
D01	43200001	44200000	11246
D01	44000001	45000000	11103
D01	44800001	45800000	9998
D01	45600001	46600000	9841
D01	46400001	47400000	9809
D01	47200001	48200000	10480
D01	48000001	49000000	11647
D01	48800001	49800000	10462
D01	49600001	50600000	9077
D01	50400001	51400000	10297
D01	51200001	52200000	9609
D01	52000001	53000000	9320
D01	52800001	53800000	8258
D01	53600001	54600000	8701
D01	54400001	55400000	8030
D01	55200001	56200000	7970
D01	56000001	57000000	7391
D01	56800001	57800000	5937
D01	57600001	58600000	6721
D01	58400001	59400000	6361
D01	59200001	60200000	5127
D01	60000001	61000000	3843
D01	60800001	61456009	1751
D02	1	1000000	2639
D02	800001	1800000	3199
D02	1600001	2600000	5128
D02	2400001	3400000	3958
D02	3200001	4200000	4015
D02	4000001	5000000	3428
D02	4800001	5800000	5205
D02	5600001	6600000	5664
D02	6400001	7400000	4011
D02	7200001	8200000	7074
D02	8000001	9000000	7251
D02	8800001	9800000	9144
D02	9600001	10600000	7880
D02	10400001	11400000	8702
D02	11200001	12200000	8240
D02	12000001	13000000	9897
D02	12800001	13800000	8719
D02	13600001	14600000	9805
D02	14400001	15400000	10880
D02	15200001	16200000	10420
D02	16000001	17000000	8406
D02	16800001	17800000	9247
D02	17600001	18600000	11146
D02	18400001	19400000	10922
D02	19200001	20200000	8638
D02	20000001	21000000	8657
D02	20800001	21800000	9810
D02	21600001	22600000	10173
D02	22400001	23400000	10995
D02	23200001	24200000	9760
D02	24000001	25000000	9833
D02	24800001	25800000	10056
D02	25600001	26600000	11420
D02	26400001	27400000	11658
D02	27200001	28200000	8806
D02	28000001	29000000	9911
D02	28800001	29800000	8844
D02	29600001	30600000	8703
D02	30400001	31400000	8260
D02	31200001	32200000	9182
D02	32000001	33000000	8976
D02	32800001	33800000	9310
D02	33600001	34600000	9429
D02	34400001	35400000	10522
D02	35200001	36200000	9764
D02	36000001	37000000	8404
D02	36800001	37800000	10216
D02	37600001	38600000	9432
D02	38400001	39400000	10767
D02	39200001	40200000	11203
D02	40000001	41000000	12640
D02	40800001	41800000	11140
D02	41600001	42600000	9324
D02	42400001	43400000	10388
D02	43200001	44200000	10503
D02	44000001	45000000	10603
D02	44800001	45800000	11068
D02	45600001	46600000	10447
D02	46400001	47400000	9785
D02	47200001	48200000	10900
D02	48000001	49000000	10359
D02	48800001	49800000	10806
D02	49600001	50600000	8695
D02	50400001	51400000	10715
D02	51200001	52200000	11679
D02	52000001	53000000	9890
D02	52800001	53800000	9194
D02	53600001	54600000	9656
D02	54400001	55400000	11056
D02	55200001	56200000	10702
D02	56000001	57000000	8913
D02	56800001	57800000	9347
D02	57600001	58600000	7613
D02	58400001	59400000	8556
D02	59200001	60200000	8445
D02	60000001	61000000	7065
D02	60800001	61800000	8560
D02	61600001	62600000	7795
D02	62400001	63400000	6198
D02	63200001	64200000	3104
D02	64000001	65000000	4147
D02	64800001	65800000	3396
D02	65600001	66600000	3227
D02	66400001	67400000	1996
D02	67200001	67284553	338
D03	1	1000000	2698
D03	800001	1800000	3999
D03	1600001	2600000	5553
D03	2400001	3400000	5681
D03	3200001	4200000	6459
D03	4000001	5000000	8152
D03	4800001	5800000	8000
D03	5600001	6600000	7923
D03	6400001	7400000	9464
D03	7200001	8200000	10615
D03	8000001	9000000	11139
D03	8800001	9800000	11356
D03	9600001	10600000	10013
D03	10400001	11400000	9731
D03	11200001	12200000	10634
D03	12000001	13000000	11949
D03	12800001	13800000	10073
D03	13600001	14600000	8575
D03	14400001	15400000	9820
D03	15200001	16200000	11373
D03	16000001	17000000	10336
D03	16800001	17800000	10279
D03	17600001	18600000	9840
D03	18400001	19400000	8353
D03	19200001	20200000	8843
D03	20000001	21000000	10137
D03	20800001	21800000	10035
D03	21600001	22600000	9710
D03	22400001	23400000	9189
D03	23200001	24200000	9252
D03	24000001	25000000	9923
D03	24800001	25800000	9827
D03	25600001	26600000	10154
D03	26400001	27400000	10443
D03	27200001	28200000	9664
D03	28000001	29000000	9990
D03	28800001	29800000	10464
D03	29600001	30600000	9777
D03	30400001	31400000	9136
D03	31200001	32200000	10757
D03	32000001	33000000	11029
D03	32800001	33800000	10110
D03	33600001	34600000	9431
D03	34400001	35400000	9060
D03	35200001	36200000	8739
D03	36000001	37000000	9221
D03	36800001	37800000	8277
D03	37600001	38600000	7468
D03	38400001	39400000	6200
D03	39200001	40200000	6983
D03	40000001	41000000	7489
D03	40800001	41800000	5995
D03	41600001	42600000	6144
D03	42400001	43400000	4148
D03	43200001	44200000	4064
D03	44000001	45000000	4834
D03	44800001	45800000	4192
D03	45600001	46600000	3154
D03	46400001	46690656	469
D04	1	1000000	4141
D04	800001	1800000	4815
D04	1600001	2600000	4257
D04	2400001	3400000	4457
D04	3200001	4200000	5391
D04	4000001	5000000	5117
D04	4800001	5800000	6923
D04	5600001	6600000	6032
D04	6400001	7400000	8464
D04	7200001	8200000	8981
D04	8000001	9000000	7962
D04	8800001	9800000	7616
D04	9600001	10600000	8170
D04	10400001	11400000	8596
D04	11200001	12200000	9973
D04	12000001	13000000	10842
D04	12800001	13800000	9994
D04	13600001	14600000	10101
D04	14400001	15400000	9679
D04	15200001	16200000	10700
D04	16000001	17000000	10725
D04	16800001	17800000	9295
D04	17600001	18600000	10724
D04	18400001	19400000	10367
D04	19200001	20200000	9236
D04	20000001	21000000	9264
D04	20800001	21800000	7391
D04	21600001	22600000	9782
D04	22400001	23400000	9237
D04	23200001	24200000	11408
D04	24000001	25000000	11243
D04	24800001	25800000	10387
D04	25600001	26600000	9999
D04	26400001	27400000	9200
D04	27200001	28200000	8036
D04	28000001	29000000	10298
D04	28800001	29800000	9961
D04	29600001	30600000	11390
D04	30400001	31400000	11173
D04	31200001	32200000	10880
D04	32000001	33000000	10049
D04	32800001	33800000	10836
D04	33600001	34600000	10531
D04	34400001	35400000	10064
D04	35200001	36200000	10749
D04	36000001	37000000	9682
D04	36800001	37800000	9043
D04	37600001	38600000	10008
D04	38400001	39400000	10251
D04	39200001	40200000	11552
D04	40000001	41000000	10471
D04	40800001	41800000	10062
D04	41600001	42600000	8078
D04	42400001	43400000	8060
D04	43200001	44200000	9242
D04	44000001	45000000	5907
D04	44800001	45800000	8328
D04	45600001	46600000	8119
D04	46400001	47400000	5155
D04	47200001	48200000	4962
D04	48000001	49000000	3653
D04	48800001	49800000	4148
D04	49600001	50600000	3721
D04	50400001	51400000	3614
D04	51200001	51454130	588
D05	1	1000000	2123
D05	800001	1800000	2181
D05	1600001	2600000	2236
D05	2400001	3400000	1810
D05	3200001	4200000	2246
D05	4000001	5000000	1967
D05	4800001	5800000	2221
D05	5600001	6600000	2597
D05	6400001	7400000	1688
D05	7200001	8200000	2249
D05	8000001	9000000	1862
D05	8800001	9800000	2120
D05	9600001	10600000	2651
D05	10400001	11400000	1750
D05	11200001	12200000	1767
D05	12000001	13000000	1843
D05	12800001	13800000	2824
D05	13600001	14600000	3916
D05	14400001	15400000	3214
D05	15200001	16200000	2854
D05	16000001	17000000	2786
D05	16800001	17800000	2308
D05	17600001	18600000	3096
D05	18400001	19400000	3045
D05	19200001	20200000	3745
D05	20000001	21000000	4739
D05	20800001	21800000	3109
D05	21600001	22600000	4692
D05	22400001	23400000	5035
D05	23200001	24200000	4353
D05	24000001	25000000	4787
D05	24800001	25800000	5329
D05	25600001	26600000	5001
D05	26400001	27400000	6138
D05	27200001	28200000	6147
D05	28000001	29000000	7067
D05	28800001	29800000	8074
D05	29600001	30600000	9037
D05	30400001	31400000	9171
D05	31200001	32200000	6494
D05	32000001	33000000	7685
D05	32800001	33800000	8826
D05	33600001	34600000	10751
D05	34400001	35400000	10117
D05	35200001	36200000	10168
D05	36000001	37000000	8812
D05	36800001	37800000	9316
D05	37600001	38600000	9602
D05	38400001	39400000	9589
D05	39200001	40200000	7395
D05	40000001	41000000	8542
D05	40800001	41800000	10696
D05	41600001	42600000	11649
D05	42400001	43400000	10489
D05	43200001	44200000	10624
D05	44000001	45000000	10511
D05	44800001	45800000	10615
D05	45600001	46600000	9816
D05	46400001	47400000	11158
D05	47200001	48200000	9657
D05	48000001	49000000	8617
D05	48800001	49800000	9712
D05	49600001	50600000	9432
D05	50400001	51400000	7539
D05	51200001	52200000	9901
D05	52000001	53000000	7825
D05	52800001	53800000	5216
D05	53600001	54600000	7410
D05	54400001	55400000	7940
D05	55200001	56200000	7383
D05	56000001	57000000	9835
D05	56800001	57800000	6763
D05	57600001	58600000	8122
D05	58400001	59400000	8390
D05	59200001	60200000	3695
D05	60000001	61000000	6714
D05	60800001	61800000	6639
D05	61600001	61933047	1313
D06	1	1000000	3308
D06	800001	1800000	3798
D06	1600001	2600000	2816
D06	2400001	3400000	3135
D06	3200001	4200000	7908
D06	4000001	5000000	10911
D06	4800001	5800000	6979
D06	5600001	6600000	6598
D06	6400001	7400000	7932
D06	7200001	8200000	8753
D06	8000001	9000000	6019
D06	8800001	9800000	8373
D06	9600001	10600000	9814
D06	10400001	11400000	8456
D06	11200001	12200000	8918
D06	12000001	13000000	9271
D06	12800001	13800000	9308
D06	13600001	14600000	9423
D06	14400001	15400000	10180
D06	15200001	16200000	10313
D06	16000001	17000000	9473
D06	16800001	17800000	8706
D06	17600001	18600000	10912
D06	18400001	19400000	8709
D06	19200001	20200000	8492
D06	20000001	21000000	9706
D06	20800001	21800000	9897
D06	21600001	22600000	9641
D06	22400001	23400000	10076
D06	23200001	24200000	7722
D06	24000001	25000000	9902
D06	24800001	25800000	9721
D06	25600001	26600000	11643
D06	26400001	27400000	9756
D06	27200001	28200000	9546
D06	28000001	29000000	9320
D06	28800001	29800000	9574
D06	29600001	30600000	11003
D06	30400001	31400000	11018
D06	31200001	32200000	10744
D06	32000001	33000000	9452
D06	32800001	33800000	8180
D06	33600001	34600000	9286
D06	34400001	35400000	7230
D06	35200001	36200000	9185
D06	36000001	37000000	11850
D06	36800001	37800000	9399
D06	37600001	38600000	8494
D06	38400001	39400000	8341
D06	39200001	40200000	10384
D06	40000001	41000000	8139
D06	40800001	41800000	9717
D06	41600001	42600000	10247
D06	42400001	43400000	9799
D06	43200001	44200000	9921
D06	44000001	45000000	10721
D06	44800001	45800000	10735
D06	45600001	46600000	9911
D06	46400001	47400000	10687
D06	47200001	48200000	11503
D06	48000001	49000000	10603
D06	48800001	49800000	10341
D06	49600001	50600000	10183
D06	50400001	51400000	8891
D06	51200001	52200000	10143
D06	52000001	53000000	10259
D06	52800001	53800000	9769
D06	53600001	54600000	8945
D06	54400001	55400000	9081
D06	55200001	56200000	7427
D06	56000001	57000000	7729
D06	56800001	57800000	7654
D06	57600001	58600000	7826
D06	58400001	59400000	6132
D06	59200001	60200000	5078
D06	60000001	61000000	6069
D06	60800001	61800000	6365
D06	61600001	62600000	5469
D06	62400001	63400000	4439
D06	63200001	64200000	3604
D06	64000001	64294643	534
D07	1	1000000	2608
D07	800001	1800000	2420
D07	1600001	2600000	3397
D07	2400001	3400000	3152
D07	3200001	4200000	3830
D07	4000001	5000000	3609
D07	4800001	5800000	4869
D07	5600001	6600000	4463
D07	6400001	7400000	5145
D07	7200001	8200000	4721
D07	8000001	9000000	5409
D07	8800001	9800000	6255
D07	9600001	10600000	6821
D07	10400001	11400000	5513
D07	11200001	12200000	7359
D07	12000001	13000000	8138
D07	12800001	13800000	8574
D07	13600001	14600000	9952
D07	14400001	15400000	7417
D07	15200001	16200000	8548
D07	16000001	17000000	8407
D07	16800001	17800000	9025
D07	17600001	18600000	8729
D07	18400001	19400000	7235
D07	19200001	20200000	6994
D07	20000001	21000000	8736
D07	20800001	21800000	9005
D07	21600001	22600000	8769
D07	22400001	23400000	9687
D07	23200001	24200000	9759
D07	24000001	25000000	9505
D07	24800001	25800000	9852
D07	25600001	26600000	10382
D07	26400001	27400000	10000
D07	27200001	28200000	9249
D07	28000001	29000000	12319
D07	28800001	29800000	9787
D07	29600001	30600000	10210
D07	30400001	31400000	9055
D07	31200001	32200000	9327
D07	32000001	33000000	8624
D07	32800001	33800000	9706
D07	33600001	34600000	9428
D07	34400001	35400000	9641
D07	35200001	36200000	9042
D07	36000001	37000000	8984
D07	36800001	37800000	10356
D07	37600001	38600000	8744
D07	38400001	39400000	7331
D07	39200001	40200000	7377
D07	40000001	41000000	10236
D07	40800001	41800000	11131
D07	41600001	42600000	9378
D07	42400001	43400000	8477
D07	43200001	44200000	10231
D07	44000001	45000000	7949
D07	44800001	45800000	8391
D07	45600001	46600000	9307
D07	46400001	47400000	10968
D07	47200001	48200000	10521
D07	48000001	49000000	8863
D07	48800001	49800000	7464
D07	49600001	50600000	5601
D07	50400001	51400000	7446
D07	51200001	52200000	5049
D07	52000001	53000000	5942
D07	52800001	53800000	6139
D07	53600001	54600000	4847
D07	54400001	55400000	5054
D07	55200001	55312611	1070
D08	1	1000000	3642
D08	800001	1800000	3466
D08	1600001	2600000	3978
D08	2400001	3400000	4656
D08	3200001	4200000	4913
D08	4000001	5000000	5564
D08	4800001	5800000	4948
D08	5600001	6600000	6925
D08	6400001	7400000	8153
D08	7200001	8200000	8146
D08	8000001	9000000	9079
D08	8800001	9800000	8546
D08	9600001	10600000	8936
D08	10400001	11400000	10624
D08	11200001	12200000	9891
D08	12000001	13000000	10134
D08	12800001	13800000	12082
D08	13600001	14600000	11626
D08	14400001	15400000	11401
D08	15200001	16200000	11224
D08	16000001	17000000	10262
D08	16800001	17800000	10933
D08	17600001	18600000	10870
D08	18400001	19400000	10219
D08	19200001	20200000	10368
D08	20000001	21000000	9793
D08	20800001	21800000	8606
D08	21600001	22600000	10176
D08	22400001	23400000	8794
D08	23200001	24200000	9385
D08	24000001	25000000	8924
D08	24800001	25800000	8701
D08	25600001	26600000	5867
D08	26400001	27400000	7868
D08	27200001	28200000	7768
D08	28000001	29000000	7713
D08	28800001	29800000	9400
D08	29600001	30600000	9247
D08	30400001	31400000	9423
D08	31200001	32200000	11223
D08	32000001	33000000	10036
D08	32800001	33800000	10261
D08	33600001	34600000	9957
D08	34400001	35400000	10058
D08	35200001	36200000	10018
D08	36000001	37000000	9641
D08	36800001	37800000	10800
D08	37600001	38600000	10435
D08	38400001	39400000	9740
D08	39200001	40200000	11188
D08	40000001	41000000	10792
D08	40800001	41800000	10610
D08	41600001	42600000	9792
D08	42400001	43400000	10731
D08	43200001	44200000	9500
D08	44000001	45000000	9783
D08	44800001	45800000	10747
D08	45600001	46600000	10577
D08	46400001	47400000	8256
D08	47200001	48200000	7729
D08	48000001	49000000	8130
D08	48800001	49800000	7990
D08	49600001	50600000	6654
D08	50400001	51400000	7735
D08	51200001	52200000	9463
D08	52000001	53000000	8407
D08	52800001	53800000	5922
D08	53600001	54600000	7365
D08	54400001	55400000	7597
D08	55200001	56200000	10231
D08	56000001	57000000	8253
D08	56800001	57800000	7348
D08	57600001	58600000	5238
D08	58400001	59400000	5155
D08	59200001	60200000	3300
D08	60000001	61000000	5393
D08	60800001	61800000	5499
D08	61600001	62600000	5168
D08	62400001	63400000	4260
D08	63200001	64200000	2688
D08	64000001	65000000	2552
D08	64800001	65800000	2612
D08	65600001	65894135	595
D09	1	1000000	7973
D09	800001	1800000	7355
D09	1600001	2600000	6844
D09	2400001	3400000	8130
D09	3200001	4200000	8867
D09	4000001	5000000	9116
D09	4800001	5800000	9595
D09	5600001	6600000	8388
D09	6400001	7400000	9402
D09	7200001	8200000	7077
D09	8000001	9000000	8201
D09	8800001	9800000	10324
D09	9600001	10600000	10224
D09	10400001	11400000	8514
D09	11200001	12200000	9489
D09	12000001	13000000	9922
D09	12800001	13800000	10830
D09	13600001	14600000	9778
D09	14400001	15400000	11244
D09	15200001	16200000	7062
D09	16000001	17000000	7786
D09	16800001	17800000	9540
D09	17600001	18600000	9104
D09	18400001	19400000	9802
D09	19200001	20200000	8311
D09	20000001	21000000	10393
D09	20800001	21800000	10209
D09	21600001	22600000	9908
D09	22400001	23400000	10911
D09	23200001	24200000	9374
D09	24000001	25000000	10702
D09	24800001	25800000	9432
D09	25600001	26600000	9562
D09	26400001	27400000	11186
D09	27200001	28200000	9717
D09	28000001	29000000	8958
D09	28800001	29800000	8365
D09	29600001	30600000	9264
D09	30400001	31400000	7500
D09	31200001	32200000	6748
D09	32000001	33000000	5591
D09	32800001	33800000	5824
D09	33600001	34600000	5809
D09	34400001	35400000	6362
D09	35200001	36200000	5258
D09	36000001	37000000	4411
D09	36800001	37800000	4758
D09	37600001	38600000	3964
D09	38400001	39400000	4068
D09	39200001	40200000	4205
D09	40000001	41000000	5304
D09	40800001	41800000	4785
D09	41600001	42600000	2725
D09	42400001	43400000	3480
D09	43200001	44200000	3538
D09	44000001	45000000	4210
D09	44800001	45800000	4288
D09	45600001	46600000	2896
D09	46400001	47400000	2682
D09	47200001	48200000	1657
D09	48000001	49000000	2083
D09	48800001	49800000	2400
D09	49600001	50600000	2807
D09	50400001	50995436	946
D10	1	1000000	2079
D10	800001	1800000	2324
D10	1600001	2600000	2905
D10	2400001	3400000	2895
D10	3200001	4200000	3459
D10	4000001	5000000	3370
D10	4800001	5800000	4832
D10	5600001	6600000	6798
D10	6400001	7400000	6713
D10	7200001	8200000	6067
D10	8000001	9000000	6164
D10	8800001	9800000	8125
D10	9600001	10600000	6687
D10	10400001	11400000	8383
D10	11200001	12200000	8362
D10	12000001	13000000	7474
D10	12800001	13800000	8616
D10	13600001	14600000	9482
D10	14400001	15400000	10002
D10	15200001	16200000	9284
D10	16000001	17000000	9227
D10	16800001	17800000	9421
D10	17600001	18600000	9445
D10	18400001	19400000	11787
D10	19200001	20200000	9662
D10	20000001	21000000	7902
D10	20800001	21800000	9804
D10	21600001	22600000	7724
D10	22400001	23400000	8127
D10	23200001	24200000	10071
D10	24000001	25000000	9025
D10	24800001	25800000	8289
D10	25600001	26600000	9675
D10	26400001	27400000	9436
D10	27200001	28200000	10397
D10	28000001	29000000	11460
D10	28800001	29800000	11295
D10	29600001	30600000	10034
D10	30400001	31400000	11097
D10	31200001	32200000	10312
D10	32000001	33000000	9178
D10	32800001	33800000	10289
D10	33600001	34600000	9738
D10	34400001	35400000	8938
D10	35200001	36200000	9347
D10	36000001	37000000	10533
D10	36800001	37800000	8905
D10	37600001	38600000	7613
D10	38400001	39400000	9874
D10	39200001	40200000	9330
D10	40000001	41000000	10178
D10	40800001	41800000	10689
D10	41600001	42600000	10165
D10	42400001	43400000	9754
D10	43200001	44200000	9878
D10	44000001	45000000	8957
D10	44800001	45800000	8705
D10	45600001	46600000	10324
D10	46400001	47400000	10518
D10	47200001	48200000	11185
D10	48000001	49000000	9130
D10	48800001	49800000	9625
D10	49600001	50600000	9046
D10	50400001	51400000	8245
D10	51200001	52200000	8215
D10	52000001	53000000	9161
D10	52800001	53800000	7092
D10	53600001	54600000	7402
D10	54400001	55400000	7737
D10	55200001	56200000	5354
D10	56000001	57000000	7064
D10	56800001	57800000	5476
D10	57600001	58600000	5039
D10	58400001	59400000	7928
D10	59200001	60200000	5315
D10	60000001	61000000	5154
D10	60800001	61800000	5378
D10	61600001	62600000	3599
D10	62400001	63400000	2343
D10	63200001	63374666	294
D11	1	1000000	3087
D11	800001	1800000	2693
D11	1600001	2600000	1972
D11	2400001	3400000	2103
D11	3200001	4200000	2478
D11	4000001	5000000	2645
D11	4800001	5800000	1616
D11	5600001	6600000	3128
D11	6400001	7400000	4353
D11	7200001	8200000	3741
D11	8000001	9000000	3937
D11	8800001	9800000	5104
D11	9600001	10600000	5166
D11	10400001	11400000	5980
D11	11200001	12200000	5487
D11	12000001	13000000	5300
D11	12800001	13800000	4873
D11	13600001	14600000	5479
D11	14400001	15400000	5521
D11	15200001	16200000	6156
D11	16000001	17000000	7175
D11	16800001	17800000	7811
D11	17600001	18600000	7773
D11	18400001	19400000	6110
D11	19200001	20200000	8319
D11	20000001	21000000	9034
D11	20800001	21800000	7660
D11	21600001	22600000	8523
D11	22400001	23400000	9137
D11	23200001	24200000	9026
D11	24000001	25000000	9417
D11	24800001	25800000	9898
D11	25600001	26600000	9538
D11	26400001	27400000	10786
D11	27200001	28200000	9219
D11	28000001	29000000	9250
D11	28800001	29800000	11429
D11	29600001	30600000	9869
D11	30400001	31400000	9923
D11	31200001	32200000	10645
D11	32000001	33000000	10583
D11	32800001	33800000	10244
D11	33600001	34600000	10471
D11	34400001	35400000	10074
D11	35200001	36200000	9655
D11	36000001	37000000	9783
D11	36800001	37800000	10029
D11	37600001	38600000	10912
D11	38400001	39400000	11193
D11	39200001	40200000	8436
D11	40000001	41000000	8256
D11	40800001	41800000	9942
D11	41600001	42600000	11020
D11	42400001	43400000	9611
D11	43200001	44200000	10585
D11	44000001	45000000	11391
D11	44800001	45800000	11564
D11	45600001	46600000	10312
D11	46400001	47400000	9583
D11	47200001	48200000	7922
D11	48000001	49000000	8014
D11	48800001	49800000	8611
D11	49600001	50600000	9259
D11	50400001	51400000	10373
D11	51200001	52200000	9955
D11	52000001	53000000	6887
D11	52800001	53800000	7147
D11	53600001	54600000	7067
D11	54400001	55400000	7345
D11	55200001	56200000	7791
D11	56000001	57000000	7563
D11	56800001	57800000	6786
D11	57600001	58600000	3651
D11	58400001	59400000	5713
D11	59200001	60200000	4742
D11	60000001	61000000	4291
D11	60800001	61800000	5188
D11	61600001	62600000	6046
D11	62400001	63400000	4121
D11	63200001	64200000	5040
D11	64000001	65000000	3571
D11	64800001	65800000	2881
D11	65600001	66087774	1125
D12	1	1000000	4777
D12	800001	1800000	4560
D12	1600001	2600000	4741
D12	2400001	3400000	5646
D12	3200001	4200000	5696
D12	4000001	5000000	8111
D12	4800001	5800000	8120
D12	5600001	6600000	6786
D12	6400001	7400000	7364
D12	7200001	8200000	8385
D12	8000001	9000000	8558
D12	8800001	9800000	10710
D12	9600001	10600000	9298
D12	10400001	11400000	8717
D12	11200001	12200000	8648
D12	12000001	13000000	10136
D12	12800001	13800000	11196
D12	13600001	14600000	10307
D12	14400001	15400000	9911
D12	15200001	16200000	10731
D12	16000001	17000000	10899
D12	16800001	17800000	10566
D12	17600001	18600000	10281
D12	18400001	19400000	9868
D12	19200001	20200000	9482
D12	20000001	21000000	10540
D12	20800001	21800000	10424
D12	21600001	22600000	9850
D12	22400001	23400000	9155
D12	23200001	24200000	7881
D12	24000001	25000000	10351
D12	24800001	25800000	9600
D12	25600001	26600000	11145
D12	26400001	27400000	11209
D12	27200001	28200000	10153
D12	28000001	29000000	8365
D12	28800001	29800000	10335
D12	29600001	30600000	10129
D12	30400001	31400000	10354
D12	31200001	32200000	9762
D12	32000001	33000000	10389
D12	32800001	33800000	9225
D12	33600001	34600000	10301
D12	34400001	35400000	8249
D12	35200001	36200000	7647
D12	36000001	37000000	8329
D12	36800001	37800000	7267
D12	37600001	38600000	8140
D12	38400001	39400000	9189
D12	39200001	40200000	6648
D12	40000001	41000000	7920
D12	40800001	41800000	7742
D12	41600001	42600000	7675
D12	42400001	43400000	7195
D12	43200001	44200000	6324
D12	44000001	45000000	6811
D12	44800001	45800000	7249
D12	45600001	46600000	7324
D12	46400001	47400000	5699
D12	47200001	48200000	5229
D12	48000001	49000000	6897
D12	48800001	49800000	5994
D12	49600001	50600000	4520
D12	50400001	51400000	5796
D12	51200001	52200000	5673
D12	52000001	53000000	5005
D12	52800001	53800000	4084
D12	53600001	54600000	3665
D12	54400001	55400000	5073
D12	55200001	56200000	3331
D12	56000001	57000000	3325
D12	56800001	57800000	2755
D12	57600001	58600000	2582
D12	58400001	59109837	1946
D13	1	1000000	2599
D13	800001	1800000	3786
D13	1600001	2600000	4037
D13	2400001	3400000	4207
D13	3200001	4200000	5680
D13	4000001	5000000	5450
D13	4800001	5800000	5539
D13	5600001	6600000	9892
D13	6400001	7400000	10368
D13	7200001	8200000	8519
D13	8000001	9000000	8190
D13	8800001	9800000	10001
D13	9600001	10600000	10791
D13	10400001	11400000	7987
D13	11200001	12200000	9443
D13	12000001	13000000	10675
D13	12800001	13800000	11281
D13	13600001	14600000	11334
D13	14400001	15400000	10035
D13	15200001	16200000	10132
D13	16000001	17000000	9589
D13	16800001	17800000	9869
D13	17600001	18600000	11365
D13	18400001	19400000	10267
D13	19200001	20200000	10089
D13	20000001	21000000	10739
D13	20800001	21800000	9018
D13	21600001	22600000	9540
D13	22400001	23400000	7960
D13	23200001	24200000	6599
D13	24000001	25000000	10963
D13	24800001	25800000	10195
D13	25600001	26600000	7368
D13	26400001	27400000	9165
D13	27200001	28200000	10566
D13	28000001	29000000	7582
D13	28800001	29800000	10721
D13	29600001	30600000	9325
D13	30400001	31400000	9233
D13	31200001	32200000	10370
D13	32000001	33000000	11124
D13	32800001	33800000	10732
D13	33600001	34600000	9800
D13	34400001	35400000	10385
D13	35200001	36200000	10354
D13	36000001	37000000	10771
D13	36800001	37800000	10234
D13	37600001	38600000	10005
D13	38400001	39400000	8986
D13	39200001	40200000	10098
D13	40000001	41000000	11064
D13	40800001	41800000	9668
D13	41600001	42600000	8491
D13	42400001	43400000	8365
D13	43200001	44200000	9257
D13	44000001	45000000	10596
D13	44800001	45800000	8633
D13	45600001	46600000	8488
D13	46400001	47400000	9183
D13	47200001	48200000	7433
D13	48000001	49000000	8596
D13	48800001	49800000	9057
D13	49600001	50600000	7755
D13	50400001	51400000	8001
D13	51200001	52200000	8047
D13	52000001	53000000	6912
D13	52800001	53800000	4989
D13	53600001	54600000	7107
D13	54400001	55400000	5285
D13	55200001	56200000	5919
D13	56000001	57000000	4526
D13	56800001	57800000	3029
D13	57600001	58600000	2855
D13	58400001	59400000	4153
D13	59200001	60200000	5107
D13	60000001	60534298	1427
